1 0.427595 0.5553899999999999 0.4312133333333334 0.5614199999999999 0.4362383333333333 0.5639824999999999 0.4443783333333333 0.5669974999999999 0.44819666666666663 0.5728775 0.4464883333333333 0.582225 0.4433733333333333 0.5899125000000001 0.43915333333333334 0.59745 0.43463 0.6021224999999999 0.42729333333333336 0.6042325 0.4217666666666667 0.6025750000000001 0.4180483333333333 0.59368 0.41819999999999996 0.58515 0.4230666666666667 0.5691499999999999 0.4262883333333333 0.5567475
3 0.6057916666666666 0.48570749999999996 0.6024416666666667 0.49060750000000003 0.600265 0.49701249999999997 0.5993433333333333 0.4996525 0.6016883333333334 0.5019125 0.603865 0.5046775 0.6064616666666667 0.50631 0.6111516666666666 0.506185 0.6158416666666667 0.5040475 0.61936 0.50116 0.6204483333333334 0.5000275 0.6206999999999999 0.496135 0.623045 0.49035500000000004 0.6243000000000001 0.48646 0.621035 0.483195 0.6165116666666667 0.480055 0.6144183333333334 0.4787975 0.6120733333333334 0.4793 0.609225 0.4816875
3 0.37526 0.53684 0.372245 0.5399149999999999 0.3717616666666667 0.548055 0.3715216666666667 0.5556525 0.37405333333333335 0.5616224999999999 0.3776716666666667 0.564155 0.38153 0.5656025 0.38550999999999996 0.5636125 0.38960999999999996 0.5592725000000001 0.3958816666666667 0.5556525 0.39938 0.5536625000000001 0.40456499999999995 0.55095 0.40769999999999995 0.5446175 0.406615 0.5408200000000001 0.40143 0.5382875 0.3958816666666667 0.53883 0.3932283333333333 0.5373825000000001 0.3892483333333333 0.5334025 0.386595 0.531595 0.38261666666666666 0.5321375 0.37670666666666663 0.53485
3 0.45135666666666663 0.5869475 0.450755 0.58948 0.4546133333333333 0.6059425 0.4585933333333333 0.60956 0.4665533333333334 0.614265 0.47752666666666665 0.610465 0.4834366666666666 0.604135 0.4919983333333333 0.5938225 0.49235999999999996 0.5896625 0.49344666666666664 0.5771799999999999 0.4933 0.5725750000000001 0.49063333333333337 0.5701499999999999 0.4834 0.570175 0.4799666666666667 0.573625 0.4792166666666667 0.5757000000000001 0.47781666666666667 0.57565 0.47636666666666666 0.5728 0.47431666666666666 0.571225 0.47029166666666666 0.5732 0.46788 0.5744675 0.4642616666666667 0.5768175 0.46100500000000005 0.5768175 0.45847166666666667 0.5775425000000001 0.45208 0.58297
3 0.53746 0.55999 0.5367566666666667 0.56436 0.53535 0.5749125 0.5349483333333334 0.5866725 0.53736 0.59466 0.5439933333333333 0.6070225 0.552335 0.61863 0.56148 0.619835 0.56751 0.6163675 0.5731383333333333 0.609435 0.5773583333333333 0.6000875 0.5789666666666667 0.59225 0.5783633333333333 0.5865199999999999 0.5792683333333334 0.5803400000000001 0.5779616666666667 0.5718975000000001 0.5774583333333333 0.567225 0.572635 0.55833 0.5673083333333333 0.5560700000000001 0.5630883333333334 0.557425 0.5598716666666667 0.5547124999999999 0.55545 0.5535075 0.5520333333333333 0.5538075 0.5499216666666668 0.5515475 0.5460033333333333 0.5504924999999999 0.5427866666666666 0.5518474999999999 0.5390683333333333 0.5545625
3 0.5792683333333334 0.5895349999999999 0.580675 0.5908925 0.5844933333333333 0.59029 0.5883133333333334 0.591645 0.5936400000000001 0.5972225 0.59997 0.6052124999999999 0.6057 0.605665 0.6097183333333334 0.59873 0.6182616666666667 0.5871225 0.61786 0.5835049999999999 0.612935 0.5756675 0.6085133333333334 0.57235 0.6020816666666666 0.57024 0.6005733333333333 0.5697875 0.5985633333333333 0.5705399999999999 0.5960516666666666 0.569485 0.5925333333333334 0.567075 0.5893183333333333 0.567075 0.5858 0.5687325 0.5835899999999999 0.569485 0.57957 0.5687325 0.57766 0.5691849999999999 0.5793683333333334 0.5807925 0.578665 0.5866725
3 0.6182616666666667 0.52788 0.6140399999999999 0.53406 0.6085133333333334 0.5495875 0.6065033333333333 0.5648125 0.6071066666666667 0.571295 0.61002 0.57416 0.6175583333333333 0.58215 0.622885 0.5857675 0.6298183333333333 0.5881775 0.636955 0.5892350000000001 0.6427833333333333 0.585465 0.647305 0.5758175 0.6488133333333334 0.569335 0.6466016666666667 0.5627025 0.6426833333333333 0.5494375 0.6426833333333333 0.5397875 0.6415766666666667 0.5346625 0.6375566666666667 0.5245625 0.6356483333333333 0.5230549999999999 0.6269049999999999 0.5217 0.6204733333333333 0.5235075
0 0.3816566666666667 0.4782975 0.38507499999999995 0.4883975 0.38869166666666666 0.493525 0.39502333333333334 0.49895 0.39924499999999996 0.5022675 0.40416833333333335 0.501815 0.41563333333333335 0.4997 0.41602833333333333 0.4951825 0.4132133333333334 0.49081 0.4086916666666667 0.49095999999999995 0.40306333333333333 0.49081 0.39663166666666666 0.4861375 0.393215 0.4799575 0.38839 0.479655 0.38497333333333333 0.47664
3 0.41252 0.4864875 0.415535 0.49327 0.4213983333333333 0.50043 0.4270933333333333 0.50533 0.4338766666666667 0.5047024999999999 0.437645 0.50131 0.437645 0.4979175 0.44392666666666664 0.4965375 0.4501233333333333 0.4959075 0.4526366666666667 0.49327 0.4515466666666667 0.48410000000000003 0.4428383333333334 0.48322000000000004 0.43463 0.48008 0.4231566666666667 0.476185 0.418885 0.4764375 0.41469833333333334 0.477945 0.4123533333333333 0.48096
3 0.49430666666666667 0.56938 0.4934016666666666 0.5758624999999999 0.4934016666666666 0.58762 0.494205 0.598475 0.5005366666666666 0.6135499999999999 0.5087783333333333 0.6219925 0.5146066666666667 0.6219925 0.5227466666666667 0.6174700000000001 0.5274716666666667 0.6081224999999999 0.532295 0.5989275000000001 0.5341533333333334 0.5926699999999999 0.5343249999999999 0.5866399999999999 0.532475 0.5735875 0.52946 0.5617675000000001 0.5245666666666667 0.55555 0.5216166666666666 0.555775 0.5181549999999999 0.557245 0.5145566666666667 0.5608925 0.5137033333333333 0.56317 0.5127783333333333 0.56329 0.51075 0.56135 0.5079166666666667 0.5608 0.5049383333333334 0.5630499999999999 0.5038833333333333 0.564195 0.5024766666666667 0.5648725 0.49972333333333335 0.56445 0.49791499999999994 0.5656575 0.4964966666666667 0.5668025 0.495 0.5677825000000001
3 0.6491166666666667 0.5675 0.6521333333333333 0.5583250000000001 0.663385 0.570075 0.6709233333333333 0.57339 0.6760483333333334 0.5679624999999999 0.6787616666666667 0.558315 0.6796666666666666 0.543995 0.6799683333333333 0.5372100000000001 0.6775566666666667 0.5314825 0.6680083333333333 0.5295225 0.66228 0.5325375 0.655145 0.5316325000000001 0.649315 0.531785 0.6438883333333333 0.53299 0.64218 0.5354025 0.6425816666666666 0.5391699999999999 0.6426833333333333 0.54927 0.6447933333333333 0.555
0 0.42633 0.5573975 0.424765 0.564945 0.42465166666666665 0.569305 0.4248766666666667 0.5734975 0.42711166666666667 0.5765175 0.4283416666666667 0.57962 0.42957166666666663 0.5822200000000001 0.4317516666666667 0.5852375 0.4323666666666666 0.5901025 0.4320316666666667 0.5930375 0.42918 0.596225 0.427615 0.5988225 0.42750333333333335 0.60092 0.4277266666666667 0.601675 0.429795 0.602095 0.4321433333333334 0.600835 0.43627999999999995 0.5953025 0.43851666666666667 0.5916950000000001 0.4400266666666666 0.589515 0.4401383333333333 0.5878375 0.43868500000000005 0.5850700000000001 0.4381816666666667 0.5823025000000001 0.43756666666666666 0.5787825 0.439355 0.5758475 0.4406966666666666 0.5734975 0.44092 0.5705625 0.438125 0.567965 0.4367833333333333 0.566035 0.43493833333333337 0.5669575 0.43348499999999995 0.57157 0.4329266666666667 0.5666224999999999 0.43152833333333335 0.563855 0.429795 0.561005 0.42795 0.558655 0.42733666666666664 0.5575650000000001
0 0.41931666666666667 0.5674225 0.41727833333333336 0.569605 0.4155316666666667 0.57213 0.41414166666666663 0.5745549999999999 0.413365 0.57572 0.41333166666666665 0.5764975 0.41475500000000004 0.5750425 0.4170533333333334 0.57208 0.4191233333333333 0.5697525000000001 0.4198666666666666 0.5688775 0.4199316666666667 0.5680525 0.419835 0.5677125
0 0.4035883333333334 0.56077 0.40314 0.5653825 0.40230166666666667 0.569155 0.40028833333333336 0.573515 0.4007366666666667 0.57863 0.4017983333333333 0.5824874999999999 0.40291666666666665 0.5853400000000001 0.4033083333333333 0.5861775 0.40493 0.585255 0.40655 0.5843325 0.4082283333333333 0.58316 0.40923333333333334 0.58098 0.4078366666666667 0.57947 0.40655 0.5795525 0.40571166666666664 0.5782125 0.40722166666666665 0.573515 0.408395 0.5685675 0.4067733333333333 0.569155 0.4069416666666667 0.5671425 0.40722166666666665 0.56513 0.40649499999999994 0.5632849999999999 0.40576833333333334 0.5634525 0.40481666666666666 0.5638725 0.40448166666666663 0.5622775 0.40442666666666666 0.561775
0 0.6428966666666667 0.5606325000000001 0.6420233333333333 0.5654625 0.640145 0.5703925000000001 0.6375966666666667 0.5734125 0.6355166666666666 0.57653 0.6347783333333333 0.57965 0.6347116666666667 0.581865 0.6361866666666667 0.5840775 0.63659 0.5862925 0.6399433333333333 0.5837775000000001 0.6423599999999999 0.5798525 0.6445733333333333 0.5752225 0.6459816666666667 0.5726074999999999 0.6468533333333333 0.5704925 0.6467866666666666 0.5677775 0.6451766666666666 0.5650599999999999 0.6443716666666667 0.564155 0.6437016666666667 0.56335
0 0.6725366666666667 0.5688 0.6704433333333333 0.56699 0.6676266666666667 0.5657825000000001 0.6649700000000001 0.5651775 0.6637616666666667 0.5656625000000001 0.664085 0.5673524999999999 0.6660166666666667 0.5692849999999999 0.6680283333333333 0.571095 0.6698000000000001 0.5714575 0.6717316666666666 0.5714575 0.6726983333333333 0.571215
0 0.672295 0.5572075 0.6726183333333333 0.5603475 0.6739866666666667 0.563245 0.675435 0.5655399999999999 0.6766433333333334 0.5639700000000001 0.6767233333333333 0.5620375 0.6767233333333333 0.5601075 0.67616 0.5592625 0.675515 0.558295 0.6740666666666667 0.55733 0.6734233333333334 0.5569675
1 0.6424933333333334 0.554695 0.6423599999999999 0.561035 0.6410183333333334 0.5658650000000001 0.639475 0.56999 0.636455 0.57321 0.633705 0.57784 0.6318933333333333 0.5815625 0.6298816666666667 0.58428 0.62854 0.5873999999999999 0.6360533333333334 0.58901 0.6427616666666667 0.5855874999999999 0.6472566666666667 0.5761275 0.6485316666666667 0.5695875 0.6428283333333333 0.55067
3 0.40902666666666665 0.541 0.40673499999999996 0.5482374999999999 0.40311833333333336 0.5558350000000001 0.400585 0.5684975 0.39974166666666666 0.5784475 0.39986166666666667 0.58713 0.40263499999999997 0.5885775 0.40986666666666666 0.58225 0.41891666666666666 0.5715725 0.42483333333333334 0.5625249999999999 0.4265133333333333 0.55511 0.4223 0.545875 0.42024333333333336 0.5391925 0.41698666666666667 0.5337649999999999 0.41361 0.533945 0.40963000000000005 0.5364774999999999
0 0.4150233333333333 0.4781475 0.41301333333333334 0.48086 0.41381666666666667 0.48674 0.419445 0.49262 0.419445 0.4953325 0.42175666666666667 0.497745 0.42426833333333336 0.49367500000000003 0.42457 0.489755 0.4258766666666667 0.4852325 0.4237666666666666 0.4819175 0.42426833333333336 0.47739499999999996 0.4232633333333333 0.4760375 0.419345 0.4761875
3 0.5307633333333334 0.4675125 0.525265 0.4774975 0.5222249999999999 0.48705000000000004 0.5213566666666667 0.4926925 0.52266 0.49595 0.5217916666666667 0.49877249999999995 0.5222249999999999 0.503765 0.52237 0.5113625 0.5239616666666667 0.5217825 0.5271466666666667 0.53155 0.5323566666666667 0.5356749999999999 0.5368416666666667 0.53611 0.5439333333333333 0.53524 0.5452366666666667 0.5337225 0.5472616666666666 0.5341549999999999 0.5491433333333333 0.5371950000000001 0.555945 0.5376275 0.5591283333333333 0.53611 0.5615883333333334 0.5339375 0.5701266666666667 0.53307 0.57457 0.5322025 0.5783333333333334 0.5269275 0.5824433333333333 0.5187425 0.5838616666666667 0.51273 0.5846133333333333 0.505435 0.5857866666666667 0.50166 0.5869433333333333 0.49378 0.585135 0.4836425 0.58127 0.4727875 0.5703016666666667 0.4601325 0.5647583333333334 0.4550525 0.56101 0.45379250000000004 0.5511266666666667 0.45741750000000003 0.5376233333333333 0.461565
3 0.45208666666666664 0.47302249999999996 0.451585 0.479655 0.45238833333333334 0.4912625 0.4546 0.50287 0.457715 0.5099549999999999 0.46123166666666665 0.515985 0.46444833333333335 0.5173424999999999 0.46897000000000005 0.5182475 0.47128166666666665 0.5212625000000001 0.47480000000000006 0.5242775000000001 0.47831666666666667 0.5245775 0.47972333333333333 0.5229199999999999 0.4815333333333333 0.524125 0.483945 0.52503 0.48706000000000005 0.52488 0.48897 0.5245775 0.49148166666666665 0.5263875 0.49479833333333334 0.5262374999999999 0.49982333333333334 0.5254825 0.5030399999999999 0.521865 0.5067583333333333 0.51267 0.508065 0.507695 0.5094716666666667 0.5004575 0.5113816666666666 0.4911125 0.50927 0.4802575 0.5037433333333333 0.46699250000000003 0.49459833333333336 0.4597575 0.47892 0.4568925 0.47037833333333334 0.45825 0.4630416666666667 0.4609625 0.4570116666666667 0.465335
0 0.6296566666666666 0.4893375 0.6362733333333334 0.4919775 0.6407116666666667 0.49084500000000003 0.6429733333333334 0.49097250000000003 0.6506766666666667 0.4929825 0.6537766666666667 0.48971499999999996 0.6574616666666666 0.484815 0.6629883333333333 0.4802925 0.6658366666666666 0.475645 0.6657516666666667 0.47351 0.65453 0.4740125 0.64716 0.47439 0.6423033333333333 0.476775 0.6366083333333333 0.4812975
3 0.4269966666666667 0.5294225 0.42434333333333335 0.53503 0.422775 0.541 0.42385999999999996 0.5484175 0.42578999999999995 0.5549299999999999 0.42578999999999995 0.5592725000000001 0.42422166666666666 0.563975 0.42157 0.5732 0.4181933333333333 0.584415 0.4172283333333333 0.5918325 0.42241333333333336 0.60341 0.42711666666666664 0.604315 0.4344733333333334 0.6030475 0.4396583333333333 0.5968975000000001 0.44581000000000004 0.59147 0.450755 0.5896625 0.45171833333333333 0.584055 0.4567833333333333 0.578265 0.4576283333333333 0.577 0.45606 0.5657825000000001 0.45389 0.5603575 0.450875 0.5549299999999999 0.44822166666666663 0.5485975 0.44677500000000003 0.5428099999999999 0.44448333333333334 0.5384675 0.4412266666666667 0.5364774999999999 0.4392966666666667 0.5337649999999999 0.43821166666666667 0.5294225 0.43736833333333336 0.5287000000000001 0.4325433333333334 0.5276150000000001 0.4290466666666667 0.5272525
0 0.6058716666666667 0.485695 0.6025216666666667 0.490595 0.600345 0.497 0.5994233333333333 0.49964 0.6017683333333333 0.5019 0.6039450000000001 0.504665 0.6065416666666666 0.5062975000000001 0.6112316666666666 0.5061725 0.6159216666666667 0.504035 0.6194383333333333 0.5011475 0.6205283333333333 0.500015 0.6207783333333333 0.4961225 0.6231233333333333 0.49034249999999996 0.62438 0.48645 0.6211133333333333 0.4831825 0.6165916666666666 0.48004250000000004 0.6144983333333333 0.478785 0.6121533333333333 0.47928750000000003 0.609305 0.481675