3 0.47524666666666665 0.595855 0.4676033333333333 0.59325 0.46291666666666664 0.5916849999999999 0.45614333333333335 0.596375 0.4485 0.60888 0.44467999999999996 0.6172150000000001 0.44381333333333334 0.63519 0.45197333333333334 0.6380549999999999 0.45788 0.64743 0.45718333333333333 0.66176 0.46031 0.664625 0.4677766666666666 0.6591549999999999 0.47628666666666664 0.652905 0.48549000000000003 0.64743 0.49243666666666663 0.6401399999999999 0.49278666666666665 0.63102 0.49122333333333335 0.6193 0.49069999999999997 0.61018 0.48757666666666666 0.60289 0.4823666666666666 0.59872
0 0.4951933333333333 0.39735000000000004 0.49515333333333333 0.399295 0.49668666666666667 0.402625 0.49733333333333335 0.40916 0.49668666666666667 0.41358999999999996 0.49584 0.416495 0.49466666666666664 0.419885 0.4944266666666667 0.423525 0.49632333333333334 0.42563999999999996 0.49866666666666665 0.424185 0.49794 0.4214 0.4978166666666667 0.41674 0.49850333333333335 0.413645 0.49943333333333334 0.40976999999999997 0.4997566666666667 0.40746499999999997 0.49911 0.40353500000000003 0.4983033333333334 0.40184 0.49749333333333334 0.40068 0.49701 0.39832 0.4968066666666667 0.39723 0.4958 0.39662000000000003
3 0.4733366666666667 0.458835 0.4686466666666667 0.478635 0.4656933333333333 0.494265 0.4651733333333333 0.510675 0.4691666666666667 0.5205700000000001 0.47576666666666667 0.528125 0.4823666666666666 0.5268250000000001 0.49208999999999997 0.5330750000000001 0.5002533333333333 0.5421950000000001 0.5070266666666666 0.5520900000000001 0.5165666666666667 0.54975 0.52335 0.5377649999999999 0.5315133333333333 0.504945 0.5329 0.49610000000000004 0.52908 0.47264 0.5289066666666666 0.463785 0.52613 0.453365 0.5210933333333333 0.44372500000000004 0.5127566666666666 0.44060000000000005 0.5021633333333333 0.442945 0.4945233333333333 0.43721499999999996 0.48445 0.442425 0.47767666666666664 0.44893500000000003
3 0.48747 0.35097500000000004 0.48144 0.35477499999999995 0.4762533333333333 0.36454000000000003 0.47348 0.37576 0.4720333333333333 0.395475 0.4701033333333333 0.41483 0.47082666666666667 0.42695 0.47384333333333334 0.43654000000000004 0.4789066666666667 0.44178500000000004 0.48325 0.444135 0.48988000000000004 0.43907 0.49494666666666665 0.43871 0.5003733333333333 0.44233 0.5086933333333333 0.44178500000000004 0.51376 0.441245 0.52208 0.44576499999999997 0.5294333333333333 0.44195 0.5342666666666667 0.43185 0.5346233333333333 0.41718500000000003 0.5328133333333334 0.403795 0.53016 0.38643 0.5291966666666666 0.371415 0.52811 0.36363999999999996 0.5224433333333333 0.35242 0.51774 0.3479 0.5021833333333333 0.34970999999999997 0.49193 0.34952999999999995
3 0.49191666666666667 0.532815 0.48167 0.5268250000000001 0.47385666666666665 0.528125 0.46639 0.53073 0.46083 0.538025 0.45597000000000004 0.552355 0.45597000000000004 0.5617300000000001 0.4557966666666667 0.575275 0.45926999999999996 0.58674 0.46360999999999997 0.590905 0.47975999999999996 0.59794 0.48705333333333334 0.601585 0.49069999999999997 0.6104400000000001 0.49573666666666666 0.6065349999999999 0.5009466666666667 0.59742 0.5035533333333334 0.5846549999999999 0.5065033333333333 0.5692849999999999 0.5075466666666667 0.56199 0.5070266666666666 0.553655 0.5032066666666666 0.5463600000000001
3 0.45788 0.647695 0.4516266666666667 0.6372749999999999 0.44433333333333336 0.6354500000000001 0.4300933333333333 0.638835 0.42175666666666667 0.64066 0.41602666666666666 0.648475 0.41376999999999997 0.65577 0.41324666666666665 0.66749 0.4168966666666667 0.6823400000000001 0.4269666666666667 0.686505 0.4353033333333334 0.68416 0.45127999999999996 0.6727000000000001 0.4563166666666667 0.6669700000000001 0.45700999999999997 0.66098
0 0.47489333333333333 0.38219 0.4728833333333334 0.3842 0.4731366666666667 0.38746499999999995 0.47422333333333333 0.388095 0.47615 0.38683999999999996 0.47766000000000003 0.38483 0.47682 0.382945
0 0.5038566666666666 0.487105 0.5049566666666666 0.488955 0.5057233333333333 0.48915499999999995 0.5060566666666667 0.488755 0.5066233333333333 0.489005 0.5071566666666667 0.489005 0.5068900000000001 0.48835500000000004 0.5063566666666667 0.487205 0.5059233333333333 0.48615499999999995 0.5056566666666666 0.485705 0.5051566666666667 0.485755 0.50449 0.486055 0.5040566666666667 0.48635500000000004
0 0.50399 0.4673 0.50359 0.4687 0.5037566666666666 0.470255 0.5040233333333333 0.4706 0.5046566666666666 0.46964999999999996 0.5048 0.4689 0.5048 0.4681 0.50439 0.4674
0 0.49080333333333337 0.48461000000000004 0.4900366666666666 0.48521 0.4891366666666667 0.48516000000000004 0.48923666666666665 0.48586 0.49017 0.48646 0.49167 0.48686 0.49240333333333336 0.48651 0.4927033333333333 0.48581 0.49227 0.48516000000000004 0.49150333333333335 0.48516000000000004
0 0.49976 0.49716000000000005 0.49956 0.49962 0.49896 0.5016 0.49776 0.504 0.49656 0.5058 0.49584 0.50736 0.4956 0.50868 0.49591999999999997 0.50862 0.497 0.50706 0.49851999999999996 0.50424 0.4998 0.50196 0.50024 0.50052 0.5004000000000001 0.49926 0.50048 0.49806 0.50028 0.49757999999999997
0 0.5066233333333333 0.493255 0.5072233333333334 0.494705 0.5078900000000001 0.49615499999999996 0.50859 0.496255 0.5092566666666667 0.496055 0.50969 0.495205 0.5097233333333333 0.49435500000000004 0.5096233333333333 0.49365499999999995 0.5090233333333333 0.493955 0.5086233333333333 0.493805 0.5086566666666666 0.493105 0.5085566666666667 0.492555 0.5083233333333333 0.492555 0.50809 0.493255 0.5079566666666666 0.493255 0.50759 0.492955 0.50719 0.492055 0.50699 0.492405
0 0.50547 0.47764 0.50437 0.47858999999999996 0.50347 0.47974 0.5032033333333333 0.48069 0.5035033333333333 0.48104 0.50407 0.48169 0.5047699999999999 0.48199000000000003 0.50537 0.48174 0.5057366666666667 0.48089 0.50557 0.47989 0.5051366666666667 0.47869 0.5056366666666667 0.47844
0 0.49907 0.48996 0.4993033333333334 0.49111 0.49977 0.49201 0.5003366666666667 0.49231 0.5005366666666666 0.49166000000000004 0.50067 0.49076 0.5003033333333333 0.49006 0.49990333333333337 0.49026 0.49947 0.48941
0 0.4973433333333333 0.38128500000000004 0.4962 0.384365 0.4958633333333333 0.38775 0.49509 0.39007 0.49518999999999996 0.39426 0.49657 0.39391000000000004 0.49731000000000003 0.39335000000000003 0.4977166666666667 0.389615 0.49885999999999997 0.38886000000000004 0.50172 0.38997000000000004 0.50401 0.39127999999999996 0.50532 0.39072500000000004 0.5060633333333333 0.38871 0.5051533333333333 0.387595 0.5018900000000001 0.38699 0.49906 0.386385 0.4988266666666667 0.385075 0.49896 0.38356 0.49923 0.38128500000000004 0.49842333333333333 0.38048000000000004
0 0.5112566666666667 0.47430500000000003 0.51099 0.476005 0.5113233333333334 0.477105 0.5119233333333333 0.477155 0.5127233333333333 0.476705 0.51279 0.475555 0.51309 0.474705 0.5132566666666667 0.474005 0.5128233333333333 0.473855 0.5122233333333334 0.47430500000000003 0.5121233333333333 0.47495499999999996 0.5117233333333333 0.473755
0 0.5038566666666666 0.45740499999999995 0.50339 0.45890499999999995 0.5034566666666667 0.46110500000000004 0.50379 0.461705 0.5041233333333333 0.46225499999999997 0.50449 0.46125499999999997 0.5044233333333333 0.459505 0.5043233333333333 0.458455 0.5042233333333334 0.45810500000000004