3 0.7094117647058823 0.5314096916299559 0.7126470588235294 0.5643612334801763 0.7122941176470589 0.5962114537444934 0.7133529411764705 0.6140528634361233 0.7303235294117647 0.6329515418502203 0.7465588235294118 0.6572687224669603 0.7584411764705883 0.6761674008810573 0.7779117647058824 0.6766960352422908 0.7876470588235295 0.6702202643171805 0.7927058823529411 0.6464317180616741 0.7963235294117647 0.6070044052863436 0.7981176470588236 0.5740528634361234 0.795235294117647 0.5416740088105727 0.7876470588235295 0.516828193832599 0.7807941176470589 0.4957709251101322 0.7761176470588235 0.492511013215859 0.7631470588235295 0.49682819383259913 0.7624117647058825 0.5016740088105727 0.7501470588235295 0.5243612334801763 0.735 0.5303083700440528 0.713 0.5286784140969163
3 0.7474117647058823 0.2948458149779736 0.7329705882352942 0.3213215859030837 0.7226470588235294 0.347136563876652 0.7084705882352941 0.37427312775330396 0.6944117647058823 0.39101321585903087 0.6969117647058823 0.45312775330396476 0.698 0.48066079295154185 0.6936764705882352 0.5098678414096917 0.7084705882352941 0.5255066079295154 0.7351470588235294 0.5298237885462554 0.7524705882352941 0.5238766519823789 0.7626470588235295 0.5022026431718062 0.7655882352941177 0.4779735682819383 0.7658823529411765 0.426431718061674 0.755 0.34008810572687226 0.7520882352941177 0.30784140969162993
0 0.7528235294117648 0.6575770925110133 0.7610588235294118 0.6707929515418503 0.7695882352941177 0.6756387665198238 0.7745882352941177 0.6707929515418503 0.7860588235294117 0.6677092511013215 0.7887058823529413 0.6531718061674009 0.7860588235294117 0.6417180616740088 0.7837058823529411 0.6342290748898678 0.7781176470588236 0.6307048458149779 0.770470588235294 0.6373127753303964 0.7651764705882353 0.6425991189427313 0.7613529411764707 0.6474449339207048
0 0.6494117647058824 0.29079295154185025 0.656764705882353 0.29211453744493393 0.6561764705882352 0.29784140969163 0.6608823529411765 0.3009251101321586 0.668235294117647 0.30400881057268725 0.6635294117647058 0.29519823788546257 0.6614705882352941 0.2947577092511013 0.66 0.2868281938325991 0.6570588235294118 0.28550660792951543 0.6494117647058824 0.2881497797356828
0 0.6669411764705883 0.7011894273127752 0.6728235294117647 0.7117621145374449 0.6775294117647059 0.7126431718061674 0.6798823529411765 0.7051541850220264 0.6851764705882353 0.7038325991189428 0.6866470588235294 0.7016299559471366 0.6878235294117647 0.6972246696035242 0.6848823529411765 0.6914977973568281 0.6807647058823529 0.696784140969163 0.6775294117647059 0.6989867841409692 0.6734117647058824 0.6998678414096916 0.6701764705882354 0.7003083700440529
0 0.7284705882352941 0.34105726872246694 0.7383529411764705 0.3426431718061674 0.7464705882352941 0.33841409691629953 0.7432941176470588 0.325726872246696 0.7425882352941177 0.31938325991189426 0.7404705882352941 0.3082819383259912 0.7330588235294118 0.32308370044052864 0.7284705882352941 0.3368281938325991
0 0.6437647058823529 0.29405286343612336 0.6388235294117647 0.2945374449339207 0.6324705882352941 0.3029955947136564 0.631764705882353 0.31198237885462554 0.631764705882353 0.32044052863436123 0.6363529411764707 0.325726872246696 0.6441176470588236 0.325726872246696 0.6508823529411765 0.3237885462555066 0.66 0.3251101321585903 0.6663529411764706 0.32784140969162995 0.6677647058823529 0.3188546255506608 0.6624705882352941 0.3177973568281938 0.6549999999999999 0.31409691629955944 0.6494117647058824 0.3118942731277533 0.6434117647058823 0.312511013215859 0.642 0.3077533039647577
3 0.29976470588235293 0.6026431718061674 0.2994117647058823 0.627488986784141 0.3075294117647059 0.6697797356828193 0.3131764705882353 0.7020264317180618 0.3244705882352941 0.7374449339207049 0.3347058823529412 0.7538325991189427 0.34670588235294114 0.7617621145374449 0.364 0.7564757709251101 0.38517647058823534 0.7311013215859031 0.39752941176470585 0.6940969162995595 0.40282352941176475 0.6644933920704846 0.4003529411764706 0.6370044052863436 0.39647058823529413 0.6154185022026432 0.38470588235294123 0.6162995594713656 0.3124705882352941 0.6211453744493393
3 0.16088235294117648 0.4083700440528634 0.1478529411764706 0.43982378854625553 0.14273529411764707 0.4911453744493392 0.13641176470588237 0.5654185022026431 0.13611764705882354 0.5870484581497797 0.13823529411764707 0.6023348017621145 0.14332352941176468 0.6194273127753305 0.14873529411764705 0.6270925110132158 0.16826470588235296 0.6248458149779735 0.19141176470588234 0.6284581497797357 0.22476470588235295 0.6266519823788547 0.24761764705882353 0.6225991189427313 0.2548235294117647 0.61 0.26835294117647057 0.596035242290749 0.28247058823529414 0.59784140969163 0.29300000000000004 0.5757709251101321 0.28941176470588237 0.5295154185022026 0.28294117647058825 0.48105726872246696 0.2576470588235294 0.43215859030837 0.22688235294117648 0.4015859030837004 0.2091470588235294 0.3867400881057269 0.1926176470588235 0.38312775330396476 0.17908823529411766 0.3898678414096916
3 0.06308823529411764 0.40070484581497795 0.05288235294117647 0.4421145374449339 0.04535294117647059 0.502863436123348 0.04505882352941176 0.5438325991189428 0.04685294117647059 0.5735242290748899 0.05647058823529411 0.5969603524229075 0.06488235294117646 0.599647577092511 0.07720588235294118 0.6027753303964758 0.09826470588235293 0.6000881057268722 0.1141764705882353 0.5911013215859031 0.13611764705882354 0.5780176211453745 0.13852941176470587 0.5438325991189428 0.14061764705882354 0.5100440528634361 0.14244117647058824 0.48801762114537445 0.1205 0.44162995594713655 0.09914705882352941 0.4020264317180617 0.08744117647058823 0.3876211453744493 0.07391176470588234 0.383568281938326 0.067 0.3898678414096916
3 0.781264705882353 0.29792951541850216 0.7710588235294118 0.335726872246696 0.757235294117647 0.3622907488986784 0.7659411764705882 0.42845814977973573 0.766235294117647 0.47933920704845817 0.7653529411764707 0.49506607929515417 0.7764705882352941 0.4919383259911894 0.7893823529411764 0.5004845814977974 0.8188235294117646 0.4995594713656388 0.8296470588235294 0.49550660792951545 0.8341470588235295 0.47933920704845817 0.839264705882353 0.43251101321585905 0.8389705882352941 0.3699559471365639 0.8311470588235293 0.3298678414096916 0.8161176470588236 0.3006167400881057 0.8083235294117647 0.29114537444933924 0.8035 0.2884581497797357 0.7923823529411765 0.28621145374449336
3 0.38676470588235295 0.3402202643171806 0.36405882352941177 0.35158590308370047 0.34097058823529414 0.37048458149779734 0.32223529411764706 0.4072246696035242 0.31176470588235294 0.4444933920704846 0.30455882352941177 0.48229074889867846 0.3041764705882353 0.530352422907489 0.30058823529411766 0.5692511013215859 0.30023529411764704 0.5892511013215859 0.3027352941176471 0.6065198237885463 0.3144117647058824 0.6193832599118942 0.38617647058823534 0.6149779735682819 0.4415882352941176 0.6108370044052863 0.45276470588235296 0.5849339207048458 0.45529411764705885 0.5341409691629956 0.45205882352941174 0.48229074889867846 0.4405 0.41911894273127753 0.42970588235294116 0.3726872246696035 0.4163529411764706 0.34889867841409694 0.4047941176470588 0.34185022026431716
3 0.13408823529411765 0.591762114537445 0.13576470588235293 0.6317621145374449 0.14594117647058824 0.6856828193832599 0.15441176470588236 0.7097797356828194 0.17811764705882355 0.7396035242290748 0.1942352941176471 0.7313215859030837 0.2073529411764706 0.7211894273127754 0.2132941176470588 0.6869162995594714 0.21370588235294116 0.6704405286343612 0.20185294117647057 0.628590308370044 0.1688235294117647 0.6260352422907489 0.14891176470588235 0.6254185022026432 0.1438235294117647 0.6222466960352423 0.13788235294117648 0.606387665198238
3 0.202 0.6310132158590309 0.21023529411764708 0.6574449339207049 0.222 0.6975330396475771 0.23523529411764707 0.7398237885462555 0.25023529411764706 0.7574449339207049 0.2640588235294118 0.7622907488986784 0.2802352941176471 0.7587665198237886 0.292 0.7437885462555066 0.3011176470588235 0.7138325991189427 0.3022941176470588 0.6781497797356828 0.2993529411764706 0.6283700440528633 0.29994117647058827 0.6006167400881057 0.2978823529411765 0.5856387665198238 0.28994117647058826 0.58431718061674 0.2834705882352941 0.5984140969162995 0.2690588235294118 0.5957709251101322 0.2546470588235294 0.6107488986784141 0.24729411764705883 0.6239647577092511 0.2222941176470588 0.6266079295154185 0.20170588235294118 0.627488986784141
3 0.5016764705882353 0.5605726872246696 0.5042058823529412 0.6140528634361233 0.5070882352941176 0.6448458149779736 0.5189705882352941 0.6788546255506608 0.5345 0.7220704845814978 0.5633529411764706 0.7647577092511013 0.5730882352941177 0.7707048458149779 0.5918235294117647 0.7690748898678414 0.6123823529411765 0.7458590308370044 0.6174411764705883 0.7042290748898679 0.619235294117647 0.6566960352422907 0.619235294117647 0.5908370044052864 0.6167058823529412 0.5551541850220264 0.6022941176470589 0.5324669603524229 0.5975882352941176 0.5281497797356828 0.5763235294117647 0.5286784140969163 0.5658529411764706 0.5200440528634361 0.5388235294117647 0.5173568281938326 0.5215 0.5308810572687225
3 0.3992941176470588 0.6200881057268722 0.40811764705882353 0.6697797356828193 0.4162352941176471 0.6967400881057269 0.4321176470588235 0.7147136563876653 0.44517647058823534 0.7316299559471366 0.46176470588235297 0.7337444933920705 0.47623529411764703 0.7226431718061673 0.48823529411764705 0.7020264317180618 0.49811764705882355 0.6734801762114537 0.5012941176470588 0.6433480176211454 0.5016470588235294 0.5614096916299559 0.49599999999999994 0.5413215859030837 0.49105882352941177 0.5376211453744494 0.46494117647058825 0.536035242290749 0.45611764705882357 0.5333920704845815 0.45329411764705885 0.5820264317180617 0.4416470588235294 0.6105726872246696 0.39752941176470585 0.613215859030837
3 0.6022941176470589 0.5276211453744494 0.6019411764705882 0.534625550660793 0.6170882352941176 0.5562555066079296 0.6185294117647059 0.5897356828193833 0.6195882352941177 0.6318502202643173 0.6394411764705882 0.666431718061674 0.6617941176470588 0.7004845814977974 0.6708235294117647 0.7118061674008811 0.6798235294117647 0.7150660792951542 0.6949705882352941 0.6923788546255506 0.7036176470588235 0.6642731277533039 0.7140882352941176 0.6145814977973568 0.7126470588235294 0.5665198237885463 0.7108529411764706 0.5470484581497798 0.7086764705882352 0.5259911894273128 0.6938823529411764 0.5108810572687225 0.6888529411764706 0.5330396475770925 0.6708235294117647 0.5540969162995595 0.6531470588235294 0.5551541850220264 0.6376470588235295 0.5551541850220264 0.6203235294117647 0.5438325991189428
3 0.6601470588235294 0.2813656387665198 0.635264705882353 0.2916299559471366 0.6154117647058823 0.31753303964757706 0.6071176470588235 0.34400881057268723 0.5901764705882353 0.38559471365638764 0.568529411764706 0.4050660792951542 0.5526764705882353 0.4093832599118943 0.5454411764705882 0.41259911894273127 0.5508529411764705 0.42881057268722467 0.5537352941176471 0.4433920704845815 0.5652941176470588 0.463920704845815 0.5717941176470588 0.47365638766519824 0.5764705882352941 0.4985022026431718 0.5876470588235294 0.5114537444933921 0.6013529411764706 0.5260352422907489 0.6175882352941177 0.5411894273127753 0.6370588235294118 0.554669603524229 0.6532941176470588 0.5557709251101322 0.6709705882352941 0.5541409691629956 0.6886176470588236 0.5330837004405287 0.6976470588235294 0.48176211453744494 0.6954705882352942 0.40559471365638766 0.6933235294117647 0.3650660792951542 0.6857352941176471 0.3240528634361234 0.6713235294117647 0.3024229074889868
3 0.04729411764705882 0.5816740088105726 0.047 0.6385022026431718 0.052 0.6926872246696035 0.06288235294117647 0.7420264317180617 0.07141176470588236 0.7702202643171806 0.07935294117647058 0.7785903083700441 0.09111764705882353 0.7719823788546256 0.10552941176470589 0.7424669603524229 0.12464705882352942 0.7041409691629956 0.14288235294117646 0.6658149779735683 0.13641176470588237 0.6340969162995594 0.1343529411764706 0.6085462555066079 0.13464705882352943 0.5785903083700441 0.09905882352941177 0.6001762114537446 0.07788235294117647 0.6023788546255507 0.056999999999999995 0.5979735682819384 0.04964705882352941 0.5799118942731277