0 0.6183483333333334 0.2861325 0.6196 0.2930175 0.6230783333333333 0.2974 0.625025 0.30219999999999997 0.6278083333333333 0.30219999999999997 0.625025 0.29719249999999997 0.6230783333333333 0.29114 0.6240516666666667 0.2867575 0.6232166666666668 0.28320999999999996 0.62127 0.284255 0.6191833333333333 0.284045
0 0.7822049999999999 0.37428500000000003 0.781965 0.39772 0.7831666666666667 0.44099 0.787735 0.4626225 0.7956666666666666 0.47416250000000004 0.8036000000000001 0.4936325 0.8057633333333333 0.5131025 0.8084066666666666 0.5282475 0.8122533333333334 0.5437525000000001 0.8177816666666666 0.55529 0.82307 0.5527675000000001 0.8252333333333333 0.53618 0.82956 0.5210349999999999 0.831965 0.5084150000000001 0.8290799999999999 0.4965175 0.8252333333333333 0.4806525 0.82283 0.46298500000000004 0.819945 0.444595 0.8170599999999999 0.431615 0.8136950000000001 0.41935500000000003 0.8096083333333333 0.406735 0.8057633333333333 0.39591750000000003 0.7983116666666666 0.38257749999999996 0.7959066666666667 0.37933249999999996 0.7911 0.3706775 0.7865316666666666 0.36923500000000004
0 0.7276516666666667 0.50729 0.7227933333333334 0.509425 0.718355 0.5116875 0.7133299999999999 0.515205 0.7105666666666666 0.5178425 0.7113200000000001 0.519475 0.7121583333333333 0.5207324999999999 0.7117383333333334 0.52425 0.71467 0.521235 0.7170150000000001 0.51734 0.7217883333333333 0.5142 0.72539 0.5119375 0.7285716666666667 0.51131 0.7293266666666667 0.5096775 0.7288233333333333 0.5077925
1 0.561825 0.33440499999999995 0.5642283333333333 0.4126475 0.57192 0.39462 0.5822566666666666 0.3931775 0.5957183333333333 0.391375 0.6053333333333333 0.3773125 0.6163916666666667 0.3744275 0.62841 0.36901999999999996 0.625285 0.346665 0.6416316666666667 0.34522250000000004 0.6510066666666666 0.3463025 0.6608616666666667 0.3513525 0.656775 0.3430575 0.65317 0.3235875 0.6582166666666667 0.3235875 0.662665 0.3116525 0.6751166666666666 0.292325 0.6992016666666667 0.2860875 0.7054283333333333 0.28233749999999996 0.7191533333333333 0.278625 0.7208116666666666 0.2667625 0.7133366666666667 0.24996000000000002 0.7091783333333332 0.2418475 0.6593233333333334 0.23189500000000002 0.6290116666666667 0.2486975 0.5916316666666667 0.2917125
0 0.7100416666666667 0.5208025000000001 0.7076933333333333 0.522615 0.7032666666666667 0.5261375 0.7001133333333334 0.52835 0.6964233333333333 0.532475 0.6933383333333333 0.5351925 0.6901183333333334 0.5373049999999999 0.6903183333333333 0.5389149999999999 0.6930016666666667 0.5384125000000001 0.695685 0.5374075 0.6977650000000001 0.5366025 0.7001133333333334 0.532375 0.7033999999999999 0.5315700000000001 0.7048099999999999 0.5301625 0.7052783333333333 0.5280475 0.70709 0.52654 0.7084316666666667 0.5248275 0.71031 0.522715 0.7107800000000001 0.5222125
0 0.5935866666666667 0.293435 0.5866316666666667 0.301365 0.5874666666666667 0.30491250000000003 0.5863533333333333 0.3078325 0.584545 0.31013 0.5842666666666666 0.3126325 0.5862133333333334 0.3126325 0.59164 0.307 0.60249 0.29594 0.60722 0.29072250000000005 0.6084716666666666 0.28634 0.6076366666666667 0.2846725 0.6042983333333334 0.2867575 0.6036033333333333 0.28655 0.6036033333333333 0.28446249999999995 0.6037416666666666 0.282585 0.6010983333333334 0.282585 0.600125 0.2846725 0.5999866666666667 0.28988749999999996 0.597065 0.2930175
0 0.36739499999999997 0.44067 0.3618866666666667 0.438165 0.35671166666666665 0.43441 0.35136999999999996 0.43591250000000004 0.3593833333333334 0.4521875 0.369565 0.4559425 0.3775783333333333 0.4614525 0.38459 0.46596 0.39193500000000003 0.463205 0.39877833333333335 0.45469 0.40412 0.4491825 0.40729166666666666 0.4436725 0.4119666666666667 0.43966750000000004 0.41981166666666664 0.4431725 0.4228166666666667 0.437665 0.42265 0.43040249999999997 0.42532000000000003 0.4201375 0.43083 0.4118725 0.43600500000000003 0.40336 0.43316666666666664 0.40010500000000004 0.43049499999999996 0.39735000000000004 0.4238183333333333 0.4021075 0.41614 0.40937 0.4107983333333333 0.412375 0.404455 0.4178825 0.398945 0.42313999999999996 0.3931033333333333 0.432405 0.38692666666666664 0.438415 0.38158500000000006 0.4404175 0.3770783333333333 0.44092000000000003
1 0.360545 0.37165499999999996 0.3491233333333333 0.41631 0.36123833333333333 0.432925 0.378545 0.4381175 0.3882366666666667 0.4334425 0.39793 0.41682749999999996 0.4138516666666667 0.4038475 0.42873666666666665 0.3913875 0.43669833333333336 0.38308 0.44050500000000004 0.365425 0.44050500000000004 0.352445 0.43323666666666666 0.34258 0.425275 0.3347925 0.41558333333333336 0.33531 0.40312166666666666 0.3436175 0.38616 0.3565975 0.3733533333333333 0.35556 0.3681616666666666 0.359195
0 0.7033 0.2666825 0.6990933333333335 0.26518 0.6918833333333334 0.26698500000000003 0.687275 0.27419499999999997 0.6822666666666667 0.28200749999999997 0.680465 0.28892 0.6894783333333333 0.2886175 0.6976916666666666 0.28651499999999996 0.7012983333333334 0.2817075 0.7057049999999999 0.280205 0.7087100000000001 0.27990499999999996 0.712515 0.2759975 0.7169216666666667 0.2696875 0.7149183333333333 0.25977249999999996 0.711915 0.255565 0.70931 0.2633775 0.7069066666666666 0.267885
0 0.6097533333333334 0.29703250000000003 0.5983350000000001 0.30754750000000003 0.5881183333333333 0.31896749999999996 0.5837116666666666 0.336395 0.5781033333333333 0.35983 0.5670850000000001 0.3763575 0.5644816666666667 0.388375 0.5650816666666666 0.40069499999999997 0.5692883333333333 0.3952875 0.5789033333333333 0.3853725 0.5897216666666667 0.37756 0.6033433333333333 0.36944499999999997 0.6129583333333334 0.3607325 0.617365 0.3475125 0.6193683333333333 0.33909750000000005 0.617165 0.324975 0.617165 0.3159625 0.6169633333333334 0.30995249999999996 0.61436 0.30184
3 0.5617033333333333 0.3341675 0.564295 0.431395 0.5637766666666666 0.48428750000000004 0.57726 0.516955 0.5974833333333334 0.54418 0.6151133333333333 0.5574025 0.6384483333333334 0.5644025 0.6571166666666667 0.5612925 0.7100083333333334 0.567515 0.7390483333333333 0.563625 0.75979 0.556625 0.7857166666666667 0.5216225 0.7857166666666667 0.488955 0.7815683333333333 0.42906 0.7696416666666668 0.3411675 0.743715 0.2820525 0.7084533333333334 0.23927 0.6586716666666667 0.227605 0.6275583333333333 0.248605 0.5855566666666667 0.2999425
3 0.3599433333333333 0.3685975 0.34784333333333334 0.41073000000000004 0.33963333333333334 0.45416 0.34352166666666667 0.502125 0.3560533333333334 0.5487949999999999 0.3742033333333333 0.5747224999999999 0.3996983333333333 0.5825 0.40013000000000004 0.5909275 0.41568666666666665 0.6032424999999999 0.4584683333333333 0.61491 0.48958166666666664 0.61815 0.5142116666666666 0.6071325000000001 0.5379783333333333 0.58639 0.5518066666666667 0.5591649999999999 0.55656 0.5364800000000001 0.543165 0.5086075 0.5284716666666667 0.47555000000000003 0.52804 0.43665750000000003 0.5263116666666666 0.39063749999999997 0.5103233333333334 0.348505 0.48180333333333336 0.3277625 0.45285 0.32127999999999995 0.41136666666666666 0.334245 0.3720433333333334 0.354985
2 0.6801733333333333 0.5509525 0.6945783333333334 0.522595 0.717985 0.4960375 0.7470933333333334 0.4978375 0.7662983333333333 0.519895 0.7765016666666668 0.5275475000000001 0.7675 0.5478025 0.754295 0.5622075 0.7302883333333332 0.5640075 0.7080816666666666 0.5667075 0.6897766666666666 0.5662575000000001 0.6798733333333333 0.5626575
3 0.7789766666666667 0.3388325 0.8157933333333334 0.30227499999999996 0.85261 0.28671749999999996 0.8857983333333334 0.28282999999999997 0.9163916666666667 0.30460750000000003 0.9345416666666667 0.3458325 0.9480233333333334 0.3995025 0.9573583333333333 0.4500625 0.9578766666666667 0.506065 0.95321 0.567515 0.9475049999999999 0.5986275000000001 0.9293566666666667 0.6219625 0.8997983333333334 0.6328524999999999 0.8567583333333334 0.6250725 0.8287566666666667 0.6079625 0.8157933333333334 0.5931825000000001 0.8038666666666666 0.55118 0.7846799999999999 0.47884249999999995 0.7805316666666666 0.4228375 0.7732716666666667 0.35905750000000003
3 0.12062333333333333 0.348245 0.10454833333333333 0.380135 0.09002833333333332 0.419805 0.06824833333333334 0.4532525 0.06565666666666667 0.49292 0.09988 0.559035 0.12529 0.60104 0.16677333333333333 0.6305974999999999 0.22381500000000001 0.65471 0.24040833333333333 0.63993 0.27826166666666663 0.5621475 0.30056 0.49992000000000003 0.30782000000000004 0.4408075 0.26944666666666667 0.43225 0.24403833333333333 0.3863575 0.21033166666666667 0.34669 0.18958999999999998 0.3311325 0.14654999999999999 0.3381325