3 0.528 0.6738690476190475 0.5363666666666667 0.771845238095238 0.5625 0.8204166666666668 0.5818333333333334 0.8521428571428571 0.6079666666666667 0.8502380952380952 0.6309666666666667 0.830654761904762 0.6414333333333334 0.7606547619047619 0.6471666666666667 0.6832142857142858 0.5531 0.6832142857142858 0.5421 0.6766666666666667
0 0.9553333333333334 0.8779761904761905 0.9566666666666667 0.9047619047619048 0.9646666666666666 0.9125000000000001 0.974 0.9071428571428571 0.9816666666666667 0.8892857142857143 0.9846666666666666 0.8696428571428572 0.9853333333333334 0.8488095238095238 0.985 0.8303571428571429 0.9836666666666667 0.8148809523809524 0.9806666666666666 0.8107142857142856 0.9720000000000001 0.8232142857142858 0.9660000000000001 0.8291666666666667 0.9603333333333334 0.8363095238095238 0.9576666666666667 0.8494047619047619
1 0.25886666666666663 0.3960119047619048 0.24383333333333335 0.49255952380952384 0.24420000000000003 0.5019047619047619 0.24943333333333334 0.5125 0.25920000000000004 0.49940476190476196 0.2668666666666667 0.4502380952380952 0.2780333333333333 0.3904166666666667 0.29233333333333333 0.3879166666666667 0.30770000000000003 0.3966071428571428 0.3227 0.3854166666666667 0.33736666666666665 0.37666666666666665 0.3531 0.3579761904761905 0.3621666666666667 0.3424404761904762 0.3747 0.3336904761904762 0.3883333333333333 0.3286904761904762 0.39843333333333336 0.31625000000000003 0.4109666666666667 0.2925595238095238 0.41656666666666664 0.2807142857142857 0.43399999999999994 0.28386904761904763 0.42493333333333333 0.26142857142857145 0.41376666666666667 0.23023809523809524 0.3876 0.20845238095238097 0.3583 0.19601190476190475 0.33036666666666664 0.21470238095238095 0.29583333333333334 0.28136904761904763
0 0.26199999999999996 0.44279761904761905 0.255 0.4529166666666667 0.24866666666666665 0.46898809523809526 0.246 0.48624999999999996 0.24633333333333335 0.4951785714285714 0.24966666666666668 0.4963690476190476 0.2553333333333333 0.4868452380952381 0.256 0.4743452380952381 0.2596666666666667 0.46541666666666665 0.26199999999999996 0.4624404761904762 0.26266666666666666 0.45648809523809525
0 0.236 0.4001190476190476 0.22133333333333335 0.4376190476190476 0.219 0.4554761904761905 0.22466666666666668 0.47690476190476194 0.2353333333333333 0.4917857142857143 0.24400000000000002 0.49833333333333335 0.24233333333333335 0.4423809523809523 0.23836666666666667 0.4120238095238095
3 0.3308333333333333 0.21089285714285713 0.296 0.28214285714285714 0.2596666666666667 0.3904761904761904 0.24400000000000002 0.493452380952381 0.2477333333333333 0.6057142857142858 0.2744 0.6561309523809524 0.31306666666666666 0.6860119047619048 0.38989999999999997 0.6832142857142858 0.43379999999999996 0.6691666666666667 0.4698666666666667 0.6523809523809524 0.4709333333333333 0.5375595238095239 0.47353333333333336 0.45732142857142855 0.46413333333333334 0.35928571428571426 0.43956666666666666 0.29023809523809524 0.4144666666666667 0.23142857142857146 0.38989999999999997 0.2080952380952381 0.3596 0.19779761904761903
3 0.1619 0.2774404761904762 0.14830000000000002 0.26529761904761906 0.11903333333333334 0.2849404761904762 0.09916666666666667 0.37452380952380954 0.08716666666666666 0.473452380952381 0.095 0.5686904761904762 0.10596666666666667 0.6125595238095238 0.1295 0.6218452380952381 0.18646666666666667 0.6246428571428572 0.22986666666666664 0.61625 0.24553333333333333 0.6078571428571429 0.24433333333333332 0.5517857142857143 0.24333333333333335 0.49107142857142855 0.24266666666666667 0.4416666666666667 0.237 0.3886904761904762 0.1802 0.29892857142857143
3 0.9648666666666667 0.2843452380952381 0.9303666666666667 0.3482142857142857 0.8933666666666666 0.4064285714285714 0.8758 0.4423214285714286 0.8758 0.49160714285714285 0.8745666666666667 0.5319047619047619 0.8852 0.5576785714285715 0.8989999999999999 0.5610119047619048 0.9172000000000001 0.5946428571428571 0.9504333333333334 0.6528571428571429 0.9780333333333334 0.6876190476190476 0.9931 0.6876190476190476 1 0.6752976190476191 1 0.34035714285714286 1 0.34035714285714286 1 0.34035714285714286 1 0.29095238095238096
3 0.3956 0.6846428571428571 0.39736666666666665 0.716547619047619 0.39996666666666664 0.7570238095238095 0.4182666666666667 0.7764285714285715 0.4422333333333333 0.8060119047619048 0.4614 0.8239285714285713 0.4958 0.8036904761904763 0.5036333333333334 0.7788095238095238 0.5132333333333333 0.7119047619047618 0.5184333333333333 0.6496428571428572 0.5040666666666667 0.5905357142857143 0.5049333333333333 0.4746428571428571 0.4727 0.4746428571428571 0.4714 0.5158928571428572 0.4701 0.652797619047619
3 0.23476666666666668 0.6150595238095238 0.23893333333333336 0.689702380952381 0.2624666666666666 0.7877380952380952 0.28546666666666665 0.8502380952380952 0.2995666666666667 0.8493452380952381 0.32886666666666664 0.8148214285714285 0.35969999999999996 0.7476190476190476 0.36910000000000004 0.7223809523809523 0.37223333333333336 0.6869047619047619 0.31316666666666665 0.6860119047619048 0.275 0.6561309523809524 0.24680000000000002 0.6075595238095237
3 0.0021 0.8928571428571429 0.029799999999999997 0.8508333333333333 0.0523 0.7985714285714286 0.08 0.7350595238095238 0.08523333333333333 0.7192261904761905 0.0868 0.6622619047619048 0.09203333333333333 0.6193452380952381 0.08366666666666667 0.616547619047619 0.06903333333333334 0.5876190476190476 0.05436666666666666 0.6193452380952381 0.029299999999999996 0.6454761904761904 0 0.6436904761904761 0 0.7249404761904762
3 0.09676666666666667 0.5935119047619047 0.08549999999999999 0.6663095238095238 0.08296666666666667 0.863452380952381 0.08986666666666666 0.9295238095238095 0.11746666666666668 0.9485714285714286 0.15133333333333332 0.920595238095238 0.18146666666666667 0.844404761904762 0.20906666666666665 0.7648809523809523 0.23349999999999999 0.7167261904761905 0.23790000000000003 0.6943452380952382 0.2341333333333333 0.6136904761904761 0.21719999999999998 0.6204166666666667 0.18896666666666667 0.6260119047619048 0.13503333333333334 0.6248809523809524 0.10743333333333333 0.6147619047619047
3 0.6524 0.689702380952381 0.666 0.7382738095238095 0.6989333333333334 0.8101190476190476 0.7192999999999999 0.8511904761904762 0.7370666666666666 0.8539880952380953 0.7496333333333333 0.8138690476190475 0.7705333333333333 0.7578571428571428 0.7788999999999999 0.7214880952380952 0.7815 0.6290476190476191 0.761 0.6226190476190476 0.7473333333333333 0.6059523809523809 0.7308 0.5786309523809523 0.7271666666666667 0.5879761904761904 0.7224333333333333 0.6327976190476191 0.7005 0.6682738095238095 0.6722666666666667 0.6832142857142858
3 0.5872666666666667 0.2288095238095238 0.5489999999999999 0.27922619047619046 0.5095 0.38 0.5057333333333334 0.49648809523809523 0.5051 0.5905952380952381 0.5176666666666667 0.6488690476190476 0.5396 0.6757142857142857 0.5571666666666667 0.6824404761904762 0.6374666666666667 0.6835714285714286 0.6688333333333334 0.6813095238095238 0.7001666666666667 0.6645238095238095 0.7221333333333333 0.6354166666666666 0.7265333333333334 0.5905952380952381 0.7284 0.5357142857142857 0.7271666666666667 0.46851190476190474 0.7227666666666667 0.40130952380952384 0.7127333333333333 0.3542857142857143 0.6913999999999999 0.29601190476190475 0.6719666666666667 0.2445238095238095 0.6468666666666667 0.21648809523809523 0.6217666666666667 0.22208333333333335
3 0.8953666666666668 0.7441071428571429 0.9179999999999999 0.7977380952380952 0.9380333333333334 0.855297619047619 0.9554666666666666 0.9167857142857143 0.9693999999999999 0.9292261904761906 0.9833333333333333 0.8950000000000001 0.9903 0.8491071428571428 0.9925 0.7822023809523809 0.9894333333333333 0.6904166666666667 0.9768000000000001 0.6880952380952381 0.9498 0.6530952380952381 0.9258333333333333 0.60875 0.9049333333333334 0.57375 0.8897 0.5900595238095238 0.8923 0.6133928571428571 0.8931666666666667 0.7145238095238096
3 0.7946666666666666 0.2863095238095238 0.7664666666666666 0.34208333333333335 0.7457666666666666 0.41035714285714286 0.7313666666666666 0.46077380952380953 0.7288333333333333 0.4820833333333333 0.7276 0.5425595238095239 0.7313666666666666 0.5806547619047618 0.7596666666666667 0.6208333333333333 0.8173 0.6332738095238095 0.8511666666666666 0.6232142857142857 0.8731 0.5660714285714286 0.8762333333333333 0.486547619047619 0.8699666666666667 0.3891071428571429 0.8505333333333334 0.3061904761904762 0.8254333333333334 0.28154761904761905
3 0.7823333333333333 0.6291666666666667 0.7804666666666666 0.7223214285714286 0.8262666666666667 0.8555952380952382 0.8488333333333333 0.9395833333333333 0.8708 0.9608928571428572 0.8915 0.9194642857142857 0.8915 0.8208928571428571 0.894 0.6876190476190476 0.8921 0.6136904761904761 0.8877333333333333 0.5644047619047619 0.8745666666666667 0.5341666666666667 0.8720333333333333 0.572202380952381 0.8519666666666666 0.6214880952380952 0.8181 0.6338095238095238
3 0 0.2713690476190476 0.02666666666666667 0.3318452380952381 0.05123333333333333 0.38970238095238097 0.07686666666666667 0.4317261904761905 0.08626666666666666 0.46904761904761905 0.09306666666666667 0.5633333333333334 0.0873 0.5680357142857143 0.0826 0.5820238095238095 0.06693333333333333 0.5866666666666667 0.0528 0.6211904761904762 0.0314 0.6445238095238095 0.000033333333333333335 0.6417261904761905 0 0.6258333333333334