0 0.7443500000000001 0.3147191011235955 0.73335 0.3240823970037453 0.72185 0.3292883895131086 0.70785 0.3308239700374532 0.69735 0.33269662921348314 0.68785 0.33344569288389514 0.68785 0.3360299625468165 0.6953499999999999 0.33831460674157304 0.7153499999999999 0.33790262172284646 0.72685 0.3360299625468165 0.73885 0.33269662921348314 0.74285 0.3247940074906367
0 0.68035 0.3091011235955056 0.6768500000000001 0.31284644194756556 0.6678499999999999 0.3195880149812734 0.66685 0.32220973782771534 0.67135 0.3236704119850187 0.68035 0.3199250936329588 0.6833499999999999 0.31430711610486894
3 0.44925 0.47026217228464423 0.46025 0.4822471910112359 0.46875 0.48636704119850194 0.48275 0.4882397003745319 0.49924999999999997 0.4886142322097379 0.51925 0.48599250936329585 0.54225 0.482996254681648 0.5457500000000001 0.47288389513108614 0.5465 0.450936329588015 0.532 0.44419475655430707 0.5185 0.449438202247191 0.5075 0.4404494382022472 0.48700000000000004 0.4404494382022472 0.4775 0.45730337078651684 0.46275 0.4616479400749064 0.45075000000000004 0.4642696629213483
3 0.59955 0.3319101123595506 0.58855 0.3446441947565543 0.57805 0.3581273408239701 0.57 0.36599250936329586 0.55955 0.3805992509363296 0.55855 0.3895880149812734 0.5665 0.3989513108614232 0.5765 0.40194756554307115 0.58705 0.4004494382022472 0.59605 0.3948314606741573 0.605 0.39370786516853934 0.61105 0.39370786516853934 0.6164999999999999 0.39782771535580524 0.6214999999999999 0.4008239700374532 0.6225 0.408314606741573 0.6325 0.40494382022471914 0.6525 0.3959550561797753 0.66205 0.3925842696629213 0.66955 0.3888389513108614 0.66805 0.3656179775280899 0.66955 0.3476404494382022 0.66 0.33378277153558056 0.649 0.3255430711610487 0.63455 0.32179775280898876 0.62 0.3236704119850187 0.60955 0.32741573033707866
3 0.66935 0.27685393258426966 0.65185 0.292247191011236 0.6458499999999999 0.30722846441947566 0.6458499999999999 0.3154307116104869 0.6528499999999999 0.3240823970037453 0.66685 0.3394007490636704 0.67285 0.3484269662921348 0.69585 0.3532958801498127 0.72085 0.3555056179775281 0.74335 0.3532958801498127 0.75535 0.3450187265917603 0.7663500000000001 0.3292883895131086 0.77335 0.311685393258427 0.77185 0.29745318352059924 0.75885 0.290374531835206 0.74035 0.2791385767790262 0.72085 0.2723595505617977 0.7053499999999999 0.26936329588014984 0.6883499999999999 0.2667415730337079
3 0.6585500000000001 0.3933333333333333 0.6415000000000001 0.4004494382022472 0.6295499999999999 0.4064419475655431 0.6235499999999999 0.40943820224719096 0.62205 0.4154307116104869 0.62105 0.42704119850187267 0.61805 0.4349063670411985 0.61555 0.44913857677902624 0.61305 0.45662921348314606 0.6265 0.4652434456928839 0.64955 0.46074906367041196 0.67205 0.4495131086142322 0.6915 0.4382771535580524 0.70355 0.42779026217228466 0.7010500000000001 0.4131835205992509 0.6955500000000001 0.4011985018726592 0.69 0.39370786516853934 0.6705500000000001 0.39220973782771534
3 0.18575 0.3346816479400749 0.18175 0.34704119850187265 0.17925000000000002 0.35677902621722846 0.18675 0.36801498127340826 0.20074999999999998 0.38224719101123594 0.21275 0.3938576779026217 0.2195 0.39925093632958797 0.22774999999999998 0.3987265917602996 0.23775 0.3889887640449438 0.25375 0.3882397003745318 0.26925 0.3882397003745318 0.27775 0.3841198501872659 0.28375 0.3698876404494382 0.28275 0.3537827715355805 0.27525 0.34292134831460674 0.26275 0.3361797752808989 0.24625 0.33056179775280903 0.23725000000000002 0.32868913857677906 0.21975 0.32719101123595506 0.20475000000000002 0.32794007490636706 0.18875 0.33131086142322097
0 0.19594999999999999 0.22363295880149814 0.18945 0.22213483146067417 0.17595 0.22101123595505617 0.17295000000000002 0.22363295880149814 0.17895 0.229625468164794 0.18695 0.23187265917602995 0.19495 0.23561797752808988 0.19745000000000001 0.23823970037453182 0.20195 0.23786516853932582 0.20445 0.23262172284644195 0.20945 0.23037453183520598 0.22795 0.23074906367041198 0.23695 0.22737827715355804 0.24595 0.22101123595505617 0.24145 0.21726591760299624 0.23045000000000002 0.21576779026217227 0.21795 0.21539325842696627 0.21045000000000003 0.21239700374531836 0.20745000000000002 0.2097752808988764 0.20495000000000002 0.20677902621722846 0.20295000000000002 0.2037827715355805 0.19945000000000002 0.19292134831460672 0.19445 0.2037827715355805 0.19545 0.20865168539325843 0.18495 0.2094007490636704 0.19895 0.21576779026217227 0.19695000000000001 0.21838951310861424
3 0.19475 0.27288389513108613 0.18175 0.2889887640449438 0.17675000000000002 0.30209737827715355 0.17375 0.31632958801498123 0.17625 0.32906367041198503 0.18175 0.3354307116104869 0.18925 0.33131086142322097 0.19975 0.32868913857677906 0.21675 0.3268164794007491 0.23875 0.32831460674157303 0.25625 0.33318352059925094 0.27075 0.3399250936329588 0.27625 0.3432958801498127 0.28225 0.33280898876404497 0.29175 0.32868913857677906 0.29774999999999996 0.3211985018726592 0.29625 0.3073408239700375 0.29125 0.2938576779026217 0.28475 0.28374531835205996 0.27025 0.2747565543071161 0.26025 0.27213483146067413 0.24775 0.26951310861423217 0.23525 0.2683895131086142 0.21825 0.26726591760299623 0.20425000000000001 0.2691385767790262
3 0.36475 0.4410486891385768 0.36774999999999997 0.45191011235955053 0.37475 0.46464419475655433 0.396 0.4786516853932584 0.42174999999999996 0.48074906367041204 0.42924999999999996 0.48187265917602995 0.44525 0.482621722846442 0.45325000000000004 0.482996254681648 0.45025 0.47625468164794005 0.44475000000000003 0.46951310861423223 0.45075000000000004 0.4642696629213483 0.45975 0.46202247191011236 0.46675 0.46052434456928837 0.46475 0.4552808988764045 0.46175 0.44329588014981275 0.46025 0.4373033707865169 0.44975000000000004 0.4350561797752809 0.42924999999999996 0.4350561797752809 0.41075 0.4350561797752809 0.39525 0.4346816479400749 0.38575000000000004 0.4343071161048689 0.37525 0.4358052434456929
0 0.7755 0.21359550561797752 0.7675 0.22217228464419475 0.76 0.22670411985018726 0.748 0.22441947565543072 0.745 0.22816479400749065 0.75105 0.2304494382022472 0.7595000000000001 0.23606741573033707 0.76605 0.23831460674157304 0.77105 0.23831460674157304 0.773 0.2352808988764045 0.777 0.22707865168539326 0.7795000000000001 0.22367041198501872 0.78 0.21921348314606742
3 0.54975 0.4672659176029963 0.56625 0.47213483146067414 0.5842499999999999 0.46764044943820227 0.59625 0.4650187265917603 0.60925 0.4541573033707865 0.61675 0.4429213483146068 0.62275 0.4152059925093633 0.61975 0.4009737827715356 0.61075 0.39348314606741575 0.59625 0.3938576779026217 0.57975 0.40696629213483143 0.56525 0.41782771535580526 0.55975 0.4193258426966292 0.54925 0.4193258426966292 0.54425 0.41707865168539326 0.53525 0.4204494382022472 0.53275 0.42644194756554304 0.53175 0.43767790262172285 0.53325 0.4421722846441948 0.53675 0.4444194756554307 0.5447500000000001 0.4489138576779026 0.54975 0.4541573033707865 0.54925 0.45902621722846443
3 0.23775 0.3904868913857678 0.23175 0.4035955056179775 0.23274999999999998 0.4144569288389513 0.24875 0.42569288389513105 0.26675 0.4406741573033708 0.28575 0.4489138576779026 0.30475 0.4489138576779026 0.30375 0.4365543071161049 0.29875 0.4208239700374532 0.29875 0.4088389513108614 0.29425 0.4009737827715356 0.28475 0.3953558052434457 0.27225 0.3897378277153558 0.26325 0.38786516853932584 0.24575 0.38786516853932584
3 0.15125 0.19235955056179774 0.14525 0.20134831460674157 0.13675 0.21558052434456929 0.13525 0.21932584269662922 0.13525 0.230187265917603 0.13925 0.23730337078651687 0.14325 0.2395505617977528 0.14475 0.2432958801498127 0.14125 0.2545318352059925 0.14325 0.26352059925093635 0.14925 0.2691385767790262 0.15525 0.27138576779026213 0.16274999999999998 0.27700374531835203 0.17475000000000002 0.28 0.18125 0.27775280898876403 0.19024999999999997 0.27250936329588016 0.19475 0.27101123595505616 0.20625 0.2676404494382022 0.22824999999999998 0.26726591760299623 0.24525 0.2680149812734082 0.26025 0.27026217228464416 0.26875 0.26951310861423217 0.27675 0.25940074906367044 0.28125 0.24029962546816477 0.27575 0.2197003745318352 0.26675 0.20734082397003745 0.25325 0.19722846441947564 0.24225000000000002 0.1908614232209738 0.23225 0.1856179775280899 0.22175 0.18936329588014983 0.21775 0.18749063670411986 0.20575 0.17850187265917603 0.19475 0.17850187265917603 0.18225000000000002 0.18000000000000002 0.17074999999999999 0.18262172284644193 0.16475 0.1844943820224719
3 0.29975 0.40696629213483143 0.29925 0.4148314606741573 0.30175 0.4260674157303371 0.30524999999999997 0.4414232209737828 0.31425000000000003 0.45565543071161047 0.33025 0.4650187265917603 0.34674999999999995 0.46838951310861426 0.36325 0.46764044943820227 0.36924999999999997 0.4642696629213483 0.36424999999999996 0.4552808988764045 0.36325 0.4470411985018727 0.36625 0.4399250936329588 0.37274999999999997 0.43617977528089885 0.38425 0.4350561797752809 0.39425 0.4354307116104869 0.39425 0.4350561797752809 0.38375 0.42719101123595504 0.37174999999999997 0.42382022471910114 0.36174999999999996 0.4200749063670412 0.35174999999999995 0.41745318352059924 0.34725 0.41295880149812736 0.34025 0.40621722846441943 0.33325000000000005 0.4020973782771536 0.32475000000000004 0.3994756554307116 0.31825 0.39760299625468165 0.31175 0.3979775280898877 0.30125 0.3994756554307116 0.30024999999999996 0.4002247191011236
3 0.72885 0.19333333333333333 0.7088500000000001 0.21097378277153558 0.6933499999999999 0.23303370786516853 0.6868500000000001 0.2510486891385768 0.69085 0.261123595505618 0.70085 0.26790262172284646 0.72635 0.27198501872659175 0.7413500000000001 0.2794756554307116 0.76735 0.292247191011236 0.78035 0.29670411985018724 0.80285 0.2944569288389513 0.8168500000000001 0.2779775280898876 0.82985 0.260749063670412 0.83485 0.23865168539325843 0.83635 0.21243445692883894 0.83185 0.19745318352059923 0.81035 0.18662921348314607 0.79185 0.1847565543071161 0.75835 0.18737827715355806 0.74335 0.18771535580524343