0 0.5681666666666666 0.625297619047619 0.5638333333333333 0.6176190476190476 0.5591666666666667 0.6211309523809524 0.5588333333333334 0.6325000000000001 0.5675 0.6377976190476191 0.5695 0.6354761904761905
0 0.5301666666666667 0.475297619047619 0.5245 0.4633928571428571 0.5181666666666667 0.450952380952381 0.5131666666666667 0.44910714285714287 0.5105000000000001 0.45446428571428565 0.5135000000000001 0.4610119047619048 0.5198333333333333 0.4729166666666667 0.5251666666666667 0.4836904761904762 0.5275 0.4860119047619048
0 0.28209999999999996 0.4560119047619048 0.2740666666666667 0.4482738095238095 0.2617333333333333 0.4506547619047619 0.24839999999999998 0.44946428571428576 0.2464 0.43636904761904766 0.24376666666666666 0.4161309523809524 0.24109999999999998 0.41077380952380954 0.24006666666666665 0.4286309523809524 0.23973333333333333 0.44767857142857137 0.24109999999999998 0.46017857142857144 0.24839999999999998 0.45720238095238097 0.2624 0.45839285714285716 0.27140000000000003 0.4631547619047619 0.27673333333333333 0.46791666666666665 0.28006666666666663 0.46613095238095237
0 0.4124 0.4560119047619048 0.4094333333333333 0.45898809523809525 0.4090666666666667 0.4655357142857143 0.4130666666666667 0.4691071428571429 0.4180666666666667 0.4726785714285714 0.4214 0.4845833333333333 0.42406666666666665 0.4804166666666666 0.42306666666666665 0.47327380952380954 0.4187666666666667 0.46375
0 0.37876666666666664 0.45898809523809525 0.36973333333333336 0.47208333333333335 0.3684 0.4845833333333333 0.3734 0.4839880952380953 0.3761 0.47327380952380954 0.3821 0.46613095238095237
0 0.24699999999999997 0.6696428571428571 0.26266666666666666 0.7105357142857143 0.27713333333333334 0.7180952380952381 0.2970333333333333 0.7202380952380952 0.3073 0.7170238095238095 0.32176666666666665 0.70625 0.3048666666666666 0.7019642857142857 0.2819666666666667 0.7041071428571429 0.2687 0.696547619047619 0.2614666666666667 0.6804166666666667 0.25603333333333333 0.6717857142857143
3 0.5307666666666666 0.24035714285714288 0.5004000000000001 0.30494047619047615 0.4895333333333334 0.3372023809523809 0.4808666666666666 0.4793452380952381 0.4822333333333333 0.6654166666666667 0.48156666666666664 0.7958928571428572 0.5083666666666666 0.8850595238095238 0.5365666666666666 0.9238095238095237 0.5734666666666667 0.9315476190476191 0.6045666666666667 0.9199404761904763 0.6422 0.88375 0.6740333333333334 0.7945833333333334 0.7015333333333333 0.6912499999999999 0.7362666666666666 0.6382738095238095 0.7572333333333333 0.585297619047619 0.7651333333333333 0.49613095238095234 0.7601333333333333 0.4367261904761905 0.7536333333333334 0.38761904761904764 0.7362666666666666 0.3643452380952381 0.7116666666666667 0.35273809523809524 0.6688999999999999 0.3255952380952381 0.6349666666666667 0.2791071428571429 0.6082000000000001 0.2519642857142857 0.5908333333333333 0.2313095238095238 0.5705666666666667 0.2313095238095238
3 0.8028333333333333 0.3656547619047619 0.7746 0.42250000000000004 0.7659333333333334 0.4948214285714285 0.7572333333333333 0.6382738095238095 0.7716999999999999 0.7506547619047619 0.8086000000000001 0.8850595238095238 0.8513 0.9431547619047619 0.9048333333333333 0.9470238095238095 0.9460666666666666 0.9070238095238095 1 0.7982142857142857 1 0.5819047619047619 0.9981666666666666 0.3643452380952381 0.9895 0.3682142857142857 0.9605333333333335 0.3669642857142857 0.9149666666666667 0.3475595238095238 0.8787999999999999 0.33851190476190474 0.8613666666666667 0.33464285714285713 0.8288666666666666 0.3398214285714286
3 0.2363 0.2997619047619048 0.2269 0.4845238095238096 0.22616666666666665 0.5878571428571429 0.24066666666666667 0.6770238095238095 0.258 0.7157738095238095 0.2934666666666667 0.7364285714285714 0.31733333333333336 0.7273809523809524 0.3520666666666667 0.6783333333333333 0.4172 0.5801190476190475 0.46203333333333335 0.5142261904761904 0.4823 0.47547619047619044 0.4852 0.3940476190476191 0.48810000000000003 0.3436904761904762 0.4975 0.3088095238095238 0.5156000000000001 0.27392857142857147 0.5315 0.24422619047619049 0.5025666666666667 0.21321428571428572 0.4750666666666667 0.20416666666666666 0.4439666666666667 0.20154761904761903 0.41646666666666665 0.2093452380952381 0.3926 0.22226190476190477 0.368 0.21839285714285714 0.347 0.20541666666666666 0.3224 0.19511904761904764 0.3057666666666667 0.19898809523809524 0.2826 0.20154761904761903 0.26163333333333333 0.21577380952380953 0.2507666666666667 0.2467857142857143
1 0.6572666666666667 0.7780952380952381 0.6265666666666667 0.8210119047619048 0.5842666666666667 0.840297619047619 0.5419666666666667 0.834345238095238 0.5212333333333333 0.8151190476190476 0.5096333333333333 0.8017857142857142 0.49056666666666665 0.7588095238095238 0.4930333333333333 0.7973214285714285 0.5121333333333333 0.8476785714285714 0.5345 0.8995238095238095 0.5743333333333334 0.9069642857142858 0.61 0.8936309523809524 0.6324 0.8639880952380953 0.6489666666666667 0.8329166666666667 0.6589333333333334 0.8047619047619047
0 0.7041666666666667 0.5860119047619048 0.7021666666666667 0.6057142857142858 0.7005 0.624702380952381 0.6928333333333333 0.6419642857142857 0.6841666666666667 0.6544642857142857 0.6808333333333333 0.6675595238095239 0.6931666666666666 0.6705357142857143 0.7025 0.6645833333333334 0.7088333333333333 0.6520833333333333 0.7121666666666667 0.6414285714285715 0.7108333333333333 0.6223214285714286 0.7095 0.6044642857142857
0 0.6668333333333334 0.5651785714285714 0.6608333333333334 0.562202380952381 0.6511666666666667 0.5651785714285714 0.6518333333333334 0.5770833333333334 0.6558333333333334 0.5854166666666666 0.6608333333333334 0.5848809523809524 0.6658333333333334 0.5764880952380952