3 0.7332954545454545 0.35064999999999996 0.7185227272727273 0.35965 0.7060227272727272 0.37415 0.6939015151515151 0.39565 0.6950378787878788 0.42765000000000003 0.7026136363636364 0.44415 0.70375 0.46915 0.7064015151515152 0.48815 0.7143560606060606 0.50515 0.7306439393939393 0.52065 0.7420075757575757 0.52765 0.7499621212121212 0.52565 0.7552651515151515 0.52165 0.7571590909090908 0.51015 0.7601893939393939 0.48015 0.7609469696969696 0.45115 0.7639772727272727 0.42015 0.7624621212121212 0.38965000000000005 0.7582954545454546 0.36915 0.7514772727272727 0.35564999999999997 0.7431439393939394 0.34915
3 0.22875 0.5386500000000001 0.21928030303030302 0.56565 0.21473484848484847 0.59015 0.21928030303030302 0.60265 0.23178030303030303 0.59665 0.24693181818181817 0.58565 0.25943181818181815 0.5741499999999999 0.2696590909090909 0.56215 0.2726893939393939 0.54515 0.2738257575757576 0.52565 0.2689015151515151 0.51915 0.2590530303030303 0.51765 0.24882575757575756 0.51615 0.23821969696969697 0.52315 0.2321590909090909 0.53415
3 0.8159848484848484 0.48935 0.8087878787878788 0.49985 0.7978030303030303 0.51585 0.7890909090909091 0.5398499999999999 0.7887121212121212 0.55635 0.7981818181818182 0.5618500000000001 0.8084090909090909 0.5668500000000001 0.8175 0.55835 0.8224242424242424 0.54635 0.8262121212121212 0.52585 0.8281060606060606 0.50885 0.8296212121212122 0.49634999999999996 0.8231818181818181 0.48935
3 0.27609848484848487 0.51465 0.2738257575757576 0.53415 0.2730681818181818 0.5496500000000001 0.2715530303030303 0.57465 0.2700378787878788 0.61165 0.2700378787878788 0.62515 0.275719696969697 0.63465 0.2916287878787879 0.63615 0.2969318181818182 0.6306499999999999 0.3048863636363636 0.61515 0.3094318181818182 0.59515 0.3204166666666667 0.57665 0.32988636363636364 0.56615 0.3351893939393939 0.54415 0.3351893939393939 0.53115 0.3367045454545455 0.51615 0.3329166666666667 0.50465 0.32268939393939394 0.49665 0.30981060606060606 0.49265000000000003 0.2988257575757576 0.49265000000000003 0.28897727272727275 0.50015 0.27988636363636366 0.50865
3 0.19693181818181818 0.42164999999999997 0.1931439393939394 0.43315 0.18708333333333332 0.46665 0.1893560606060606 0.49365000000000003 0.1999621212121212 0.52815 0.20829545454545456 0.54115 0.21473484848484847 0.54215 0.2234469696969697 0.54215 0.23329545454545456 0.53115 0.23897727272727273 0.52215 0.24428030303030301 0.50965 0.2454166666666667 0.49115000000000003 0.24049242424242426 0.46715 0.23821969696969697 0.44965000000000005 0.22875 0.42965000000000003 0.22306818181818183 0.42465 0.21208333333333335 0.42015 0.2052651515151515 0.41865
3 0.43140151515151515 0.31915 0.4234469696969697 0.32315 0.4052651515151515 0.34665 0.39314393939393943 0.37815 0.38973484848484846 0.41314999999999996 0.38708333333333333 0.45165 0.38784090909090907 0.48314999999999997 0.3984469696969697 0.49415 0.4189015151515152 0.5006499999999999 0.4355681818181818 0.50165 0.45261363636363633 0.50215 0.47837121212121214 0.49965000000000004 0.4923863636363637 0.49715000000000004 0.5041287878787879 0.49265000000000003 0.5075378787878788 0.48564999999999997 0.5090530303030303 0.47015 0.5086742424242424 0.44415 0.5056439393939395 0.41115 0.5052651515151515 0.38115000000000004 0.5018560606060607 0.36064999999999997 0.49465909090909094 0.34365 0.48102272727272727 0.33015 0.46662878787878787 0.32315 0.45071969696969694 0.31965 0.4401136363636364 0.31965
3 0.7190151515151515 0.51335 0.7137121212121211 0.51885 0.7159848484848486 0.54135 0.7182575757575758 0.55885 0.7262121212121212 0.58335 0.7364393939393938 0.60485 0.7496969696969696 0.61635 0.761060606060606 0.62235 0.7701515151515151 0.62085 0.770530303030303 0.6003499999999999 0.7686363636363636 0.58085 0.7625757575757576 0.56385 0.7565151515151515 0.5468500000000001 0.7538636363636364 0.53085 0.7474242424242424 0.52835 0.7375757575757576 0.5278499999999999 0.7281060606060606 0.52035 0.7231818181818181 0.51585
3 0.49655303030303033 0.49615000000000004 0.49655303030303033 0.5071 0.49655303030303033 0.52665 0.49617424242424246 0.55665 0.4935227272727272 0.58665 0.4920075757575757 0.6096 0.4855681818181818 0.63015 0.47382575757575757 0.6420999999999999 0.4571590909090909 0.6420999999999999 0.44693181818181815 0.63365 0.4378409090909091 0.61365 0.4306439393939394 0.59765 0.42458333333333337 0.58365 0.422689393939394 0.5731 0.4219318181818182 0.5506 0.42231060606060605 0.5336500000000001 0.4230681818181818 0.51415 0.422689393939394 0.50165 0.42647727272727276 0.50165 0.44238636363636363 0.5031 0.45412878787878785 0.50365 0.47571969696969696 0.4996 0.4821590909090909 0.49810000000000004 0.49276515151515154 0.4946
3 0.7768560606060606 0.43165 0.7635984848484849 0.44465000000000005 0.7586742424242424 0.46865 0.7564015151515151 0.49565 0.7541287878787879 0.52515 0.7526136363636363 0.53615 0.76625 0.55665 0.7738257575757576 0.56415 0.788219696969697 0.54065 0.7912499999999999 0.52665 0.7950378787878787 0.50465 0.7965530303030303 0.47465 0.7969318181818181 0.45165 0.7924242424242424 0.439 0.7836742424242423 0.43015000000000003
3 0.39049242424242425 0.48915 0.38253787878787876 0.48915 0.36511363636363636 0.49215000000000003 0.35791666666666666 0.49215000000000003 0.3450378787878788 0.49465000000000003 0.3408712121212121 0.50265 0.3344318181818182 0.52765 0.3348106060606061 0.54865 0.3397348484848485 0.58765 0.34768939393939396 0.61315 0.35261363636363635 0.62465 0.3594318181818182 0.63315 0.369280303030303 0.63865 0.3810227272727273 0.64015 0.3920075757575757 0.63265 0.4026136363636364 0.61765 0.40867424242424244 0.6021500000000001 0.41511363636363635 0.5871500000000001 0.4173863636363636 0.57715 0.4200378787878788 0.56165 0.4211742424242424 0.54515 0.4230681818181818 0.52915 0.4219318181818182 0.51215 0.42041666666666666 0.49915 0.4082954545454546 0.49765 0.4003409090909091 0.49265000000000003
3 0.15121212121212121 0.48034999999999994 0.14742424242424243 0.50335 0.14742424242424243 0.52735 0.1553030303030303 0.5495 0.1640909090909091 0.55785 0.17507575757575758 0.55635 0.1859848484848485 0.5455 0.1853030303030303 0.52635 0.17696969696969697 0.50235 0.1637121212121212 0.48335 0.1553787878787879 0.48235
3 0.6397348484848484 0.35765 0.6321590909090908 0.37165 0.6223106060606061 0.38965000000000005 0.6196590909090909 0.41465 0.6268560606060607 0.43415 0.6264772727272727 0.45415 0.6295075757575758 0.47265 0.6450378787878788 0.49015000000000003 0.6692803030303031 0.50015 0.6836742424242425 0.5006499999999999 0.6995833333333333 0.49515 0.70375 0.47415 0.7014772727272727 0.44065 0.6961742424242424 0.41314999999999996 0.6920075757575758 0.38965000000000005 0.681780303030303 0.37515 0.6647348484848485 0.36215 0.65375 0.35715
3 0.24693181818181817 0.36115 0.24087121212121212 0.37565 0.23481060606060608 0.40215 0.23481060606060608 0.43115000000000003 0.2397348484848485 0.46615 0.24693181818181817 0.49365000000000003 0.2522348484848485 0.51215 0.2571590909090909 0.51465 0.26246212121212126 0.51715 0.2742045454545455 0.51365 0.2832954545454546 0.50815 0.2916287878787879 0.49715000000000004 0.3003409090909091 0.48365 0.30299242424242423 0.47165 0.30261363636363636 0.45565 0.30299242424242423 0.43315 0.30606060606060603 0.4165 0.3098484848484848 0.39549999999999996 0.2885984848484848 0.37165 0.2742045454545455 0.35965 0.26132575757575754 0.35564999999999997
3 0.49655303030303033 0.49615000000000004 0.4969318181818182 0.5231 0.49465909090909094 0.5581 0.4969318181818182 0.5881000000000001 0.5018560606060607 0.61765 0.5075378787878788 0.6281 0.5207954545454546 0.6381 0.5332954545454545 0.63615 0.5541287878787878 0.60865 0.5582954545454545 0.59265 0.5605681818181818 0.57265 0.5605681818181818 0.55115 0.5609469696969697 0.5321 0.5609848484848484 0.512 0.5609848484848484 0.505 0.5412499999999999 0.5046 0.5332954545454545 0.5031 0.5242045454545454 0.49915 0.5139772727272727 0.49415 0.5079166666666667 0.49265000000000003 0.497310606060606 0.49365000000000003
3 0.5355681818181818 0.33565 0.5265151515151515 0.35100000000000003 0.5204166666666666 0.36465000000000003 0.5154924242424243 0.37715000000000004 0.5105681818181818 0.39715000000000006 0.506780303030303 0.42615000000000003 0.5079166666666667 0.45515 0.5105681818181818 0.47615 0.5166287878787879 0.49465000000000003 0.5291287878787879 0.50115 0.5514772727272728 0.50515 0.565871212121212 0.5056499999999999 0.5859469696969697 0.5056499999999999 0.5984469696969698 0.50515 0.6079166666666667 0.50115 0.61625 0.49315 0.6226893939393939 0.47564999999999996 0.6260984848484848 0.45165 0.6260984848484848 0.43015000000000003 0.6211742424242425 0.40865 0.61625 0.39315 0.6098106060606061 0.37065 0.6048863636363636 0.35365 0.5995833333333334 0.34015 0.5870833333333334 0.33015 0.5719318181818183 0.32765 0.5617045454545454 0.32665 0.547689393939394 0.32665
3 0.3340530303030303 0.34615 0.32609848484848486 0.35115 0.30981060606060606 0.39665 0.3048863636363636 0.42615000000000003 0.30299242424242423 0.46615 0.30829545454545454 0.48615 0.32534090909090907 0.49115000000000003 0.3465530303030303 0.49315 0.37609848484848485 0.49165 0.3840530303030303 0.48465 0.38821969696969694 0.46915 0.3889772727272727 0.44565 0.38973484848484846 0.41865 0.39011363636363633 0.39515 0.38670454545454547 0.37465000000000004 0.37875 0.36315 0.3700378787878788 0.35165 0.3575378787878788 0.34564999999999996 0.3465530303030303 0.34265
3 0.5670075757575758 0.50665 0.565871212121212 0.51615 0.565871212121212 0.53415 0.5681439393939395 0.56515 0.5719318181818183 0.59015 0.5832954545454546 0.61265 0.594659090909091 0.61765 0.6132196969696969 0.6221 0.6245833333333333 0.62115 0.631780303030303 0.61265 0.6370833333333333 0.5981000000000001 0.6423863636363637 0.5806 0.6454166666666666 0.5646 0.6480681818181818 0.5431 0.6499621212121213 0.5221 0.647689393939394 0.51015 0.6450378787878788 0.49915 0.6367045454545455 0.49165 0.6276136363636363 0.48710000000000003 0.6207954545454545 0.48664999999999997 0.6154924242424242 0.49165 0.6086742424242424 0.49810000000000004 0.5950378787878788 0.50365 0.5806439393939393 0.50615
3 0.6586742424242423 0.49815 0.6541287878787879 0.50265 0.6503409090909091 0.51315 0.6492045454545454 0.53515 0.6526136363636363 0.5496500000000001 0.6556439393939394 0.56365 0.6635984848484848 0.57865 0.6745833333333333 0.59965 0.6821590909090909 0.61465 0.6923863636363636 0.62965 0.7018560606060605 0.63365 0.7147348484848485 0.63365 0.7207954545454545 0.62365 0.7268560606060606 0.60915 0.7260984848484848 0.59415 0.7211742424242423 0.56965 0.7173863636363635 0.54815 0.7139772727272727 0.5296500000000001 0.7094318181818181 0.51465 0.7003409090909091 0.49865000000000004 0.6969318181818183 0.49765 0.6893560606060607 0.49865000000000004 0.6700378787878787 0.5006499999999999 0.6628409090909091 0.49915