3 0.6328428093645485 0.40230769230769226 0.6100334448160535 0.42189349112426033 0.5989966555183946 0.4518343195266272 0.6070903010033445 0.49218934911242607 0.6173913043478261 0.524733727810651 0.6387290969899665 0.5559763313609467 0.6608026755852843 0.5546745562130178 0.6872909698996655 0.5455621301775148 0.7049832775919732 0.5325443786982249 0.7086956521739131 0.5088757396449705 0.7070234113712375 0.4556213017751479 0.6998327759197325 0.4010059171597633 0.6954180602006689 0.3788757396449704 0.6762541806020067 0.3723668639053254 0.6475585284280937 0.3801775147928994
3 0.18822742474916387 0.3555029585798816 0.1888628762541806 0.3869822485207101 0.19438127090301002 0.4455621301775148 0.20602006688963212 0.4911242603550296 0.21889632107023413 0.5215384615384615 0.23361204013377926 0.5497041420118344 0.24782608695652172 0.5431952662721893 0.2569230769230769 0.529112426035503 0.25809364548494984 0.5020118343195267 0.25508361204013374 0.44881656804733727 0.2569230769230769 0.4325443786982248 0.25117056856187286 0.4153846153846154 0.23846153846153845 0.39704142011834315 0.21505016722408027 0.37514792899408284 0.1973913043478261 0.3598224852071006
3 0.8091973244147157 0.4454437869822485 0.8187959866220735 0.4378698224852071 0.8219732441471572 0.43414201183431955 0.8287290969899666 0.4265680473372781 0.8510702341137124 0.42343195266272193 0.8595986622073578 0.4347337278106509 0.8542809364548495 0.456094674556213 0.8496655518394649 0.48372781065088755 0.8443478260869566 0.5025443786982249 0.8358193979933111 0.5101183431952663 0.828361204013378 0.5201775147928994 0.8187959866220735 0.5188757396449704 0.8098996655518395 0.5000591715976331 0.8028093645484949 0.49 0.8035117056856187 0.4717751479289941 0.8045819397993311 0.4573372781065089
3 0.08147157190635451 0.4314792899408284 0.07478260869565218 0.4520710059171598 0.07785953177257525 0.4802958579881657 0.07846153846153846 0.4998224852071006 0.09250836120401337 0.5215384615384615 0.09993311036789297 0.5215384615384615 0.11096989966555183 0.5182840236686391 0.1226086956521739 0.5063313609467455 0.12324414715719063 0.4987573964497042 0.12324414715719063 0.47378698224852067 0.12140468227424749 0.45857988165680474 0.11036789297658862 0.44775147928994086 0.09133779264214047 0.4336094674556213
3 0.15943143812709032 0.4325443786982248 0.15695652173913044 0.44988165680473374 0.15695652173913044 0.47591715976331367 0.16424749163879598 0.5052662721893492 0.17230769230769233 0.5226035502958579 0.18334448160535116 0.5356213017751479 0.19622073578595317 0.5410650887573965 0.2054180602006689 0.5258579881656805 0.20725752508361203 0.5041420118343195 0.2048160535117057 0.47485207100591714 0.19622073578595317 0.4575147928994082 0.1802675585284281 0.44881656804733727 0.16856187290969898 0.43905325443786986
3 0.12752508361204015 0.4336094674556213 0.12324414715719063 0.44449704142011837 0.12010033444816053 0.46508875739644967 0.12384615384615386 0.4824260355029586 0.12444816053511706 0.511775147928994 0.13488294314381272 0.5269230769230769 0.14715719063545152 0.5345562130177515 0.16003344481605353 0.5323668639053254 0.16494983277591974 0.520414201183432 0.16003344481605353 0.49224852071005915 0.15943143812709032 0.47378698224852067 0.15387959866220735 0.45639053254437867 0.14468227424749164 0.44775147928994086 0.1414715719063545 0.4402366863905326 0.13304347826086957 0.4336094674556213
3 0.48050167224080265 0.43881656804733726 0.47829431438127085 0.47786982248520715 0.48344481605351175 0.5273372781065089 0.4856521739130435 0.5637869822485208 0.5033110367892977 0.5976331360946746 0.5253846153846154 0.6041420118343195 0.551170568561873 0.6041420118343195 0.5813377926421405 0.5989349112426036 0.6048829431438127 0.5676923076923077 0.6100334448160535 0.5182248520710059 0.6048829431438127 0.46745562130177515 0.5982608695652174 0.43100591715976333 0.5776588628762542 0.41142011834319525 0.541571906354515 0.4166272189349112 0.5143478260869565 0.42189349112426033 0.49153846153846154 0.4297041420118343
3 0.8558528428093646 0.45147928994082837 0.8638795986622074 0.449112426035503 0.8715719063545151 0.4372781065088758 0.8842809364548494 0.427810650887574 0.8936454849498328 0.42485207100591715 0.8949832775919733 0.4455621301775148 0.8926421404682273 0.47041420118343197 0.888628762541806 0.4857988165680473 0.88561872909699 0.4982248520710059 0.8769230769230769 0.5071005917159763 0.8668896321070234 0.5082840236686391 0.859866220735786 0.5053254437869823 0.851505016722408 0.4976331360946745 0.8481605351170568 0.49171597633136094 0.848494983277592 0.4822485207100592 0.8525083612040134 0.4698224852071006 0.8545150501672241 0.45621301775147927
3 0.7719397993311037 0.4291124260355029 0.7808026755852843 0.43035502958579885 0.7935785953177258 0.4259763313609467 0.798561872909699 0.4184023668639053 0.8049498327759198 0.4259763313609467 0.8060200668896321 0.4454437869822485 0.8042474916387959 0.4680473372781065 0.8006688963210703 0.48124260355029586 0.7946488294314381 0.5101183431952663 0.7914715719063545 0.5188757396449704 0.7857859531772575 0.5220118343195266 0.7758528428093645 0.5138461538461538 0.7690969899665552 0.5025443786982249 0.7634113712374582 0.49378698224852074 0.7609364548494983 0.4875147928994083 0.7620066889632107 0.4736686390532544 0.7662541806020068 0.46236686390532544 0.7683946488294314 0.44792899408284026 0.7697993311036789 0.4378698224852071
3 0.707190635451505 0.4166863905325444 0.7116053511705686 0.4088165680473373 0.7277926421404682 0.39189349112426036 0.7491304347826088 0.3736686390532544 0.7697324414715719 0.3450295857988166 0.777257525083612 0.36213017751479293 0.7735785953177258 0.4035502958579882 0.7689966555183947 0.44792899408284026 0.7608695652173914 0.48461538461538467 0.7461538461538462 0.5142011834319526 0.728428093645485 0.5248520710059171 0.7145484949832777 0.5208284023668639 0.7101337792642141 0.503905325443787
3 0.36297658862876253 0.4075739644970414 0.3550501672240803 0.4314792899408284 0.35016722408026757 0.46615384615384614 0.35016722408026757 0.4987573964497042 0.34953177257525087 0.5323668639053254 0.351371237458194 0.5497041420118344 0.3624080267558528 0.5790532544378698 0.3802006688963211 0.5996449704142012 0.40658862876254176 0.6115976331360947 0.4114715719063545 0.6126627218934911 0.4311036789297659 0.6050887573964497 0.45933110367892976 0.5876923076923076 0.472809364548495 0.5736094674556212 0.47337792642140464 0.5584023668639053 0.4752508361204013 0.5345562130177515 0.4770903010033445 0.507396449704142 0.4770903010033445 0.46940828402366863 0.4709698996655518 0.43798816568047333 0.44337792642140467 0.41082840236686397 0.41638795986622074 0.40431952662721893 0.40474916387959864 0.40106508875739644 0.3765217391304348 0.40218934911242604
3 0.27163879598662205 0.38479289940828404 0.26361204013377926 0.39023668639053255 0.2563210702341137 0.4325443786982248 0.2532441471571906 0.44881656804733727 0.26 0.5020118343195267 0.2759531772575251 0.5410650887573965 0.29618729096989965 0.5508284023668639 0.31214046822742475 0.5508284023668639 0.3335785953177257 0.537810650887574 0.34090301003344486 0.5258579881656805 0.3458528428093645 0.5128402366863906 0.3489297658862876 0.47810650887573963 0.3550501672240803 0.4412426035502958 0.355685618729097 0.4205917159763313 0.3353846153846154 0.406508875739645 0.32806020066889635 0.39349112426035504 0.30722408026755854 0.3793491124260355 0.29250836120401336 0.37609467455621304 0.28083612040133776 0.38479289940828404