3 0.86985 0.4743125 0.87835 0.45806250000000004 0.88385 0.4524375 0.89335 0.4430625 0.8978499999999999 0.45056250000000003 0.89885 0.4680625 0.88735 0.5399375 0.88485 0.5505625000000001 0.87385 0.5661875000000001 0.86685 0.5693125 0.85885 0.5705625000000001 0.85485 0.5699375 0.8523499999999999 0.5611875000000001 0.85135 0.5568125 0.85135 0.5461875 0.85435 0.5380625 0.86285 0.5143125000000001 0.86485 0.5049375 0.86735 0.4918125 0.86535 0.48306250000000006
3 0.5252 0.6545625 0.5212 0.6614375 0.5202 0.6883125 0.5196999999999999 0.7001875 0.5186999999999999 0.7076875 0.5317000000000001 0.7151875000000001 0.5497 0.7176875 0.5617 0.7220625 0.5757 0.7258125 0.5912 0.7289375 0.6007 0.7289375 0.6122 0.7258125 0.6172 0.7220625 0.6207 0.7089375 0.6162 0.6926875 0.6082 0.6808125 0.5857 0.6701875 0.5657 0.6620625 0.5462 0.6576875 0.5372 0.6551875
3 0.2775 0.27131249999999996 0.25505 0.2866875 0.24275 0.327375 0.23915 0.35724999999999996 0.23695 0.39249999999999996 0.2384 0.41331249999999997 0.2572 0.43949999999999995 0.27605 0.45218749999999996 0.3035 0.462125 0.32375 0.4639375 0.33604999999999996 0.4485625 0.33825000000000005 0.41237500000000005 0.33825000000000005 0.388 0.34115 0.360875 0.3346 0.34187500000000004 0.32885 0.32018749999999996 0.32305 0.30025 0.31365 0.287625 0.3028 0.2785625 0.29195 0.2749375
3 0.38744999999999996 0.31025 0.3679 0.330125 0.34835 0.360875 0.3368 0.396125 0.3346 0.4286875 0.33604999999999996 0.46125 0.3375 0.4684375 0.33895000000000003 0.48200000000000004 0.35055 0.49468750000000006 0.36575 0.5028125 0.39030000000000004 0.5118750000000001 0.4294 0.52 0.44675 0.5226875 0.4612 0.520875 0.47135 0.504625 0.4793 0.48200000000000004 0.48365 0.4485625 0.4858 0.4214375 0.48219999999999996 0.3943125 0.4757 0.369875 0.46990000000000004 0.3481875 0.4576 0.327375 0.44315 0.3129375 0.4236 0.3020625 0.4077 0.3011875
3 0.6455500000000001 0.44337499999999996 0.6325500000000001 0.45837500000000003 0.6295499999999999 0.46275000000000005 0.62705 0.47087500000000004 0.62205 0.509 0.61905 0.53525 0.61805 0.549625 0.62655 0.560875 0.6415500000000001 0.5615 0.65905 0.5615 0.67205 0.5615 0.6905500000000001 0.563375 0.70155 0.562125 0.71155 0.55025 0.71855 0.542125 0.72205 0.5315000000000001 0.72655 0.5115000000000001 0.7310500000000001 0.48462500000000003 0.7325499999999999 0.46399999999999997 0.72955 0.44525 0.72555 0.43025 0.72005 0.419625 0.71555 0.41275000000000006 0.6905500000000001 0.40525 0.67955 0.409625 0.66705 0.418375 0.6550499999999999 0.42774999999999996
3 0.19210000000000002 0.207125 0.17765 0.21525 0.1697 0.23337500000000003 0.16535 0.2605 0.1632 0.30481250000000004 0.1632 0.33825 0.16605 0.37712500000000004 0.1726 0.39249999999999996 0.1892 0.40787500000000004 0.21525 0.4060625 0.22829999999999998 0.3934375 0.2348 0.3834375 0.23985 0.3563125 0.24350000000000002 0.3265 0.24420000000000003 0.3020625 0.23550000000000001 0.2749375 0.22465 0.25593750000000004 0.2189 0.2388125 0.21455 0.2279375 0.21309999999999998 0.2170625 0.2066 0.20987499999999998
3 0.14150000000000001 0.21618750000000003 0.146 0.2225 0.154 0.231875 0.162 0.241875 0.16535 0.25775000000000003 0.1632 0.2785625 0.1632 0.311125 0.16535 0.337375 0.161 0.3518125 0.1552 0.360875 0.1422 0.3708125 0.12484999999999999 0.3735 0.11035 0.365375 0.10965 0.3518125 0.10965 0.299375 0.11470000000000001 0.26775000000000004 0.11689999999999999 0.2505625 0.12775 0.22974999999999998 0.1386 0.21618750000000003
3 0.42935 0.6205 0.42385 0.6367499999999999 0.41985 0.653 0.41784999999999994 0.667375 0.41585 0.689875 0.41635 0.702375 0.42735 0.708 0.45235 0.7136250000000001 0.46835 0.7155 0.48585 0.7155 0.49735 0.716125 0.50685 0.7155 0.51485 0.708625 0.51885 0.6917500000000001 0.52035 0.671125 0.52085 0.65175 0.51485 0.642375 0.49884999999999996 0.6367499999999999 0.48034999999999994 0.6305 0.46085 0.623 0.44335 0.616125 0.43134999999999996 0.6136250000000001
3 0.4894 0.42056250000000006 0.48145000000000004 0.4449375 0.47855 0.469375 0.4764 0.4955625 0.47715 0.5226875 0.49450000000000005 0.5426249999999999 0.5277499999999999 0.5525625 0.5473 0.5606875 0.5748 0.563375 0.5972 0.563375 0.61675 0.5444375 0.6211 0.5155000000000001 0.6232500000000001 0.481125 0.62975 0.45218749999999996 0.62975 0.424125 0.62255 0.391625 0.6131 0.3744375 0.5965 0.360875 0.57115 0.3590625 0.5479999999999999 0.3635625 0.52485 0.3753125 0.51185 0.391625
3 0.8210500000000001 0.484 0.80905 0.49775 0.8050499999999999 0.51275 0.79805 0.5365 0.7950499999999999 0.5589999999999999 0.79955 0.57275 0.8105500000000001 0.588375 0.82255 0.595875 0.8345 0.589375 0.8420000000000001 0.571875 0.8554999999999999 0.531875 0.86505 0.502125 0.8675499999999999 0.47087500000000004 0.86655 0.45275 0.85405 0.44712500000000005 0.8425499999999999 0.45775 0.8305500000000001 0.47462499999999996 0.82255 0.48150000000000004
3 0.24385 0.5623750000000001 0.24085 0.577375 0.24085 0.59925 0.25035 0.603625 0.26385000000000003 0.6054999999999999 0.27385000000000004 0.608 0.28885 0.61925 0.29485 0.62675 0.30235 0.631125 0.31135 0.641125 0.32685000000000003 0.653 0.32735 0.647375 0.32785 0.62675 0.32635 0.6092500000000001 0.32435 0.593 0.32234999999999997 0.57675 0.31035 0.5705 0.29785 0.567375 0.28435 0.56425 0.26885000000000003 0.561125 0.25684999999999997 0.5586249999999999 0.25085 0.5586249999999999
3 0.74155 0.468375 0.72855 0.489 0.72455 0.513375 0.7230500000000001 0.53025 0.72055 0.5433749999999999 0.73005 0.564625 0.73905 0.57775 0.75605 0.588375 0.7665500000000001 0.589 0.7855500000000001 0.573375 0.79705 0.55025 0.80355 0.5277499999999999 0.80755 0.49400000000000005 0.8105500000000001 0.46900000000000003 0.81755 0.45275 0.82155 0.440875 0.82205 0.42712500000000003 0.8230500000000001 0.41025 0.81655 0.40275 0.80905 0.402125 0.78605 0.42212500000000003 0.77255 0.437125 0.75905 0.45149999999999996 0.74705 0.464625
3 0.34235 0.586125 0.35534999999999994 0.593 0.37985 0.599875 0.40235 0.608625 0.42284999999999995 0.61175 0.42985 0.61925 0.42135 0.648 0.41784999999999994 0.663625 0.41284999999999994 0.6805 0.40735 0.6917500000000001 0.39635 0.6955 0.38685 0.688625 0.368 0.6725 0.3555 0.6599999999999999 0.34135 0.6511250000000001 0.33185000000000003 0.648625 0.33185000000000003 0.64175 0.33385 0.62425 0.33435000000000004 0.604875 0.33585 0.5898749999999999