3 0.3907641196013289 0.31525 0.3777408637873754 0.34840000000000004 0.36970099667774087 0.41479999999999995 0.36970099667774087 0.46604999999999996 0.3877408637873754 0.5128 0.4238205980066445 0.52035 0.4699335548172757 0.52185 0.4976744186046512 0.5005 0.4993355481727575 0.4765 0.49697674418604654 0.4163 0.4849501661129568 0.368 0.47192691029900335 0.3258 0.45990033222591364 0.29410000000000003 0.43784053156146174 0.27905 0.4158139534883721 0.27905
3 0.08966777408637873 0.35855 0.08774086378737542 0.39125 0.0901328903654485 0.43125 0.09980066445182724 0.46399999999999997 0.11671096345514952 0.48075 0.13750830564784053 0.4698 0.14232558139534884 0.45744999999999997 0.1384717607973422 0.43055 0.1384717607973422 0.408 0.13461794019933557 0.38255 0.12348837209302325 0.3629 0.11093023255813954 0.35055 0.09787375415282393 0.344
3 0.2713953488372093 0.5789500000000001 0.2757475083056478 0.60875 0.2757475083056478 0.63205 0.2771760797342193 0.65095 0.283953488372093 0.6684 0.29843853820598004 0.6706 0.31488372093023254 0.6589499999999999 0.33033222591362127 0.6175 0.3380730897009967 0.5913 0.3453156146179402 0.5650999999999999 0.34677740863787376 0.5309 0.34581395348837213 0.50835 0.34435215946843856 0.49744999999999995 0.33179401993355484 0.49744999999999995 0.313421926910299 0.4902 0.30182724252491694 0.47564999999999996 0.29458471760797345 0.46399999999999997 0.29169435215946843 0.47130000000000005 0.283953488372093 0.4851 0.27960132890365447 0.496 0.27960132890365447 0.5214500000000001 0.27813953488372095 0.54545 0.2742857142857143 0.5702
3 0.733421926910299 0.5094 0.748405315614618 0.5654 0.7512956810631228 0.5734 0.7667774086378738 0.5887 0.7802990033222591 0.6104999999999999 0.7914285714285714 0.6374 0.8049501661129568 0.65125 0.8185049833887044 0.6323 0.822358803986711 0.5996 0.8185049833887044 0.5596 0.8064119601328903 0.51595 0.7918936877076412 0.4854 0.786578073089701 0.47665 0.780797342192691 0.49485 0.7696677740863787 0.50795 0.7585714285714286 0.51085 0.7411627906976744 0.5072 0.7300332225913622 0.4963
3 0.20534883720930233 0.33335000000000004 0.1943189368770764 0.35595 0.1873089700996678 0.4042 0.18830564784053155 0.4525 0.1973421926910299 0.50225 0.2093687707641196 0.5234000000000001 0.22840531561461794 0.5097999999999999 0.23641196013289034 0.48265 0.23541528239202658 0.43439999999999995 0.22940199335548173 0.39065 0.22338870431893687 0.3635 0.22036544850498338 0.34085
3 0.7160132890365449 0.47229999999999994 0.7252159468438538 0.48755000000000004 0.7416279069767442 0.5035499999999999 0.7556478405315614 0.51305 0.7687043189368771 0.5065 0.7832225913621262 0.48174999999999996 0.7899667774086379 0.4454 0.7933554817275748 0.4032 0.7933554817275748 0.36975 0.7928571428571429 0.34354999999999997 0.7914285714285714 0.31735 0.7856146179401994 0.297 0.7754817275747508 0.2912 0.7609634551495017 0.29410000000000003 0.7411627906976744 0.313 0.7194019933554817 0.36534999999999995 0.7145847176079735 0.3901 0.7126578073089701 0.41340000000000005 0.7111960132890365 0.4454 0.7102325581395349 0.46065
3 0.5067441860465116 0.50185 0.5067441860465116 0.5468999999999999 0.5125581395348837 0.59785 0.5183388704318938 0.63275 0.5328571428571428 0.66475 0.5459136212624585 0.67495 0.5666777408637873 0.6713 0.5753820598006645 0.62695 0.5835880398671096 0.5724 0.5802325581395349 0.52945 0.5715282392026578 0.5229 0.5386378737541528 0.5193 0.5188372093023256 0.5054500000000001
3 0.9090033222591363 0.57545 0.923421926910299 0.5916 0.9432225913621264 0.60475 0.9563122923588041 0.60525 0.9754485049833888 0.58 0.977109634551495 0.5623 0.9717607973421927 0.531 0.962358803986711 0.5036999999999999 0.950265780730897 0.4911 0.9321594684385381 0.4825 0.9194019933554818 0.48805 0.911328903654485 0.5032 0.9046179401993356 0.5128 0.8925581395348838 0.51535 0.8875083056478404 0.5209 0.8962458471760797 0.52745 0.9032890365448505 0.54565 0.9059800664451827 0.56585
3 0.11913621262458472 0.536 0.11139534883720931 0.5542 0.10704318936877076 0.5724 0.12106312292358803 0.58695 0.1384717607973422 0.5789500000000001 0.15634551495016613 0.55785 0.1621594684385382 0.53165 0.15395348837209302 0.49384999999999996 0.14813953488372095 0.48075 0.1350830564784053 0.48729999999999996 0.12784053156146177 0.50185 0.12202657807308968 0.5193
3 0.14285714285714285 0.3885 0.14053156146179402 0.40149999999999997 0.1378737541528239 0.4325 0.1441860465116279 0.466 0.16312292358803987 0.4953 0.17714285714285716 0.512 0.19455149501661131 0.5193 0.20083056478405317 0.50985 0.19308970099667774 0.4851 0.18681063122923586 0.456 0.18438538205980065 0.42255000000000004 0.18584717607973422 0.4007 0.18053156146179403 0.38325000000000004 0.1674750830564784 0.37235 0.15588039867109635 0.36725 0.14813953488372095 0.37455
3 0.8237873754152825 0.5871999999999999 0.8358803986710963 0.59885 0.8441196013289037 0.61775 0.8503986710963455 0.63375 0.8566777408637875 0.62285 0.8552159468438538 0.59595 0.846843853820598 0.55 0.8358803986710963 0.52905 0.8300996677740864 0.51305 0.8267109634551495 0.5152 0.8126910299003323 0.5152 0.7996345514950166 0.5035499999999999 0.8088372093023256 0.52105 0.8126910299003323 0.5356000000000001 0.8204318936877076 0.5668500000000001
3 0.6406312292358805 0.47375 0.6483720930232558 0.48395000000000005 0.6657475083056478 0.49485 0.6889700996677741 0.4963 0.7063455149501662 0.48685 0.7121594684385383 0.4672 0.7136212624584718 0.43665 0.7116611295681063 0.39590000000000003 0.7078073089700997 0.3508 0.7063455149501662 0.3239 0.7039534883720929 0.30135 0.6957142857142857 0.28825 0.6850830564784054 0.28245000000000003 0.6754152823920266 0.28245000000000003 0.6623920265780731 0.2948 0.6541528239202657 0.3239 0.6454485049833887 0.3661 0.6372425249169436 0.39590000000000003 0.6348172757475083 0.4199 0.6348172757475083 0.4483
3 0.31358803986710965 0.3273 0.30156146179401994 0.3605 0.2915282392026578 0.4163 0.2955481727574751 0.4585 0.3075747508305648 0.48265 0.3356478405315615 0.49625 0.3546843853820598 0.4932 0.36269102990033225 0.47965 0.3677076411960133 0.4329 0.37172757475083057 0.40270000000000006 0.37372093023255815 0.37555 0.363687707641196 0.34085 0.34664451827242526 0.31675000000000003 0.332624584717608 0.31525
3 0.6696345514950166 0.5035499999999999 0.668671096345515 0.5232 0.6720598006644518 0.5676 0.6817275747508306 0.5996 0.709734219269103 0.63305 0.7281063122923588 0.6578 0.7508305647840532 0.67085 0.7585714285714286 0.6498 0.7561461794019934 0.6047 0.7435880398671096 0.55375 0.7339202657807309 0.51595 0.7237541528239202 0.4861 0.7121594684385383 0.4752 0.7092691029900332 0.47955 0.6971760797342192 0.49195 0.6778405315614618 0.4963
3 0.15441860465116278 0.5724 0.15295681063122923 0.58985 0.156843853820598 0.60365 0.17229235880398672 0.60295 0.18099667774086378 0.5913 0.18727574750830564 0.5832999999999999 0.1887375415282392 0.60365 0.18488372093023256 0.61895 0.18727574750830564 0.62695 0.20322259136212625 0.62185 0.21096345514950166 0.5942000000000001 0.21485049833887043 0.5607500000000001 0.21485049833887043 0.5302 0.1969435215946844 0.5149 0.17664451827242525 0.5156499999999999 0.16358803986710965 0.5244 0.15730897009966777 0.5484
3 0.8678405315614619 0.5003 0.8762126245847176 0.50405 0.9012624584717607 0.5128499999999999 0.9172757475083058 0.499 0.9229568106312293 0.46385 0.9221262458471761 0.4274 0.9229568106312293 0.39094999999999996 0.918936877076412 0.37450000000000006 0.9079401993355483 0.36705 0.8995681063122923 0.37585 0.8887375415282391 0.3922 0.8787043189368771 0.41229999999999994 0.8762126245847176 0.43744999999999995 0.8762126245847176 0.46259999999999996 0.8711960132890366 0.48774999999999996
3 0.9235880398671097 0.4685 0.9392026578073089 0.47645000000000004 0.958671096345515 0.48655000000000004 0.969734219269103 0.4921 0.9798006644518273 0.47340000000000004 0.9848504983388704 0.44815 0.9885382059800665 0.4264 0.9928903654485051 0.4047 0.9928903654485051 0.3835 0.9918936877076412 0.35924999999999996 0.9901993355481727 0.3436 0.9807308970099667 0.34450000000000003 0.9663787375415283 0.3552 0.9492691029900333 0.36935 0.9328239202657806 0.38955 0.9237541528239203 0.4057 0.9224252491694351 0.42085 0.9244186046511628 0.4426 0.9230897009966779 0.45775
3 0.8542524916943521 0.59305 0.8706976744186046 0.6032 0.887607973421927 0.6163000000000001 0.9040199335548174 0.6286999999999999 0.911295681063123 0.611 0.9093355481727574 0.5785 0.9016279069767441 0.54505 0.8885714285714285 0.5181 0.8851827242524917 0.51305 0.8610299003322259 0.5094 0.8436212624584718 0.50575 0.8334551495016611 0.5115500000000001 0.8344518272425249 0.5225 0.8465116279069768 0.54865 0.8494352159468439 0.5734
3 0.582624584717608 0.5312 0.5865116279069768 0.5785 0.5922923588039867 0.5996 0.6000332225913622 0.6315999999999999 0.6145182724252491 0.6607 0.6271096345514949 0.6898000000000001 0.6425581395348837 0.7014 0.6618936877076411 0.6934 0.6749501661129568 0.65485 0.6715614617940199 0.60685 0.6672093023255814 0.5581499999999999 0.6667441860465116 0.5356000000000001 0.6662458471760797 0.5123 0.6662458471760797 0.49705 0.6522259136212625 0.49340000000000006 0.642093023255814 0.47955 0.6367774086378737 0.48395000000000005 0.6309634551495016 0.5006499999999999 0.6251495016611295 0.51085 0.6135548172757476 0.5166499999999999 0.5981063122923588 0.5217499999999999 0.5850498338870431 0.5254
3 0.3438870431893688 0.5804 0.3453156146179402 0.6124 0.3477408637873754 0.6502 0.3593355481727575 0.6713 0.3733554817275747 0.6815000000000001 0.39172757475083053 0.6764 0.40186046511627904 0.6581999999999999 0.41348837209302325 0.62475 0.4173421926910299 0.59495 0.41880398671096347 0.56875 0.42119601328903655 0.5433 0.4207308970099668 0.5229 0.41880398671096347 0.5214500000000001 0.39754152823920264 0.5149 0.3854485049833887 0.50765 0.3733554817275747 0.47564999999999996 0.36996677740863787 0.47345 0.3651495016611296 0.47564999999999996 0.36029900332225917 0.48655000000000004 0.3506312292358804 0.4953 0.34677740863787376 0.50185 0.34581395348837213 0.5244 0.3453156146179402 0.5490999999999999 0.3453156146179402 0.5629500000000001
3 0.7914285714285714 0.47955 0.7991694352159469 0.49774999999999997 0.8136544850498338 0.51595 0.8262126245847176 0.5166499999999999 0.8344518272425249 0.51375 0.8407308970099668 0.48100000000000004 0.8455481727574751 0.43884999999999996 0.8513621262458472 0.37265 0.8513621262458472 0.3639 0.8455481727574751 0.3348 0.8397674418604651 0.32975 0.8286378737541528 0.3261 0.8146179401993355 0.35229999999999995 0.8078405315614617 0.37845 0.7991694352159469 0.39445 0.7928571428571429 0.41485 0.7928571428571429 0.43595 0.7895016611295681 0.4643 0.7875415282392026 0.47665
3 0.4173421926910299 0.59055 0.41880398671096347 0.6043999999999999 0.4279734219269103 0.6458499999999999 0.4434551495016611 0.67565 0.46518272425249174 0.68515 0.4840531561461794 0.6669499999999999 0.4961129568106313 0.6204 0.5019933554817275 0.5725 0.5049833887043189 0.5329999999999999 0.5023255813953488 0.5135000000000001 0.5023255813953488 0.501 0.48644518272425247 0.51345 0.479202657807309 0.51635 0.47099667774086384 0.5229 0.4564784053156146 0.5236500000000001 0.43282392026578076 0.5236500000000001 0.42265780730897007 0.52655 0.4221594684385382 0.55055 0.4207308970099668 0.57095
3 0.5043521594684386 0.3971 0.49950166112956806 0.42619999999999997 0.49903654485049836 0.46545000000000003 0.5029900332225914 0.502 0.5473421926910299 0.52 0.5734551495016612 0.5251 0.6024584717607974 0.52075 0.6261461794019934 0.51275 0.6358139534883721 0.4793 0.6372425249169436 0.4371 0.6314617940199335 0.4022 0.6237209302325581 0.36655 0.6159800664451827 0.33744999999999997 0.6077740863787375 0.31125 0.5971428571428572 0.29525 0.5782724252491694 0.2836 0.5594352159468438 0.2807 0.5381727574750831 0.2989 0.5193355481727574 0.33380000000000004 0.5101328903654485 0.37015
3 0.8416943521594684 0.505 0.8523255813953489 0.50795 0.866810631229236 0.5035499999999999 0.8730897009966778 0.47740000000000005 0.8755149501661129 0.43955 0.8764784053156146 0.41340000000000005 0.8789036544850499 0.3872 0.8769767441860467 0.3668 0.8653820598006645 0.35810000000000003 0.8566777408637875 0.37045 0.8523255813953489 0.385 0.8499003322259135 0.40465 0.8474750830564785 0.441 0.8431229235880399 0.46575000000000005 0.8416943521594684 0.49195
3 0.21096345514950166 0.6015 0.21385382059800667 0.62185 0.22983388704318938 0.6436499999999999 0.23754152823920266 0.63855 0.2549501661129568 0.6182 0.26461794019933554 0.59565 0.27475083056478405 0.56875 0.27960132890365447 0.54185 0.2800664451827242 0.5193 0.2791029900332226 0.49384999999999996 0.2757475083056478 0.49455 0.26461794019933554 0.5091 0.25109634551495014 0.50835 0.24335548172757476 0.4989 0.23561461794019933 0.49310000000000004 0.22548172757475085 0.51345 0.21627906976744185 0.5214500000000001 0.21435215946843852 0.5338499999999999 0.21192691029900332 0.55785 0.2104983388704319 0.584
3 0.24551495016611297 0.297 0.22840531561461794 0.33335000000000004 0.2243853820598007 0.3801 0.22940199335548173 0.4374 0.23641196013289034 0.4902 0.26046511627906976 0.5128 0.2795016611295681 0.4917 0.29252491694352156 0.46755 0.2955481727574751 0.4193 0.2965448504983389 0.3861 0.29754152823920266 0.35295000000000004 0.27850498338870433 0.31975000000000003 0.2614617940199336 0.30469999999999997