3 0.7459030303030303 0.39374000000000003 0.7617818181818182 0.40842 0.7795515151515151 0.4105 0.7998666666666666 0.38222 0.7992363636363636 0.33718 0.7954181818181818 0.29528 0.7871757575757575 0.27958 0.767490909090909 0.30786 0.7548 0.32986 0.7516242424242424 0.34766
3 0.18664242424242422 0.55296 0.17966060606060605 0.5665800000000001 0.17838787878787876 0.59904 0.1841090909090909 0.6336 0.19044848484848487 0.64722 0.19426666666666667 0.66504 0.20505454545454543 0.66398 0.21584242424242422 0.64828 0.23107878787878786 0.6273200000000001 0.23615757575757576 0.6053200000000001 0.23615757575757576 0.576 0.23743030303030302 0.5519 0.23933333333333331 0.53306 0.23806060606060606 0.53096 0.22472727272727275 0.52678 0.20758787878787877 0.52678 0.19362424242424245 0.53934
3 0.5110303030303031 0.5938 0.5167393939393939 0.6179 0.5294424242424243 0.65142 0.5415030303030303 0.6744600000000001 0.5541939393939393 0.69436 0.5713333333333334 0.6985399999999999 0.586569696969697 0.6797000000000001 0.598 0.64198 0.5992727272727273 0.60638 0.5992727272727273 0.57182 0.5992727272727273 0.5445800000000001 0.5992727272727273 0.52258 0.5967272727272728 0.5037200000000001 0.5910181818181818 0.49326 0.5719757575757576 0.49744 0.5637212121212121 0.5037200000000001 0.545939393939394 0.51002 0.523090909090909 0.51106 0.5097575757575757 0.51002 0.5021454545454546 0.5121 0.5027757575757577 0.52992 0.5027757575757577 0.56028 0.5059515151515152 0.58124
3 0.30661818181818185 0.6409400000000001 0.30661818181818185 0.6545599999999999 0.30726060606060607 0.68598 0.3116969696969697 0.70378 0.3174181818181818 0.71636 0.33328484848484846 0.71216 0.3434424242424242 0.68702 0.35042424242424247 0.6597999999999999 0.3567757575757575 0.6377999999999999 0.3497939393939394 0.61476 0.34534545454545457 0.58962 0.3434424242424242 0.55714 0.3447151515151515 0.5435399999999999 0.35803636363636365 0.53724 0.3656606060606061 0.5341 0.3555030303030303 0.5246799999999999 0.3402666666666667 0.51734 0.3231272727272727 0.5121 0.3097939393939394 0.52154 0.29773333333333335 0.5383 0.29963636363636365 0.5519 0.29963636363636365 0.57286 0.30153939393939394 0.598 0.3047151515151515 0.6157999999999999 0.3053575757575757 0.63152
2 0.4799272727272727 0.3351 0.5015030303030303 0.34348 0.5192848484848485 0.35186 0.5497575757575758 0.37804000000000004 0.5688 0.3969 0.5910181818181818 0.40842 0.5999030303030303 0.40004 0.6018060606060606 0.37176 0.6056121212121212 0.3529 0.5884727272727273 0.3487 0.5649939393939394 0.3351 0.5357818181818181 0.32252 0.5211878787878788 0.3152 0.5053212121212121 0.30576 0.4913454545454546 0.29948 0.4843636363636364 0.30682
3 0.5992727272727273 0.43563999999999997 0.6068848484848485 0.44716 0.6284727272727273 0.46916 0.6424363636363636 0.47754 0.6722666666666667 0.47336 0.6856 0.43877999999999995 0.6906787878787878 0.38745999999999997 0.6906787878787878 0.34766 0.6843272727272728 0.30682 0.6786181818181818 0.27854 0.6735393939393939 0.24502000000000002 0.6678303030303031 0.23872 0.6551272727272728 0.26596 0.6392606060606061 0.2932 0.6189454545454546 0.311 0.6068848484848485 0.32462 0.6068848484848485 0.35604 0.6011757575757576 0.3948 0.5941939393939394 0.42832
3 0.686230303030303 0.43983999999999995 0.6983030303030303 0.45868000000000003 0.7179757575757576 0.45764 0.7357454545454546 0.45554 0.7452727272727273 0.40526 0.7509818181818181 0.34556 0.7516242424242424 0.29528 0.7503515151515151 0.26386000000000004 0.7420969696969697 0.25234 0.7294060606060606 0.25862 0.7160727272727273 0.28482 0.703369696969697 0.31414 0.6957575757575758 0.33927999999999997 0.6919515151515152 0.37176 0.6887757575757576 0.40632
3 0.3643878787878788 0.26072 0.35423030303030306 0.29948 0.35105454545454545 0.35708 0.3497939393939394 0.40318 0.36 0.4462 0.3713939393939394 0.464 0.38850909090909086 0.46498 0.40945454545454546 0.4586 0.43042424242424243 0.4618 0.45453333333333334 0.45136000000000004 0.4646909090909091 0.44926 0.4684969696969697 0.4147 0.47484848484848485 0.37489999999999996 0.47675151515151515 0.34452 0.4761212121212121 0.31727999999999995 0.4558060606060606 0.26806 0.4481818181818182 0.25548 0.4304121212121212 0.23768 0.4177090909090909 0.2293 0.3967636363636363 0.22826 0.38280000000000003 0.23558
3 0.22536969696969697 0.2534 0.21648484848484847 0.29424 0.21521212121212122 0.33194 0.21774545454545452 0.38014 0.22727272727272727 0.4136 0.23612121212121215 0.4576 0.24313939393939393 0.4744 0.2621818181818182 0.47126 0.27551515151515155 0.45764 0.27932121212121214 0.43983999999999995 0.2805939393939394 0.41574 0.27996363636363636 0.38536000000000004 0.27806060606060606 0.35918 0.27806060606060606 0.33614 0.27551515151515155 0.31833999999999996 0.26599999999999996 0.29528 0.2532969696969697 0.27434 0.24568484848484848 0.25548 0.23743030303030302 0.25026
3 0.3574060606060606 0.6399 0.3637575757575758 0.66712 0.37454545454545457 0.70274 0.3878787878787879 0.72892 0.41006060606060607 0.729 0.4221818181818182 0.71 0.4285090909090909 0.66922 0.4329454545454546 0.6325599999999999 0.43421818181818184 0.6053200000000001 0.43231515151515154 0.5739 0.4285090909090909 0.54876 0.4240606060606061 0.5278200000000001 0.41898181818181823 0.51106 0.412 0.50896 0.39296969696969697 0.5216000000000001 0.3777212121212121 0.5278200000000001 0.35995151515151513 0.5383 0.34534545454545457 0.5435399999999999 0.3434424242424242 0.55086 0.3408969696969697 0.57286 0.3440727272727273 0.59694 0.3497939393939394 0.61686 0.35487272727272723 0.6336
3 0.2952 0.24187999999999998 0.2863030303030303 0.28062 0.2767878787878788 0.35918 0.2767878787878788 0.3927 0.28313939393939397 0.4325 0.2894787878787879 0.4545 0.30666666666666664 0.4712 0.33006060606060605 0.464 0.3459757575757576 0.45554 0.35105454545454545 0.44192000000000004 0.3536 0.41994 0.3536 0.38014 0.3536 0.34976 0.3516969696969697 0.32672 0.34534545454545457 0.30157999999999996 0.3326545454545454 0.28062 0.3212242424242424 0.25968 0.31106666666666666 0.23978 0.3047151515151515 0.23768
3 0.18854545454545457 0.289 0.1841090909090909 0.30262 0.17712727272727272 0.33927999999999997 0.17585454545454546 0.38536000000000004 0.17966060606060605 0.41574 0.18473939393939393 0.44088 0.19807272727272726 0.45030000000000003 0.21521212121212122 0.43563999999999997 0.22156363636363635 0.42098 0.2221939393939394 0.38956 0.21838787878787877 0.35918 0.2133090909090909 0.34032 0.20442424242424242 0.32252 0.20187878787878788 0.30472000000000005 0.19744242424242422 0.2932
3 0.23107878787878786 0.62628 0.2298060606060606 0.65142 0.2298060606060606 0.68808 0.23615757575757576 0.72054 0.24123636363636364 0.73626 0.25266666666666665 0.7404400000000001 0.2717090909090909 0.7195 0.28694545454545456 0.68598 0.3021818181818182 0.6399 0.3059878787878788 0.6137 0.30027878787878787 0.5833400000000001 0.2913818181818182 0.5739 0.2786909090909091 0.55924 0.27107878787878786 0.54038 0.2640848484848485 0.5246799999999999 0.2482181818181818 0.52362 0.23806060606060606 0.53934 0.23425454545454544 0.57704 0.23552727272727272 0.6053200000000001 0.23362424242424243 0.6220800000000001
3 0.6043515151515151 0.61056 0.6132363636363637 0.64408 0.6246545454545455 0.6765599999999999 0.6379878787878789 0.70902 0.6538666666666667 0.72368 0.6716363636363637 0.72264 0.6830666666666666 0.6755 0.6919515151515152 0.6210399999999999 0.691309090909091 0.56238 0.6856 0.52048 0.6792484848484849 0.50058 0.6564 0.50058 0.6322787878787879 0.50688 0.6100606060606061 0.5163 0.6024363636363637 0.54038 0.6011757575757576 0.54876 0.6030787878787879 0.5802 0.6011757575757576 0.6001000000000001
3 0.14665454545454545 0.30472000000000005 0.14538181818181817 0.33404 0.14665454545454545 0.36966000000000004 0.14855757575757575 0.39166 0.1549090909090909 0.4147 0.16252121212121215 0.4304 0.1676 0.43145999999999995 0.17585454545454546 0.42726 0.17775757575757575 0.42622000000000004 0.17775757575757575 0.41364 0.17395151515151513 0.38852 0.17395151515151513 0.35814 0.17648484848484847 0.33824 0.17330909090909088 0.32986 0.16887272727272726 0.31204000000000004 0.16569696969696968 0.30472000000000005 0.15934545454545457 0.29214 0.15553939393939392 0.2911 0.1510909090909091 0.29424
3 0.6944848484848486 0.55192 0.7052848484848485 0.58228 0.7217818181818182 0.6179 0.7382909090909091 0.64198 0.7509818181818181 0.63152 0.7592363636363636 0.58856 0.7592363636363636 0.554 0.7579636363636364 0.5163 0.7541575757575757 0.48906 0.7433696969696969 0.47126 0.7243272727272728 0.46706 0.6957575757575758 0.4723 0.6773454545454545 0.47858 0.6767151515151515 0.48906 0.6881454545454546 0.52362 0.6894060606060606 0.5445800000000001
3 0.485260606060606 0.30419999999999997 0.4763636363636364 0.33772 0.4725575757575758 0.37018 0.4674787878787879 0.42256 0.4655757575757576 0.45712 0.4662181818181818 0.47912 0.4814424242424242 0.49901999999999996 0.5106545454545455 0.50844 0.5296969696969697 0.51264 0.5531757575757575 0.5136799999999999 0.5753939393939393 0.49692000000000003 0.5855515151515152 0.47282 0.5925333333333334 0.43932 0.5982545454545455 0.4037 0.6026909090909092 0.37228 0.6065090909090909 0.34504 0.6058666666666667 0.30944 0.6058666666666667 0.28324 0.6001575757575758 0.25286000000000003 0.5861939393939394 0.22668000000000002 0.5646060606060607 0.20887999999999998 0.5379515151515152 0.21098 0.5125575757575758 0.23192 0.5004969696969698 0.26230000000000003
3 0.43676363636363635 0.60114 0.4424727272727273 0.6325599999999999 0.4551636363636363 0.66608 0.4653333333333333 0.6838 0.46976969696969695 0.6985399999999999 0.481830303030303 0.6901799999999999 0.49516363636363636 0.66922 0.5053212121212121 0.6399 0.5084848484848485 0.598 0.5078545454545454 0.5665800000000001 0.5015030303030303 0.5246799999999999 0.5015030303030303 0.51106 0.49008484848484846 0.50688 0.4761212121212121 0.49639999999999995 0.46596363636363636 0.48802 0.4570666666666666 0.48174 0.4437454545454545 0.48488 0.42976969696969697 0.49012 0.42025454545454544 0.50058 0.42088484848484853 0.52048 0.4240606060606061 0.5341 0.4310424242424243 0.57076 0.43168484848484845 0.58856