3 0.65204 0.5776666666666667 0.681 0.5957666666666667 0.73438 0.6048333333333333 0.7905 0.5746666666666667 0.82036 0.5399666666666667 0.81856 0.4902 0.81132 0.43889999999999996 0.80316 0.39216666666666666 0.78054 0.36046666666666666 0.7461599999999999 0.34540000000000004 0.69548 0.3635 0.66018 0.4193 0.6628999999999999 0.4419333333333334 0.66742 0.5007666666666666 0.65566 0.5445
3 0.3353 0.33786666666666665 0.31266000000000005 0.37556666666666666 0.30272000000000004 0.4313666666666667 0.29910000000000003 0.4902 0.30451999999999996 0.5369666666666667 0.3561 0.5595666666666667 0.41494 0.5595666666666667 0.4638 0.5595666666666667 0.48552 0.5595666666666667 0.49457999999999996 0.5505333333333333 0.50362 0.5068 0.50724 0.44343333333333335 0.50724 0.39216666666666666 0.5 0.3363333333333334 0.48913999999999996 0.3046666666666667 0.46018000000000003 0.2669666666666667 0.42218 0.25189999999999996 0.37782 0.2654666666666667 0.35068 0.30619999999999997
3 0.81132 0.42533333333333334 0.8258 0.4479666666666666 0.85022 0.4781333333333333 0.8801 0.5203666666666668 0.9027200000000001 0.5294 0.938 0.48113333333333336 0.94978 0.4509666666666666 0.94886 0.4027 0.9470599999999999 0.35746666666666665 0.92534 0.31373333333333336 0.9208200000000001 0.2669666666666667 0.9136 0.22633333333333336 0.8936000000000001 0.19766666666666666 0.8602000000000001 0.22633333333333336 0.8475199999999999 0.3167333333333333 0.8258 0.3439 0.8104 0.37706666666666666
3 0.68552 0.6018 0.69548 0.6470666666666667 0.71266 0.7285 0.73438 0.7465999999999999 0.76334 0.7436 0.7914 0.6893 0.80408 0.6335000000000001 0.8149400000000001 0.5837 0.81402 0.5580666666666666 0.78144 0.5867333333333333 0.7389199999999999 0.6048333333333333 0.6991 0.6108666666666667
3 0.36244 0.5927666666666667 0.3733 0.6395333333333334 0.39412 0.6817333333333334 0.42942 0.6908000000000001 0.4629 0.6395333333333334 0.4647 0.5791999999999999 0.45566 0.5580666666666666 0.40678 0.5611 0.36063999999999996 0.5626
3 0.16154 0.6259333333333333 0.16968 0.6666666666666666 0.1905 0.7089 0.20678 0.7405666666666666 0.23212 0.7571666666666667 0.262 0.7255 0.27014 0.6636666666666666 0.27286 0.6108666666666667 0.26018 0.5942666666666667 0.23846 0.5867333333333333 0.21764 0.5867333333333333 0.20408 0.6123666666666667 0.1896 0.6048333333333333 0.1733 0.6108666666666667 0.15972 0.6108666666666667
3 0.45656 0.5731666666666666 0.47286 0.6048333333333333 0.52444 0.6214333333333334 0.5678799999999999 0.6274666666666667 0.60226 0.6319666666666667 0.63936 0.5988 0.65384 0.5611 0.66652 0.49169999999999997 0.6638 0.4359 0.65204 0.39216666666666666 0.64118 0.35746666666666665 0.61222 0.3258 0.57602 0.34236666666666665 0.52896 0.39516666666666667 0.50996 0.4419333333333334 0.50634 0.47209999999999996 0.49638 0.5339333333333334 0.47828 0.5640999999999999
3 0.1371 0.3484 0.12896000000000002 0.3529333333333333 0.12444 0.39366666666666666 0.12986 0.4645666666666667 0.13258 0.5158333333333334 0.14072 0.5671333333333333 0.16426 0.6078333333333333 0.20588 0.6078333333333333 0.22488 0.5852333333333333 0.21584 0.5656 0.20226 0.5384666666666666 0.19684000000000001 0.49923333333333336 0.19684000000000001 0.46153333333333335 0.20498 0.42233333333333334 0.19954 0.40573333333333333 0.17782 0.37556666666666666 0.15519999999999998 0.35746666666666665
3 0.30904000000000004 0.37406666666666666 0.29458 0.36046666666666666 0.27556 0.34236666666666665 0.24841999999999997 0.33936666666666665 0.22488 0.3695333333333333 0.2104 0.40573333333333333 0.19863999999999998 0.45699999999999996 0.1923 0.5068 0.19863999999999998 0.5475 0.22488 0.5807 0.25745999999999997 0.6003000000000001 0.29819999999999997 0.6108666666666667 0.33348 0.6003000000000001 0.36244 0.5776666666666667 0.36063999999999996 0.5595666666666667 0.32624000000000003 0.5505333333333333 0.30634 0.5369666666666667 0.29638 0.49169999999999997 0.3009 0.4509666666666666 0.30542 0.41176666666666667
3 0.08824 0.5339333333333334 0.06470000000000001 0.5399666666666667 0.04752 0.5595666666666667 0.0412 0.611 0.0448 0.632 0.055600000000000004 0.6666666666666666 0.09096 0.6862666666666667 0.13438 0.6832666666666666 0.15702000000000002 0.6500666666666667 0.15972 0.6123666666666667 0.14434 0.5882333333333333
3 0.81132 0.5807 0.81312 0.6078333333333333 0.8267 0.6500666666666667 0.8475199999999999 0.6696666666666666 0.87376 0.6787333333333333 0.89458 0.635 0.90542 0.5731666666666666 0.8982 0.5233666666666666 0.87648 0.5083000000000001 0.85656 0.5007666666666666 0.83666 0.5052666666666668