3 0.7273818181818182 0.4898360655737705 0.7364363636363637 0.47726775956284156 0.7601454545454546 0.483551912568306 0.7782545454545455 0.49721311475409835 0.7831636363636364 0.5349180327868852 0.7831636363636364 0.5820218579234973 0.7775636363636365 0.6144808743169399 0.775490909090909 0.6281420765027322 0.772 0.6459016393442623 0.7573454545454545 0.6543169398907104 0.7489818181818182 0.6365027322404372 0.7413454545454545 0.6113661202185792 0.7378545454545454 0.5945901639344262 0.7364363636363637 0.5610928961748635 0.7315636363636364 0.5359562841530054 0.7294909090909092 0.5097814207650273
3 0.3398545454545454 0.5851912568306011 0.3475272727272727 0.6207650273224044 0.35309090909090907 0.6438251366120218 0.38098181818181814 0.6710382513661202 0.4018909090909091 0.6658469945355191 0.40883636363636366 0.6344262295081967 0.41443636363636366 0.5757377049180328 0.41163636363636363 0.5233879781420765 0.40814545454545453 0.49721311475409835 0.3977090909090909 0.4887978142076503 0.39141818181818183 0.4731147540983606 0.3649454545454545 0.4856830601092896 0.33847272727272726 0.4919672131147541 0.33218181818181813 0.5076502732240438 0.33847272727272726 0.5359562841530054 0.33916363636363633 0.5548087431693989
3 0.5287272727272727 0.35054644808743174 0.5203636363636364 0.3892896174863388 0.5147999999999999 0.43437158469945353 0.516909090909091 0.48251366120218575 0.5426909090909091 0.5160655737704918 0.5916363636363636 0.5169398907103825 0.6254545454545455 0.5005464480874317 0.6346909090909091 0.47415300546448086 0.6298181818181817 0.40918032786885244 0.6179636363636364 0.36103825136612017 0.6033090909090909 0.32333333333333336 0.584509090909091 0.30027322404371587 0.5684727272727274 0.2960655737704918 0.5454545454545454 0.31491803278688524
3 0.7601454545454546 0.4731147540983606 0.7713090909090909 0.4930054644808743 0.7908363636363636 0.5139344262295081 0.8110181818181819 0.5191803278688525 0.8326545454545454 0.4877595628415301 0.8424 0.4385245901639344 0.8410181818181818 0.39557377049180326 0.8305454545454546 0.36207650273224046 0.8159272727272727 0.3515846994535519 0.7998909090909091 0.36 0.8019636363636363 0.38092896174863383 0.7998909090909091 0.41027322404371586 0.7936000000000001 0.4521311475409836 0.7887272727272727 0.4646994535519126 0.7768727272727273 0.47207650273224044
3 0.24018181818181816 0.3274863387978142 0.2325090909090909 0.36103825136612017 0.22901818181818182 0.419672131147541 0.22901818181818182 0.4731147540983606 0.23600000000000002 0.4867213114754098 0.2645818181818182 0.47726775956284156 0.28756363636363635 0.4500546448087432 0.30221818181818183 0.44377049180327865 0.31334545454545454 0.4301639344262295 0.3175272727272727 0.3987431693989071 0.30916363636363636 0.35262295081967215 0.2966181818181818 0.32229508196721307 0.282 0.2971584699453552 0.2666545454545454 0.28562841530054645 0.2534181818181818 0.30131147540983605
3 0.49876363636363635 0.5998360655737704 0.5008727272727274 0.6333333333333334 0.5134181818181818 0.6574316939890711 0.5364 0.6721311475409836 0.5656727272727273 0.6563934426229509 0.5782181818181817 0.5987978142076502 0.5810181818181818 0.5558469945355191 0.5810181818181818 0.5202185792349727 0.5587272727272727 0.512896174863388 0.5412727272727272 0.5160655737704918 0.5287272727272727 0.4992896174863388 0.5141090909090908 0.4867213114754098 0.5036363636363637 0.508688524590164 0.5043636363636363 0.5338251366120218 0.5029454545454546 0.5789071038251365
3 0.7183272727272727 0.43437158469945353 0.7434181818181818 0.4521311475409836 0.7629454545454546 0.4657923497267759 0.7713090909090909 0.4804371584699454 0.7901090909090909 0.4689071038251366 0.8019636363636363 0.419672131147541 0.8047636363636363 0.3693989071038251 0.7964 0.33377049180327867 0.7880363636363636 0.30131147540983605 0.7803636363636364 0.2751366120218579 0.7657090909090909 0.2636065573770492 0.7441090909090909 0.2593989071038251 0.7232 0.2971584699453552 0.7113454545454546 0.330655737704918 0.6988 0.35890710382513663 0.7002181818181819 0.3945355191256831 0.7099636363636364 0.4269945355191257
3 0.17185454545454545 0.48251366120218575 0.1628 0.5066120218579234 0.15094545454545455 0.5443169398907104 0.14607272727272727 0.5704918032786885 0.14607272727272727 0.5925136612021858 0.15723636363636365 0.6040437158469946 0.17396363636363638 0.5967213114754099 0.1830181818181818 0.5789071038251365 0.18858181818181818 0.5516393442622951 0.19 0.5118579234972678 0.1912727272727273 0.4950819672131147 0.17963636363636362 0.4961748633879781 0.17465454545454545 0.47939890710382516
3 0.41650909090909094 0.6040437158469946 0.42560000000000003 0.635464480874317 0.44720000000000004 0.6511475409836065 0.4792363636363636 0.6521857923497267 0.49527272727272725 0.6166120218579235 0.49876363636363635 0.5789071038251365 0.5015636363636364 0.5453551912568306 0.5036363636363637 0.5160655737704918 0.5036363636363637 0.4867213114754098 0.49040000000000006 0.4950819672131147 0.45832727272727275 0.5034972677595628 0.42767272727272726 0.5013661202185792 0.4158181818181818 0.5003278688524591 0.40956363636363635 0.5160655737704918 0.41094545454545456 0.5548087431693989 0.4158181818181818 0.5830601092896175
3 0.4228 0.32016393442622954 0.3997818181818182 0.38825136612021854 0.3956 0.4249180327868853 0.3942181818181818 0.4615846994535519 0.39840000000000003 0.4877595628415301 0.4248727272727273 0.4992896174863388 0.4618181818181818 0.5034972677595628 0.4890181818181818 0.496120218579235 0.5112727272727272 0.4814207650273224 0.5127272727272727 0.41759562841530057 0.5064363636363637 0.3641530054644809 0.48970909090909087 0.31076502732240435 0.47298181818181817 0.2950273224043716 0.45345454545454544 0.2919125683060109 0.4339636363636364 0.30027322404371587
3 0.5796363636363636 0.6071584699453552 0.5830909090909091 0.6469945355191257 0.5893818181818182 0.6815300546448088 0.6068 0.6972677595628415 0.6346909090909091 0.6679234972677596 0.6472363636363637 0.6291803278688525 0.6584 0.5830601092896175 0.6625818181818182 0.5558469945355191 0.6625818181818182 0.5275409836065574 0.6611636363636363 0.5045355191256831 0.6451272727272727 0.49825136612021864 0.6242181818181818 0.4950819672131147 0.6068 0.5118579234972678 0.584509090909091 0.5244262295081967 0.584509090909091 0.5286338797814207 0.581709090909091 0.5746994535519125
3 0.21367272727272726 0.5872677595628415 0.21578181818181819 0.6144808743169399 0.22763636363636364 0.6249726775956285 0.2415636363636364 0.6166120218579235 0.2555272727272727 0.580983606557377 0.26596363636363635 0.5443169398907104 0.2680727272727273 0.5118579234972678 0.2666545454545454 0.47207650273224044 0.2555272727272727 0.4846448087431694 0.2388 0.4867213114754098 0.23600000000000002 0.48147540983606557 0.22694545454545453 0.478360655737705 0.21927272727272726 0.496120218579235 0.21858181818181818 0.5244262295081967 0.2129818181818182 0.5537704918032788 0.2122909090909091 0.5736612021857924
3 0.8242909090909091 0.5704918032786885 0.8340363636363637 0.5914754098360655 0.8500727272727273 0.5967213114754099 0.8661090909090909 0.5799453551912568 0.8598181818181818 0.512896174863388 0.8523636363636364 0.49836065573770494 0.844 0.49562841530054647 0.8347272727272728 0.4909289617486339 0.8208 0.5045355191256831 0.8089454545454545 0.5160655737704918 0.818 0.5317486338797814 0.821490909090909 0.5621311475409836
3 0.18509090909090908 0.35573770491803275 0.20112727272727274 0.34530054644808744 0.2129818181818182 0.34846994535519127 0.22065454545454546 0.3631147540983607 0.22970909090909092 0.4018579234972678 0.2346181818181818 0.44065573770491806 0.22694545454545453 0.47622950819672133 0.21159999999999998 0.496120218579235 0.18145454545454545 0.4950819672131147 0.17185454545454545 0.4668306010928962 0.17465454545454545 0.42595628415300546 0.17952727272727273 0.37989071038251365
3 0.7838545454545455 0.5904371584699454 0.7908363636363636 0.6134426229508197 0.8047636363636363 0.622896174863388 0.821490909090909 0.6124043715846994 0.8208 0.5736612021857924 0.8166181818181818 0.5286338797814207 0.8075636363636364 0.5181420765027323 0.7992 0.5139344262295081 0.7838545454545455 0.5034972677595628 0.7831636363636364 0.5034972677595628 0.7852363636363636 0.5338251366120218 0.7824727272727273 0.5631693989071038
3 0.25829090909090907 0.5820218579234973 0.2589818181818182 0.6207650273224044 0.2610909090909091 0.6574316939890711 0.2701454545454546 0.674207650273224 0.2889818181818182 0.6804918032786885 0.3140727272727273 0.6469945355191257 0.33429090909090914 0.5977595628415301 0.34054545454545454 0.5359562841530054 0.3308 0.5024043715846994 0.31825454545454546 0.4909289617486339 0.3064 0.47415300546448086 0.28756363636363635 0.47098360655737703 0.2666545454545454 0.4804371584699454 0.26876363636363637 0.5034972677595628 0.2680727272727273 0.5412021857923498
3 0.6318909090909092 0.4909289617486339 0.6507272727272727 0.4992896174863388 0.6660363636363636 0.5045355191256831 0.6897454545454546 0.5003278688524591 0.7009090909090909 0.4909289617486339 0.7127636363636364 0.47415300546448086 0.7155272727272728 0.436448087431694 0.6988 0.38092896174863383 0.6946181818181818 0.35683060109289616 0.6793090909090909 0.32437158469945354 0.6569818181818181 0.313879781420765 0.6360727272727272 0.3327322404371585 0.6242181818181818 0.3631147540983607 0.6249454545454546 0.39032786885245907 0.6333090909090909 0.4218032786885246 0.6353818181818182 0.4615846994535519
3 0.8432 0.4654098360655738 0.8437818181818182 0.4662841530054645 0.8629454545454546 0.48021857923497263 0.8825454545454545 0.45409836065573767 0.8867636363636364 0.4086338797814208 0.8879272727272728 0.3850819672131148 0.8867636363636364 0.35890710382513663 0.8745818181818181 0.35715846994535516 0.8629454545454546 0.37459016393442623 0.8484363636363637 0.39644808743169396 0.8420363636363637 0.41300546448087433 0.8397090909090908 0.44180327868852454
3 0.6584 0.5820218579234973 0.6681454545454546 0.6312568306010928 0.6723272727272727 0.6606010928961749 0.6883636363636364 0.6857377049180328 0.7029818181818182 0.6962295081967212 0.7211272727272727 0.686775956284153 0.7336727272727273 0.6333333333333334 0.7378545454545454 0.5956284153005464 0.7336727272727273 0.5537704918032788 0.726690909090909 0.5034972677595628 0.7211272727272727 0.47939890710382516 0.7099636363636364 0.47726775956284156 0.6904363636363636 0.496120218579235 0.6702181818181818 0.5076502732240438 0.6653454545454546 0.5097814207650273 0.6625818181818182 0.5422404371584699 0.6597818181818181 0.5757377049180328
3 0.1865090909090909 0.5799453551912568 0.18719999999999998 0.5862295081967214 0.1878909090909091 0.5998360655737704 0.1934909090909091 0.6124043715846994 0.20323636363636363 0.610327868852459 0.2109090909090909 0.5872677595628415 0.2122909090909091 0.5568852459016393 0.21367272727272726 0.5265027322404371 0.21578181818181819 0.4887978142076503 0.20185454545454545 0.4992896174863388 0.19276363636363636 0.5013661202185792 0.19138181818181818 0.5139344262295081 0.19138181818181818 0.5390710382513662 0.1865090909090909 0.5600546448087431
3 0.3328727272727273 0.3673224043715847 0.32032727272727274 0.4008196721311475 0.31127272727272726 0.4312021857923497 0.31127272727272726 0.4646994535519126 0.31894545454545453 0.4940437158469945 0.34054545454545454 0.4992896174863388 0.35865454545454545 0.48251366120218575 0.3795636363636363 0.47207650273224044 0.3942181818181818 0.46786885245901644 0.3962909090909091 0.4354098360655738 0.3997818181818182 0.39032786885245907 0.3970181818181818 0.3673224043715847 0.38792727272727273 0.34218579234972674 0.37887272727272725 0.30863387978142076 0.3684363636363636 0.30863387978142076 0.3524 0.326448087431694 0.3426545454545455 0.3442622950819672