3 0.0212 0.29868852459016393 0.01418181818181818 0.32278688524590166 0.02221818181818182 0.39819672131147543 0.026218181818181818 0.4525136612021858 0.04127272727272727 0.5113661202185792 0.06534545454545454 0.5309289617486339 0.08141818181818182 0.5249180327868853 0.08745454545454545 0.4992896174863388 0.08141818181818182 0.4449726775956285 0.08243636363636364 0.390655737704918 0.08243636363636364 0.3469398907103825 0.07941818181818182 0.31830601092896177 0.05232727272727273 0.3062295081967213 0.03021818181818182 0.2971584699453552
3 0.700690909090909 0.5641530054644809 0.7107272727272727 0.5671584699453552 0.7418545454545454 0.5716939890710383 0.7970545454545455 0.5505464480874317 0.8221454545454545 0.5173770491803279 0.8291636363636364 0.46005464480874314 0.8211636363636363 0.4012568306010929 0.8171272727272727 0.34994535519125686 0.8171272727272727 0.31978142076502736 0.8090909090909091 0.28207650273224044 0.7900363636363636 0.2534426229508197 0.7549090909090909 0.2594535519125683 0.7077454545454546 0.303224043715847 0.6936727272727272 0.35295081967213116 0.6896727272727272 0.41180327868852457 0.6956727272727273 0.4495081967213115 0.697709090909091 0.5022950819672132 0.694690909090909 0.5550819672131148
3 0.2670909090909091 0.6229508196721312 0.2681090909090909 0.6667213114754099 0.2751272727272727 0.6968852459016394 0.29923636363636363 0.7164480874316941 0.32232727272727274 0.6998907103825137 0.34036363636363637 0.6802732240437158 0.3514181818181818 0.6440983606557378 0.34036363636363637 0.6184153005464481 0.32029090909090907 0.5882513661202186 0.30927272727272725 0.5641530054644809 0.29923636363636363 0.5792349726775956 0.2771272727272727 0.5882513661202186 0.2711272727272727 0.595792349726776
3 0.21592727272727275 0.30923497267759564 0.1918181818181818 0.3318579234972677 0.1757818181818182 0.4178142076502732 0.17174545454545453 0.4721311475409836 0.17476363636363637 0.5369945355191257 0.1918181818181818 0.5641530054644809 0.23399999999999999 0.5837158469945355 0.2641090909090909 0.5912568306010929 0.29621818181818177 0.5852459016393442 0.30825454545454545 0.5626229508196721 0.30425454545454544 0.5143715846994535 0.30123636363636364 0.4585792349726776 0.31127272727272726 0.41027322404371586 0.30927272727272725 0.3680327868852459 0.29018181818181815 0.330327868852459 0.2661090909090909 0.31076502732240435 0.23800000000000002 0.31224043715846994
3 0.5200363636363636 0.3439344262295082 0.506 0.390655737704918 0.4999636363636364 0.4645901639344262 0.49596363636363633 0.5309289617486339 0.4999636363636364 0.6063934426229508 0.5181818181818182 0.6289617486338798 0.5770909090909091 0.639344262295082 0.6254181818181819 0.6320218579234973 0.6565454545454545 0.6199453551912568 0.6896727272727272 0.5837158469945355 0.697709090909091 0.5173770491803279 0.6956727272727273 0.4284153005464481 0.6756 0.36655737704918034 0.6535272727272727 0.32131147540983607 0.6103636363636363 0.3016939890710383 0.5592 0.303224043715847
3 0.3444 0.32131147540983607 0.3293454545454545 0.35295081967213116 0.3162909090909091 0.40426229508196726 0.30425454545454544 0.4525136612021858 0.30221818181818183 0.5022950819672132 0.30625454545454545 0.5505464480874317 0.32432727272727274 0.5943169398907104 0.34941818181818185 0.6259562841530054 0.3865454545454545 0.6334972677595628 0.4246909090909091 0.6334972677595628 0.46083636363636366 0.6320218579234973 0.48890909090909085 0.6214754098360656 0.49796363636363633 0.5792349726775956 0.4999636363636364 0.4781420765027322 0.5009818181818182 0.44196721311475407 0.49392727272727277 0.3997267759562842 0.4738545454545455 0.3560109289617487 0.44778181818181817 0.31524590163934424 0.41767272727272725 0.3016939890710383 0.3915636363636364 0.303224043715847
3 0.8211636363636363 0.6410382513661202 0.8462545454545455 0.6862841530054645 0.8743636363636363 0.6908196721311476 0.8974181818181818 0.656120218579235 0.8944363636363636 0.5882513661202186 0.8823636363636363 0.5309289617486339 0.8653090909090909 0.5113661202185792 0.8352 0.49775956284153006 0.8221454545454545 0.5189071038251366 0.7990545454545455 0.5490710382513662 0.8101090909090909 0.5641530054644809 0.8151272727272727 0.6048633879781421
3 0.11152727272727274 0.28060109289617485 0.09949090909090909 0.29568306010928963 0.08945454545454545 0.3273224043715847 0.08443636363636363 0.3997267759562842 0.08341818181818182 0.46912568306010927 0.09447272727272728 0.5369945355191257 0.11556363636363637 0.5610928961748635 0.1526909090909091 0.5610928961748635 0.16774545454545456 0.5354644808743169 0.17174545454545453 0.49775956284153006 0.18280000000000002 0.38617486338797813 0.1868 0.34846994535519127 0.19585454545454545 0.3137704918032787 0.17778181818181818 0.29114754098360657 0.14767272727272726 0.28508196721311474 0.11454545454545455 0.28207650273224044
3 0.09545454545454546 0.5399999999999999 0.08341818181818182 0.5671584699453552 0.0784 0.6139344262295081 0.0804 0.6727322404371585 0.10552727272727272 0.7119672131147541 0.14465454545454545 0.7104371584699453 0.16370909090909092 0.6832786885245902 0.16774545454545456 0.6455737704918033 0.16774545454545456 0.6108743169398907 0.16672727272727272 0.5610928961748635 0.16774545454545456 0.5445355191256831 0.15367272727272727 0.5641530054644809 0.1336 0.5610928961748635 0.11352727272727273 0.5566120218579235
3 0.7157454545454546 0.5792349726775956 0.7207636363636364 0.6259562841530054 0.7308 0.6681967213114755 0.776 0.7119672131147541 0.7980727272727273 0.7164480874316941 0.8141090909090909 0.6742622950819672 0.8171272727272727 0.6108743169398907 0.8061090909090909 0.5610928961748635 0.7930545454545455 0.5505464480874317 0.7659636363636363 0.5641530054644809 0.7257818181818182 0.5731693989071038
3 0.8312 0.49475409836065576 0.8502545454545455 0.5143715846994535 0.8914181818181818 0.5324590163934426 0.9195272727272727 0.5128415300546447 0.9295636363636364 0.432896174863388 0.9295636363636364 0.37109289617486335 0.9185090909090909 0.31978142076502736 0.9014545454545455 0.2715300546448087 0.8773454545454545 0.2503825136612022 0.8472363636363637 0.2534426229508197 0.8221454545454545 0.3046994535519126 0.8141090909090909 0.34994535519125686 0.8181454545454546 0.39819672131147543 0.8191272727272727 0.46306010928961744
3 0.17476363636363637 0.5610928961748635 0.17076363636363637 0.6154098360655738 0.1808 0.6712021857923497 0.20687272727272726 0.7059016393442623 0.24 0.6938251366120218 0.2560727272727273 0.6636612021857924 0.2641090909090909 0.6334972677595628 0.2670909090909091 0.595792349726776 0.26007272727272723 0.5852459016393442 0.22694545454545453 0.586775956284153 0.19483636363636364 0.5671584699453552 0.17276363636363637 0.5566120218579235
3 0.6244363636363637 0.6380327868852459 0.6364727272727273 0.6742622950819672 0.6575636363636365 0.6983606557377049 0.6926909090909091 0.7013661202185792 0.701709090909091 0.656120218579235 0.7087272727272728 0.6078688524590163 0.7018181818181818 0.5655737704918032 0.6966909090909091 0.5610928961748635 0.6886545454545454 0.5882513661202186 0.6716 0.6033333333333333 0.6525454545454545 0.6259562841530054 0.6344727272727272 0.6320218579234973