3 0.696474820143885 0.5576 0.7002158273381295 0.5460499999999999 0.7085251798561151 0.53245 0.7175539568345324 0.53035 0.7311151079136691 0.53455 0.7431654676258993 0.5576 0.7454316546762589 0.57225 0.7461870503597122 0.5974 0.7288489208633093 0.6058 0.7213309352517986 0.60475 0.7198201438848921 0.5869 0.7115467625899281 0.5733 0.6994604316546762 0.5639
3 0.3392805755395683 0.5555 0.3302517985611511 0.57435 0.3287410071942446 0.5838 0.3302517985611511 0.6015999999999999 0.34456834532374103 0.6214999999999999 0.3566187050359712 0.63405 0.37169064748201436 0.6393 0.3776978417266187 0.6214999999999999 0.38071942446043167 0.6037 0.38676258992805757 0.58065 0.38374100719424464 0.56285 0.3701798561151079 0.55235 0.34456834532374103 0.5492
3 0.2985971223021583 0.22765000000000002 0.2887769784172662 0.24335 0.28428057553956837 0.2685 0.28050359712230216 0.3104 0.27974820143884893 0.34915 0.28428057553956837 0.37955 0.3046043165467626 0.39315 0.32798561151079136 0.39104999999999995 0.33550359712230216 0.3743 0.34381294964028775 0.34600000000000003 0.34607913669064744 0.31355 0.3400359712230216 0.2842 0.3302517985611511 0.257 0.320431654676259 0.24025
3 0.4379856115107914 0.27585 0.42442446043165466 0.2989 0.41841726618705033 0.324 0.41312949640287766 0.35335 0.4123741007194245 0.38060000000000005 0.41086330935251797 0.4036 0.4123741007194245 0.42355 0.43348920863309354 0.43295 0.4651079136690648 0.44655 0.4884892086330936 0.4497 0.5028057553956835 0.43715000000000004 0.5110791366906475 0.36905 0.5103237410071942 0.34704999999999997 0.5020503597122302 0.31355 0.49600719424460427 0.29785 0.4877338129496403 0.2821 0.46964028776978417 0.2748 0.4598561151079137 0.2727
3 0.27733812949640285 0.47454999999999997 0.2647841726618705 0.48414999999999997 0.2622661870503597 0.49895 0.2710791366906475 0.5268999999999999 0.28424460431654675 0.53565 0.29805755395683453 0.5295000000000001 0.3087410071942446 0.50945 0.3250719424460432 0.50945 0.34014388489208636 0.5103 0.34766187050359715 0.49895 0.33949640287769783 0.47805 0.32255395683453236 0.46145 0.29679856115107917 0.46405 0.27985611510791364 0.46755
3 0.2503597122302158 0.2486 0.2473381294964029 0.26535 0.24359712230215827 0.3062 0.24658273381294962 0.3387 0.25640287769784176 0.3586 0.27223021582733814 0.3586 0.28276978417266185 0.3345 0.28276978417266185 0.31145 0.27974820143884893 0.2821 0.2714748201438849 0.2643 0.26618705035971224 0.2465
3 0.309136690647482 0.5136 0.2993525179856115 0.52515 0.2925539568345324 0.5356000000000001 0.29028776978417264 0.5597 0.30762589928057554 0.57645 0.320431654676259 0.589 0.3257194244604316 0.58065 0.3325179856115108 0.56285 0.34456834532374103 0.5513 0.3475539568345324 0.5314 0.3475539568345324 0.5167499999999999 0.3325179856115108 0.5115 0.3114028776978417 0.5052
3 0.632410071942446 0.3146 0.6196043165467626 0.3345 0.6112949640287769 0.35229999999999995 0.6067985611510791 0.38685 0.6083093525179857 0.40990000000000004 0.6196043165467626 0.43715000000000004 0.643705035971223 0.4382 0.6595323741007194 0.42455 0.6708273381294965 0.38060000000000005 0.6708273381294965 0.34495 0.667841726618705 0.31145 0.6587769784172661 0.30515000000000003 0.6474820143884892 0.3062
3 0.2509712230215827 0.4073 0.23967625899280573 0.4178 0.22960431654676258 0.44310000000000005 0.24406474820143884 0.4728 0.2622661870503597 0.47365 0.2823741007194245 0.46755 0.3074820143884892 0.46405 0.32194244604316546 0.46049999999999996 0.3251798561151079 0.439 0.31564748201438847 0.4108 0.2999640287769784 0.4082 0.27294964028776975 0.41605 0.26366906474820145 0.41350000000000003
3 0.6226258992805755 0.655 0.6271223021582734 0.67175 0.6444604316546763 0.6696500000000001 0.6648201438848921 0.6613 0.6700719424460432 0.63615 0.6685971223021583 0.6173 0.6625539568345323 0.58795 0.6452158273381295 0.58795 0.6301438848920864 0.5932 0.6233812949640288 0.60995 0.6203597122302159 0.62465
3 0.36640287769784174 0.2664 0.35510791366906475 0.2863 0.34607913669064744 0.3188 0.3483093525179856 0.3586 0.35586330935251803 0.3942 0.3776978417266187 0.40674999999999994 0.3935251798561151 0.39840000000000003 0.40784172661870505 0.38165 0.41312949640287766 0.34915 0.41312949640287766 0.31984999999999997 0.40485611510791364 0.29575 0.39428057553956836 0.27375 0.3799640287769784 0.26535
3 0.5028057553956835 0.6194 0.49902877697841724 0.6487 0.4975179856115108 0.6728000000000001 0.5073381294964029 0.6948000000000001 0.5299280575539568 0.6990000000000001 0.5404676258992805 0.6979500000000001 0.5495323741007194 0.6833 0.5547841726618704 0.6529 0.5600719424460431 0.61835 0.5510431654676259 0.61625 0.5291726618705036 0.6089 0.5103237410071942 0.6131
3 0.5585611510791367 0.6173 0.5555395683453237 0.6696500000000001 0.566115107913669 0.6979500000000001 0.5811870503597122 0.70005 0.5984892086330935 0.6927 0.6173381294964029 0.677 0.6218705035971223 0.62465 0.6203597122302159 0.60785 0.6045323741007195 0.59845 0.5864388489208633 0.60055 0.5691007194244605 0.6089
3 0.388273381294964 0.5838 0.3814748201438849 0.60685 0.3792086330935252 0.6309 0.388273381294964 0.6570999999999999 0.41161870503597126 0.6696500000000001 0.42366906474820143 0.6696500000000001 0.43348920863309354 0.655 0.4379856115107914 0.633 0.4425179856115108 0.6131 0.44402877697841725 0.59425 0.435 0.58795 0.4206474820143885 0.5817 0.3988129496402878 0.5754
3 0.5357913669064748 0.2902 0.5154676258992806 0.3321 0.5116906474820144 0.35409999999999997 0.510179856115108 0.396 0.5109352517985611 0.42845 0.5133093525179856 0.4485 0.5418345323741007 0.45465000000000005 0.5741007194244604 0.4545 0.6000000000000001 0.442 0.6051438848920863 0.42215 0.6043884892086331 0.35305 0.5992805755395684 0.325 0.594568345323741 0.29335 0.5840287769784173 0.2839 0.5629496402877698 0.2797 0.5441007194244604 0.28075
3 0.6776258992805755 0.5639 0.6693525179856116 0.5838 0.6670863309352517 0.6015999999999999 0.6738489208633094 0.6257 0.6858992805755396 0.6424500000000001 0.7032374100719424 0.6414 0.7160431654676259 0.62255 0.7213309352517986 0.59845 0.7152877697841726 0.58065 0.7062589928057554 0.5660000000000001 0.6829136690647482 0.5607500000000001
3 0.6926978417266186 0.32189999999999996 0.6746043165467626 0.34915 0.6700719424460432 0.38475000000000004 0.6640647482014389 0.41200000000000003 0.6738489208633094 0.43715000000000004 0.6934532374100719 0.45075000000000004 0.7145323741007193 0.44655 0.7243525179856115 0.4183 0.7288489208633093 0.3743 0.7296043165467626 0.33344999999999997 0.7296043165467626 0.31145 0.7280935251798561 0.29575 0.7183453237410071 0.2925 0.7061151079136692 0.305
3 0.460611510791367 0.59425 0.46812949640287765 0.59845 0.4854676258992806 0.60055 0.49902877697841724 0.6131 0.5014388489208633 0.6214999999999999 0.49676258992805755 0.6424500000000001 0.4952517985611511 0.6634 0.49208633093525184 0.6779999999999999 0.47870503597122305 0.6927 0.4621223021582734 0.6884999999999999 0.44478417266187054 0.6759499999999999 0.43273381294964025 0.653 0.43949640287769787 0.6267499999999999 0.44712230215827337 0.5995
3 0.7273741007194245 0.42355 0.7409352517985611 0.42560000000000003 0.7537410071942445 0.41725 0.7582374100719425 0.3785 0.7620143884892087 0.34704999999999997 0.7635251798561151 0.3282 0.7589928057553957 0.32295 0.7454316546762589 0.33975 0.737158273381295 0.35755000000000003 0.7311151079136691 0.3743 0.7288489208633093 0.3942