3 0.25634349030470915 0.3465 0.24872576177285322 0.37705 0.2343490304709141 0.43810000000000004 0.2343490304709141 0.48090000000000005 0.23603878116343488 0.50835 0.24789473684210525 0.54195 0.27581717451523546 0.5542 0.30033240997229915 0.5374 0.32994459833795015 0.50835 0.34349030470914127 0.49005000000000004 0.35448753462603877 0.46255 0.352797783933518 0.4152 0.3477285318559557 0.38159999999999994 0.32742382271468146 0.34954999999999997 0.2927146814404432 0.32815 0.27833795013850415 0.33275
3 0.19542936288088641 0.72065 0.1945983379501385 0.74965 0.19204986149584488 0.8107500000000001 0.19204986149584488 0.8443 0.21490304709141272 0.84125 0.2546537396121884 0.8077 0.27581717451523546 0.7863 0.29102493074792246 0.7465999999999999 0.2935734072022161 0.6992499999999999 0.28933518005540165 0.6611 0.28426592797783934 0.62445 0.2766481994459834 0.61525 0.26141274238227147 0.6107 0.24110803324099725 0.63815 0.2233518005540166 0.6672 0.21163434903047093 0.6855
3 0.8257617728531856 0.67 0.8231855955678671 0.6901 0.8223268698060943 0.7298 0.8367313019390582 0.78325 0.8494182825484764 0.8046 0.8654847645429363 0.8229500000000001 0.883240997229917 0.8153 0.8942382271468143 0.77105 0.9010249307479223 0.7252 0.9044044321329641 0.68245 0.8976454293628809 0.6335999999999999 0.8840997229916898 0.6 0.860415512465374 0.5954 0.8426315789473684 0.6305499999999999 0.8350415512465373 0.65495
3 0.5152354570637119 0.3068 0.5067590027700831 0.33275 0.5 0.37854999999999994 0.5033795013850415 0.43355 0.5093074792243768 0.46409999999999996 0.5406094182825485 0.4885 0.5854570637119113 0.49155 0.6201385041551246 0.49465000000000003 0.6514404432132964 0.4885 0.6598891966759003 0.4412 0.6548199445983379 0.39535 0.6455124653739612 0.3465 0.6285872576177285 0.3129 0.6159002770083103 0.2778 0.5947645429362881 0.2457 0.5626038781163435 0.2335 0.5415512465373962 0.2425 0.5218836565096953 0.281
3 0.2918836565096953 0.7191 0.29950138504155127 0.74965 0.30373961218836565 0.76645 0.32149584487534627 0.78325 0.3502493074792244 0.7741 0.3832409972299169 0.7465999999999999 0.3959556786703601 0.7069 0.39933518005540164 0.6565000000000001 0.40016620498614963 0.59845 0.39847645429362877 0.58165 0.38747922437673127 0.5664 0.3426315789473684 0.5664 0.31894736842105265 0.5786 0.29526315789473684 0.6015 0.28681440443213296 0.6335999999999999 0.28850415512465377 0.6611
3 0.7182825484764543 0.6335999999999999 0.7182825484764543 0.67175 0.7182825484764543 0.7160500000000001 0.7250415512465375 0.742 0.7487257617728532 0.77105 0.7656509695290858 0.7985 0.786814404432133 0.8244499999999999 0.7927146814404432 0.8290500000000001 0.7995013850415512 0.78935 0.7961218836565096 0.73745 0.7859556786703602 0.6916 0.7749584487534625 0.6579999999999999 0.7504155124653739 0.6305499999999999 0.7275900277008311 0.6183
3 0.14069252077562328 0.7753 0.13138504155124653 0.80125 0.11445983379501386 0.8379000000000001 0.10515235457063712 0.8715 0.11108033240997231 0.88985 0.1390027700831025 0.8944 0.16354570637119115 0.8837 0.18299168975069252 0.8669499999999999 0.18977839335180058 0.83485 0.1889196675900277 0.79975 0.1889196675900277 0.77835 0.18130193905817174 0.7631 0.1652354570637119 0.7554500000000001
3 0.0668421052631579 0.6 0.057534626038781164 0.64275 0.05246537396121884 0.7069 0.05498614958448754 0.7695000000000001 0.06515235457063712 0.82755 0.07952908587257618 0.8382 0.10407202216066481 0.8306 0.1209972299168975 0.7985 0.13282548476454295 0.7741 0.14720221606648198 0.7404999999999999 0.15060941828254848 0.6992499999999999 0.1446814404432133 0.6579999999999999 0.13789473684210526 0.62595 0.12268698060941828 0.59845 0.09221606648199446 0.5847 0.07614958448753462 0.5847
3 0.6184487534626039 0.5725 0.6142105263157894 0.59695 0.6133795013850416 0.6457999999999999 0.6184487534626039 0.6901 0.6455124653739612 0.7313 0.6658171745152355 0.75575 0.6886703601108034 0.7634000000000001 0.7114958448753463 0.7741 0.7157340720221607 0.7298 0.7191135734072023 0.6870499999999999 0.7132963988919667 0.643 0.6861218836565097 0.58625 0.6632963988919667 0.5740500000000001 0.6277562326869807 0.5679
3 0.40016620498614963 0.65955 0.404404432132964 0.7008 0.41963988919667594 0.7252 0.45263157894736844 0.74965 0.47376731301939057 0.7252 0.49069252077562325 0.68245 0.5025484764542936 0.6351 0.5101662049861495 0.59085 0.5101662049861495 0.56485 0.5 0.55115 0.45601108033241 0.5389 0.42894736842105263 0.5435 0.40185595567867033 0.5664 0.40016620498614963 0.60305 0.39933518005540164 0.63815
3 0.37310249307479226 0.28695 0.36379501385041557 0.32205 0.35786703601108033 0.36634999999999995 0.3511080332409972 0.4366 0.3612465373961219 0.4702 0.36803324099722995 0.49005000000000004 0.39678670360110807 0.49005000000000004 0.44756232686980607 0.48700000000000004 0.47207756232686976 0.48090000000000005 0.4983102493074792 0.4717 0.5033795013850415 0.45645 0.5025484764542936 0.41064999999999996 0.4983102493074792 0.374 0.49238227146814406 0.3297 0.48562326869806094 0.29765 0.4712465373961219 0.261 0.4492520775623269 0.24265 0.4204709141274238 0.2396 0.39764542936288094 0.25335
3 0.15144044321329642 0.40759999999999996 0.13789473684210526 0.45645 0.13113573407202217 0.52515 0.13030470914127423 0.56945 0.1404432132963989 0.6351 0.14806094182825486 0.67025 0.1751246537396122 0.6809499999999999 0.19373961218836563 0.6565000000000001 0.21997229916897507 0.61525 0.23689750692520775 0.58165 0.23941828254847647 0.52975 0.23689750692520775 0.48700000000000004 0.22080332409972298 0.44880000000000003 0.20304709141274238 0.41825 0.16925207756232688 0.3985
3 0.7504155124653739 0.55115 0.7555124653739612 0.59695 0.7715789473684211 0.6275 0.8011911357340721 0.66565 0.8130193905817175 0.67175 0.831634349030471 0.65495 0.8350415512465373 0.61525 0.8426315789473684 0.5618 0.8434903047091413 0.5221 0.8418005540166205 0.47784999999999994 0.8299445983379502 0.44425 0.816426592797784 0.42590000000000006 0.7893351800554016 0.41979999999999995 0.7715789473684211 0.4534 0.7605817174515235 0.48395000000000005 0.7546537396121884 0.5175500000000001
3 0.6514404432132964 0.48395000000000005 0.6726038781163435 0.5099 0.6709141274238227 0.5175500000000001 0.6945983379501385 0.5328 0.7233518005540166 0.5557 0.7470360110803325 0.5557 0.7572022160664821 0.50225 0.7572022160664821 0.4656 0.7470360110803325 0.42284999999999995 0.7292797783933518 0.36939999999999995 0.7182825484764543 0.34954999999999997 0.6979778393351801 0.3358 0.6675069252077562 0.3419 0.6514404432132964 0.36479999999999996 0.6514404432132964 0.38775 0.65398891966759 0.41674999999999995 0.65398891966759 0.44425
3 0.5084764542936289 0.60915 0.5084764542936289 0.64885 0.5135457063711911 0.6794 0.5372299168975069 0.7191 0.5575346260387812 0.7404999999999999 0.5854570637119113 0.74355 0.6015235457063712 0.72675 0.6116897506925207 0.67025 0.6150692520775624 0.629 0.6150692520775624 0.6 0.61 0.5710000000000001 0.5980609418282549 0.557 0.5626038781163435 0.5465 0.5407202216066481 0.5525 0.5185595567867036 0.551 0.5109972299168976 0.58015