3 0.22549107142857142 0.5354464285714285 0.22549107142857142 0.5641071428571428 0.2375892857142857 0.6078571428571429 0.23906249999999998 0.6320089285714285 0.24361607142857142 0.6621428571428571 0.26625 0.6772321428571428 0.30995535714285716 0.6727232142857142 0.3325892857142857 0.6410267857142857 0.34316964285714285 0.6063392857142856 0.3295982142857143 0.565625 0.32205357142857144 0.5324553571428571 0.3341071428571429 0.5264285714285715 0.3582142857142857 0.5203571428571429 0.36125 0.49776785714285715 0.3461607142857143 0.49776785714285715 0.3114732142857143 0.5037946428571428 0.30093749999999997 0.5113392857142858 0.26625 0.5203571428571429 0.23004464285714285 0.5264285714285715
3 0.08071428571428571 0.5143303571428571 0.06866071428571428 0.5384821428571429 0.0565625 0.565625 0.04754464285714286 0.5927678571428572 0.038482142857142854 0.6199107142857143 0.05205357142857143 0.635 0.06410714285714285 0.6395535714285714 0.08977678571428571 0.6440625000000001 0.109375 0.6365178571428572 0.11540178571428572 0.6078571428571429 0.1184375 0.5762053571428571 0.13499999999999998 0.5399999999999999 0.14705357142857142 0.5188839285714286 0.14558035714285714 0.5007589285714286 0.13499999999999998 0.5007589285714286 0.12142857142857143 0.49473214285714284 0.09732142857142857 0.49624999999999997
3 0.8891517857142857 0.46004464285714286 0.9147767857142857 0.46455357142857145 0.9585267857142857 0.4675892857142857 0.9645535714285715 0.44495535714285717 0.9675892857142857 0.3620089285714286 0.9660714285714286 0.3288392857142857 0.9525 0.3031696428571428 0.9253571428571429 0.3031696428571428 0.8951785714285715 0.33183035714285714 0.8846428571428572 0.3725446428571429 0.8846428571428572 0.41330357142857144
3 0.8303125 0.5987946428571428 0.8710714285714286 0.6048214285714285 0.9057589285714285 0.6018303571428572 0.9162946428571429 0.5746874999999999 0.9147767857142857 0.5369642857142857 0.8997321428571429 0.5067857142857143 0.8800892857142857 0.4751339285714286 0.8710714285714286 0.46004464285714286 0.8333482142857143 0.4570089285714286 0.8077232142857144 0.4525 0.7790625 0.4751339285714286 0.7745089285714286 0.49776785714285715 0.8075892857142858 0.5232142857142857 0.8214285714285714 0.5580357142857143 0.8348660714285714 0.5867410714285715
3 0.32656250000000003 0.29562499999999997 0.29941964285714284 0.31375000000000003 0.27982142857142855 0.3439285714285715 0.26321428571428573 0.3891517857142857 0.2677232142857143 0.44950892857142855 0.28433035714285715 0.4751339285714286 0.31294642857142857 0.49776785714285715 0.37183035714285717 0.49924107142857144 0.4170535714285714 0.4932142857142857 0.4427232142857143 0.48566964285714287 0.45776785714285717 0.4434375 0.45776785714285717 0.3891517857142857 0.4472321428571429 0.33031249999999995 0.4336607142857143 0.3001785714285714 0.38687499999999997 0.2790625
3 0.109375 0.6229464285714286 0.1003125 0.6531250000000001 0.1003125 0.6817857142857143 0.10482142857142858 0.7058928571428572 0.11691964285714286 0.7134375000000001 0.13499999999999998 0.7089285714285715 0.16214285714285714 0.6953571428571428 0.19535714285714284 0.6742410714285715 0.2330357142857143 0.6455803571428572 0.24361607142857142 0.6108928571428571 0.21495535714285713 0.5791964285714286 0.20290178571428572 0.5490178571428571 0.19986607142857143 0.5264285714285715 0.17723214285714287 0.5203571428571429 0.1591517857142857 0.5249107142857142 0.1410267857142857 0.5384821428571429 0.1289732142857143 0.5565625 0.12142857142857143 0.5867410714285715
3 0.7805803571428571 0.4253571428571429 0.8046875 0.4419642857142857 0.8242857142857142 0.46004464285714286 0.8529464285714285 0.46455357142857145 0.8861607142857143 0.4615625 0.8891517857142857 0.42839285714285713 0.8906696428571428 0.3936607142857143 0.8936607142857144 0.3680357142857143 0.8906696428571428 0.3333482142857143 0.8725446428571428 0.2880803571428571 0.8499553571428571 0.26848214285714284 0.8167410714285713 0.2654910714285714 0.7609374999999999 0.3046875 0.7564285714285715 0.34540178571428576 0.7624553571428571 0.3906696428571429
3 0.5679017857142857 0.5987946428571428 0.5875 0.6561160714285714 0.5995535714285715 0.6802678571428571 0.6237053571428571 0.7013839285714286 0.6417857142857143 0.7104017857142857 0.6689285714285714 0.6998660714285715 0.6840178571428571 0.6621428571428571 0.6900446428571428 0.6244642857142857 0.6945982142857143 0.5867410714285715 0.6855357142857142 0.5445089285714285 0.6749999999999999 0.5113392857142858 0.6523660714285714 0.5067857142857143 0.5995535714285715 0.5203571428571429 0.5633482142857142 0.5354464285714285 0.5573214285714286 0.5490178571428571 0.5602678571428571 0.5790178571428571
3 0.6327678571428572 0.4811607142857143 0.6599107142857142 0.4902232142857143 0.7157142857142856 0.4887053571428571 0.7519196428571429 0.47964285714285715 0.7609374999999999 0.4570089285714286 0.7669642857142858 0.43138392857142854 0.7684821428571428 0.39821428571428574 0.7564285714285715 0.36049107142857145 0.7488839285714286 0.3288392857142857 0.7322767857142857 0.3016964285714286 0.7126785714285714 0.2866071428571429 0.6930803571428571 0.2805803571428572 0.6508482142857143 0.3091964285714286 0.6327678571428572 0.3378571428571429 0.6417857142857143 0.3665178571428571 0.6493303571428571 0.3891517857142857 0.6463392857142857 0.4389285714285714 0.6357589285714286 0.46308035714285717
3 0.4653125 0.5852232142857143 0.46383928571428573 0.6259375 0.47888392857142853 0.6485714285714286 0.5060714285714286 0.6651785714285714 0.5271875 0.6531250000000001 0.5512946428571428 0.6289732142857142 0.5603571428571429 0.5927678571428572 0.5573214285714286 0.5550892857142857 0.5528125 0.5369642857142857 0.5694196428571429 0.5188839285714286 0.5694196428571429 0.5007589285714286 0.5362053571428571 0.5053124999999999 0.4864285714285714 0.5037946428571428 0.45776785714285717 0.5022767857142857 0.45776785714285717 0.5203571428571429 0.45629464285714283 0.5460267857142858
3 0.3295982142857143 0.5595982142857142 0.3386160714285714 0.6108928571428571 0.3476785714285714 0.6440625000000001 0.35973214285714283 0.6757142857142858 0.38687499999999997 0.6983482142857144 0.4170535714285714 0.6998660714285715 0.44571428571428573 0.6878124999999999 0.4623214285714286 0.6576339285714285 0.46383928571428573 0.6199107142857143 0.4608035714285714 0.5595982142857142 0.4532589285714286 0.5203571428571429 0.4517410714285714 0.49776785714285715 0.4110267857142857 0.5022767857142857 0.36879464285714286 0.5158482142857143 0.335625 0.5324553571428571
3 0.029419642857142856 0.3182589285714286 0.020357142857142855 0.35446428571428573 0.023392857142857142 0.3891517857142857 0.04 0.4419642857142857 0.06875 0.5066964285714286 0.10178571428571428 0.5066964285714286 0.1200892857142857 0.49330357142857145 0.13200892857142857 0.45401785714285714 0.14857142857142858 0.4329017857142857 0.15611607142857142 0.40875 0.15611607142857142 0.38160714285714287 0.1410267857142857 0.35598214285714286 0.12142857142857143 0.3379464285714286 0.08977678571428571 0.32732142857142854 0.065625 0.3077232142857143
3 0.18325892857142856 0.3197767857142857 0.17120535714285715 0.34540178571428576 0.15611607142857142 0.3846428571428571 0.15160714285714286 0.4329017857142857 0.15312499999999998 0.4751339285714286 0.15611607142857142 0.5158482142857143 0.19535714285714284 0.5249107142857142 0.25870535714285714 0.5233928571428571 0.30093749999999997 0.5098214285714285 0.30241071428571425 0.49174107142857143 0.2767857142857143 0.4766517857142857 0.26924107142857145 0.44950892857142855 0.2677232142857143 0.41178571428571425 0.26321428571428573 0.383125 0.26473214285714286 0.3484375 0.2541517857142857 0.33486607142857144 0.2225 0.31526785714285716
3 0.45928571428571424 0.3288392857142857 0.4517410714285714 0.3575 0.44875 0.4238392857142857 0.45776785714285717 0.48267857142857146 0.4758928571428571 0.5113392857142858 0.5271875 0.5083035714285714 0.5784374999999999 0.4932142857142857 0.613125 0.47812499999999997 0.6387946428571428 0.44495535714285717 0.6463392857142857 0.41178571428571425 0.6448214285714285 0.3665178571428571 0.6206696428571429 0.3197767857142857 0.5980357142857143 0.2790625 0.5724107142857143 0.2579464285714286 0.5362053571428571 0.2639732142857143 0.5075446428571428 0.2805803571428572
3 0.7021428571428572 0.6289732142857142 0.7217410714285714 0.6545982142857143 0.7654910714285714 0.6817857142857143 0.8077232142857144 0.6938392857142857 0.8152678571428572 0.6772321428571428 0.8273214285714285 0.6395535714285714 0.8273214285714285 0.6033482142857143 0.8242857142857142 0.565625 0.8031696428571429 0.5264285714285715 0.7835714285714286 0.5053124999999999 0.7564285714285715 0.4902232142857143 0.7126785714285714 0.49776785714285715 0.6975892857142857 0.5143303571428571 0.6885714285714286 0.5354464285714285 0.6915625 0.5746874999999999 0.6961160714285715 0.6138839285714285
3 0.9253571428571429 0.5520535714285714 0.9555357142857143 0.565625 0.9796428571428571 0.5565625 0.9856696428571429 0.5188839285714286 0.9645535714285715 0.4841964285714285 0.9495089285714285 0.4675892857142857 0.9238392857142858 0.4615625 0.8876339285714286 0.46004464285714286 0.8770982142857143 0.46910714285714283 0.8982142857142856 0.49776785714285715 0.9072767857142857 0.5294196428571428