3 0.42963636363636365 0.5080874316939891 0.4290545454545454 0.5272677595628416 0.4354545454545454 0.5718032786885245 0.4401090909090909 0.5927322404371584 0.4453090909090909 0.6224043715846995 0.4610181818181818 0.6512021857923498 0.47959999999999997 0.671311475409836 0.49818181818181817 0.6599453551912569 0.5103636363636364 0.6197814207650273 0.5161818181818182 0.567431693989071 0.5144363636363636 0.5159016393442623 0.5086181818181819 0.4906010928961749 0.4888727272727273 0.48098360655737704 0.46854545454545454 0.48710382513661205 0.44880000000000003 0.4967213114754099
3 0.7031999999999999 0.4757923497267759 0.7235272727272727 0.5002185792349727 0.7427272727272727 0.5193989071038251 0.7502545454545454 0.5298907103825137 0.7653818181818182 0.5211475409836066 0.7734909090909091 0.4914754098360656 0.7804727272727272 0.46617486338797814 0.7833818181818182 0.4321311475409836 0.7828 0.3989617486338798 0.7688363636363637 0.39633879781420767 0.7496727272727273 0.41120218579234974 0.7281818181818182 0.4382513661202186 0.7148363636363637 0.45393442622950814
3 0.7734545454545454 0.49715846994535523 0.782909090909091 0.506448087431694 0.8061818181818181 0.5020765027322404 0.8170909090909091 0.47912568306010933 0.824 0.44469945355191254 0.8258181818181818 0.4184699453551913 0.8218181818181818 0.4059016393442623 0.8167272727272727 0.4053551912568306 0.8007272727272727 0.419016393442623 0.7916363636363636 0.43759562841530053 0.7843636363636364 0.4518032786885246 0.7814545454545455 0.46327868852459014 0.7774545454545455 0.4769398907103825
3 0.6596363636363637 0.5028415300546448 0.6584727272727273 0.5255191256830601 0.6677818181818181 0.5516939890710382 0.6846181818181819 0.573551912568306 0.7031999999999999 0.5892349726775956 0.7224 0.5892349726775956 0.7270181818181819 0.5569398907103825 0.716 0.5298907103825137 0.7061090909090909 0.49846994535519124 0.6956727272727273 0.48010928961748633 0.6736000000000001 0.4766666666666667
3 0.15487272727272727 0.5594535519125683 0.15294545454545455 0.5776502732240437 0.16069090909090908 0.598743169398907 0.18487272727272727 0.6089071038251367 0.20425454545454547 0.6009289617486339 0.21101818181818183 0.572568306010929 0.20581818181818182 0.5672131147540983 0.1873090909090909 0.552896174863388 0.18101818181818183 0.5405464480874317 0.17276363636363637 0.532568306010929 0.16552727272727275 0.5492896174863388 0.15825454545454545 0.5580327868852459
3 0.21345454545454545 0.5688524590163934 0.20945454545454545 0.5846994535519126 0.21018181818181816 0.6060109289617487 0.23036363636363638 0.6161748633879782 0.25265454545454546 0.6089071038251367 0.2681454545454545 0.5834426229508196 0.27007272727272724 0.5587431693989071 0.2628 0.5550819672131148 0.25167272727272727 0.5681967213114755 0.23665454545454545 0.5718032786885245 0.22796363636363637 0.5565573770491803
3 0.5957454545454546 0.5421311475409836 0.5917090909090909 0.5770491803278688 0.5893818181818182 0.5979781420765028 0.5870545454545455 0.6171584699453552 0.5986545454545454 0.6381420765027322 0.6172363636363637 0.6477049180327868 0.6358545454545455 0.6564480874316939 0.6544363636363636 0.6363934426229508 0.6648727272727273 0.6110382513661202 0.6718545454545454 0.5718032786885245 0.6677818181818181 0.5499453551912569 0.6579272727272728 0.5237704918032786 0.6416363636363636 0.516775956284153 0.6236363636363637 0.5202732240437158 0.6120363636363636 0.5325136612021858
3 0.5138545454545455 0.4958469945355191 0.5167636363636364 0.5072131147540984 0.5144363636363636 0.5778688524590164 0.5144363636363636 0.6040983606557377 0.525490909090909 0.6529508196721311 0.5353454545454546 0.6704371584699453 0.5539272727272728 0.671311475409836 0.5736727272727272 0.6512021857923498 0.5864727272727273 0.6049726775956283 0.5934181818181818 0.5639344262295082 0.5957454545454546 0.4958469945355191 0.5783272727272727 0.4853551912568306 0.5516 0.48360655737704916 0.5237454545454545 0.4879781420765027
3 0.7316363636363636 0.5151912568306011 0.7181818181818181 0.5151912568306011 0.7196363636363636 0.534863387978142 0.7261818181818182 0.5485245901639344 0.7414545454545455 0.5660109289617486 0.7596363636363637 0.570928961748634 0.7778181818181819 0.5632786885245902 0.7778181818181819 0.5386885245901639 0.7625454545454545 0.5217486338797814 0.7552727272727272 0.5283060109289618 0.7425454545454545 0.5233879781420765 0.7381818181818182 0.5151912568306011
3 0.11905454545454547 0.46415300546448085 0.11807272727272727 0.47797814207650274 0.12487272727272729 0.51 0.14810909090909088 0.5492896174863388 0.1630909090909091 0.552896174863388 0.17327272727272727 0.5347540983606557 0.1693818181818182 0.5056284153005465 0.16116363636363637 0.48311475409836063 0.14036363636363636 0.4678142076502732 0.12632727272727273 0.45907103825136614
3 0.21065454545454546 0.4618032786885246 0.21007272727272727 0.48010928961748633 0.2182181818181818 0.522896174863388 0.22923636363636363 0.5499453551912569 0.24145454545454548 0.5718032786885245 0.2530545454545455 0.5726775956284152 0.2612 0.5586885245901639 0.28905454545454545 0.522896174863388 0.29952727272727275 0.5010928961748634 0.29836363636363633 0.4775409836065574 0.2728 0.46005464480874314 0.25829090909090907 0.45393442622950814 0.2304 0.4495628415300546
3 0.5353454545454546 0.42775956284153005 0.5382545454545455 0.44699453551912566 0.5533454545454545 0.4784153005464481 0.5696363636363636 0.48710382513661205 0.5888 0.4784153005464481 0.6097090909090909 0.4504371584699454 0.6288727272727272 0.4146448087431694 0.6369818181818181 0.37016393442622947 0.6312000000000001 0.3439890710382514 0.6143636363636363 0.3212568306010929 0.5963272727272727 0.31169398907103824 0.5748363636363637 0.3230054644808743 0.5603272727272728 0.35267759562841533 0.5510181818181819 0.38934426229508196
3 0.2762909090909091 0.5508196721311476 0.2728 0.5613114754098361 0.27047272727272725 0.5901092896174863 0.26930909090909094 0.614535519125683 0.2762909090909091 0.6276502732240438 0.2913818181818182 0.6346448087431694 0.3181090909090909 0.6398907103825137 0.3384363636363636 0.614535519125683 0.34716363636363634 0.5901092896174863 0.3448363636363636 0.5700546448087431 0.3401818181818182 0.5455737704918033 0.33552727272727273 0.5272677595628416 0.3216 0.5107103825136612 0.3036 0.5002185792349727 0.2966181818181818 0.505464480874317 0.28792727272727275 0.5246448087431694 0.2792 0.53775956284153
3 0.35876363636363634 0.4015846994535519 0.3506545454545455 0.41382513661202186 0.34832727272727276 0.43387978142076505 0.3518181818181818 0.46005464480874314 0.36574545454545454 0.48622950819672134 0.3831636363636364 0.5063387978142077 0.40698181818181817 0.5080874316939891 0.4354545454545454 0.49934426229508194 0.4638909090909091 0.48710382513661205 0.4819272727272727 0.46792349726775956 0.4888727272727273 0.4452459016393443 0.4900363636363636 0.40770491803278686 0.4813454545454546 0.3823497267759563 0.46505454545454544 0.3587978142076503 0.44821818181818185 0.3466120218579235 0.41396363636363637 0.3457377049180328 0.3901454545454546 0.3605464480874317 0.3761818181818182 0.380655737704918
3 0.3425090909090909 0.5333879781420765 0.3401818181818182 0.5569398907103825 0.3465818181818182 0.5918579234972677 0.3564363636363636 0.6302732240437159 0.3680727272727273 0.6546994535519126 0.38432727272727274 0.6634426229508197 0.40640000000000004 0.6555737704918033 0.4180363636363636 0.6311475409836066 0.4238181818181818 0.6067213114754099 0.4308 0.573551912568306 0.4337090909090909 0.543879781420765 0.42963636363636365 0.5246448087431694 0.4180363636363636 0.5132786885245902 0.3901454545454546 0.5072131147540984 0.37676363636363636 0.5132786885245902 0.3494909090909091 0.5263934426229508
3 0.16356363636363636 0.44672131147540983 0.16214545454545456 0.4678142076502732 0.16454545454545455 0.49983606557377047 0.17567272727272729 0.532568306010929 0.1936 0.5594535519125683 0.2148727272727273 0.5638251366120219 0.2245818181818182 0.5492896174863388 0.2177818181818182 0.5253005464480874 0.19843636363636363 0.5005464480874317 0.19069090909090908 0.4787431693989071 0.17665454545454545 0.45398907103825137