3 0.25045936395759716 0.34241573033707867 0.24098939929328622 0.39668539325842694 0.23908127208480565 0.44044943820224725 0.24003533568904595 0.4962359550561798 0.2817667844522968 0.5324719101123595 0.30265017667844524 0.5339887640449438 0.3187632508833922 0.5219101123595506 0.32540636042402826 0.48719101123595504 0.3292226148409894 0.44646067415730334 0.3301766784452297 0.40876404494382024 0.32162544169611307 0.3680337078651686 0.30643109540636043 0.3408988764044944 0.2950530035335689 0.31224719101123594 0.27607773851590106 0.2986516853932584 0.2609187279151944 0.3062359550561798
3 0.10056537102473498 0.32730337078651683 0.09678445229681978 0.3635393258426966 0.09392226148409893 0.4193258426966292 0.09300353356890459 0.45252808988764043 0.10720848056537102 0.497752808988764 0.11671378091872792 0.5173595505617977 0.14706713780918726 0.5219101123595506 0.16130742049469965 0.5053370786516854 0.16604240282685512 0.47814606741573035 0.15180212014134276 0.44196629213483146 0.15275618374558303 0.3831460674157304 0.14233215547703182 0.3605056179775281 0.12618374558303888 0.3348876404494382
3 0.03445229681978799 0.45162921348314605 0.026537102473498234 0.4579213483146068 0.014699646643109542 0.49039325842696635 0.012049469964664312 0.5365168539325843 0.014028268551236749 0.5668539325842697 0.03445229681978799 0.5805056179775281 0.054204946996466434 0.579438202247191 0.058833922261484095 0.5626966292134832 0.06148409893992932 0.5249438202247191 0.06936395759717315 0.4998314606741573 0.07795053003533568 0.4862359550561798 0.06607773851590105 0.4747191011235955 0.048303886925795056 0.46314606741573033
3 0.22484098939929328 0.5234269662921348 0.22010600706713782 0.5550561797752809 0.21159010600706715 0.6124157303370786 0.2087279151943463 0.6531460674157303 0.21063604240282685 0.6742134831460674 0.21537102473498235 0.6923595505617978 0.23056537102473498 0.7074157303370786 0.25427561837455825 0.6998876404494382 0.28081272084805653 0.662191011235955 0.2969611307420495 0.6124157303370786 0.3016961130742049 0.5626404494382022 0.29886925795053004 0.5354494382022472 0.292226148409894 0.529438202247191 0.2609187279151944 0.5173595505617977 0.25045936395759716 0.508314606741573 0.23530035335689048 0.5067977528089888 0.2296113074204947 0.5173595505617977
3 0.4743462897526502 0.5520786516853933 0.47247349823321555 0.56561797752809 0.4743462897526502 0.6108988764044944 0.4743462897526502 0.6501123595505618 0.48289752650176676 0.6908426966292135 0.4904946996466431 0.7194943820224718 0.5122968197879858 0.7239887640449438 0.5341342756183746 0.7058988764044944 0.545512367491166 0.6470786516853932 0.545512367491166 0.6124157303370786 0.545512367491166 0.5897752808988764 0.5369611307420495 0.5837640449438202 0.5075618374558304 0.5792134831460674 0.48858657243816256 0.571685393258427 0.48289752650176676 0.5626404494382022
3 0.8529681978798586 0.49011235955056176 0.8661837455830389 0.4974157303370787 0.8812720848056538 0.48589887640449436 0.8852296819787986 0.4324719101123596 0.8878798586572438 0.39584269662921345 0.8899293286219081 0.35286516853932587 0.8899293286219081 0.3413483146067416 0.8820141342756185 0.34241573033707867 0.872720848056537 0.355 0.8687632508833922 0.37488764044943823 0.8654770318021202 0.41258426966292133 0.8621908127208481 0.4408426966292135 0.8575618374558304 0.4680898876404494
3 0.8114487632508833 0.6189325842696629 0.823321554770318 0.6283707865168539 0.8430742049469965 0.6315168539325843 0.8542756183745582 0.6230898876404494 0.8562544169611307 0.592752808988764 0.8503886925795053 0.5612921348314607 0.8437455830388693 0.5403932584269663 0.8266784452296819 0.519438202247191 0.812756183745583 0.5026404494382022 0.8009187279151944 0.49011235955056176 0.7976325088339222 0.4890449438202247 0.7903533568904593 0.5047752808988764 0.7897173144876325 0.5267415730337079 0.7950530035335689 0.5602808988764045
3 0.09583038869257951 0.4766292134831461 0.08067137809187279 0.48719101123595504 0.0673851590106007 0.5158426966292134 0.05978798586572439 0.561123595505618 0.06356890459363956 0.6018539325842697 0.07212014134275618 0.624438202247191 0.09869257950530035 0.619943820224719 0.11385159010600707 0.588258426966292 0.12431095406360423 0.5580898876404494 0.12904593639575973 0.5264044943820225 0.13180212014134274 0.5219101123595506 0.11289752650176678 0.5098314606741573 0.10151943462897527 0.48269662921348316
3 0.5663957597173145 0.5852247191011236 0.5692226148409895 0.6259550561797753 0.5720848056537102 0.656123595505618 0.5834628975265018 0.6862921348314607 0.6081272084805653 0.6998876404494382 0.6251943462897527 0.6862921348314607 0.6346996466431095 0.6531460674157303 0.6346996466431095 0.6139325842696629 0.6356183745583038 0.5761797752808989 0.6375265017667844 0.5535955056179775 0.6337455830388692 0.5415168539325843 0.6242402826855123 0.5384831460674157 0.6119081272084805 0.5339887640449438 0.6109540636042403 0.5234269662921348 0.6081272084805653 0.5445505617977529 0.5929328621908128 0.561123595505618 0.5749116607773851 0.571685393258427
3 0.7978445229681979 0.4736516853932584 0.8101766784452297 0.497752808988764 0.8320141342756184 0.5158426966292134 0.8453003533568905 0.5067977528089888 0.8576325088339223 0.4691011235955056 0.8623674911660778 0.4148314606741573 0.8642756183745584 0.36657303370786515 0.8642756183745584 0.34241573033707867 0.8509893992932862 0.3152808988764045 0.8377031802120141 0.31825842696629214 0.8120848056537102 0.3439325842696629 0.7959717314487632 0.37859550561797756 0.7940636042402827 0.40876404494382024 0.7940636042402827 0.44499999999999995
3 0.6071731448763251 0.5067977528089888 0.6157243816254417 0.5384831460674157 0.6384805653710247 0.5415168539325843 0.6678798586572438 0.54 0.6925441696113075 0.5324719101123595 0.7077385159010601 0.49926966292134833 0.7077385159010601 0.4314044943820225 0.7086925795053004 0.3801123595505618 0.7048763250883392 0.35146067415730337 0.6934982332155477 0.31825842696629214 0.678339222614841 0.29719101123595504 0.6527208480565371 0.3001685393258427 0.6251943462897527 0.34241573033707867 0.6137809187279152 0.4101123595505618
3 0.3595759717314488 0.29719101123595504 0.3443816254416961 0.3243258426966292 0.33109540636042406 0.3906741573033708 0.32636042402826854 0.44044943820224725 0.32353356890459367 0.49174157303370786 0.32826855123674914 0.5309550561797753 0.34911660777385156 0.5596067415730337 0.3899293286219081 0.5747191011235955 0.431660777385159 0.5761797752808989 0.45537102473498237 0.5535955056179775 0.46109540636042406 0.5249438202247191 0.46678445229681975 0.4691011235955056 0.47056537102473495 0.413314606741573 0.46392226148409893 0.35747191011235957 0.45063604240282684 0.31825842696629214 0.43070671378091874 0.2941573033707865 0.40508833922261483 0.2790449438202247
3 0.7124734982332155 0.4887078651685393 0.7200706713780919 0.5128651685393258 0.7314487632508834 0.5339887640449438 0.7608480565371024 0.5415168539325843 0.7779505300353357 0.54 0.7883745583038869 0.5158426966292134 0.795017667844523 0.4600561797752809 0.795017667844523 0.4253932584269663 0.7959717314487632 0.3846629213483146 0.7959717314487632 0.3544943820224719 0.795017667844523 0.3243258426966292 0.7845936395759717 0.3062359550561798 0.7646643109540636 0.2941573033707865 0.7371378091872792 0.31224719101123594 0.7030035335689045 0.3906741573033708 0.7077385159010601 0.4389325842696629
3 0.03180212014134275 0.33646067415730335 0.027208480565371024 0.3594943820224719 0.027208480565371024 0.3951123595505618 0.02918727915194346 0.4191573033707865 0.03971731448763251 0.4547752808988764 0.053568904593639576 0.469438202247191 0.07070671378091874 0.4830898876404494 0.08978798586572438 0.4830898876404494 0.0950530035335689 0.46421348314606736 0.09374558303886926 0.432808988764045 0.08780918727915195 0.3992696629213483 0.08187279151943463 0.3762359550561798 0.06872791519434629 0.35735955056179775 0.054204946996466434 0.3406179775280899 0.0403886925795053 0.32803370786516856
3 0.16130742049469965 0.2986516853932584 0.1546643109540636 0.3348876404494382 0.15180212014134276 0.3816292134831461 0.1584452296819788 0.45556179775280903 0.1707773851590106 0.49325842696629213 0.19166077738515902 0.5143820224719101 0.2172791519434629 0.5203932584269663 0.23812720848056537 0.5023033707865169 0.24572438162544172 0.45556179775280903 0.2447703180212014 0.4042696629213483 0.23339222614840988 0.3605056179775281 0.2172791519434629 0.3212921348314607 0.2039929328621908 0.2986516853932584 0.18879858657243817 0.280561797752809
3 0.6479858657243817 0.5565730337078652 0.655547703180212 0.6033707865168539 0.6669257950530035 0.6410674157303371 0.6792579505300353 0.6742134831460674 0.7086925795053004 0.6862921348314607 0.7238515901060071 0.6591573033707865 0.7200706713780919 0.5957865168539326 0.7153356890459364 0.5369662921348315 0.7096466431095407 0.5023033707865169 0.701095406360424 0.5249438202247191 0.6821201413427561 0.5415168539325843 0.6517667844522967 0.5475280898876405
3 0.8569257950530035 0.583314606741573 0.8707420494699646 0.5948314606741573 0.8924734982332155 0.6137078651685393 0.8990812720848056 0.6126404494382023 0.9076325088339223 0.5770224719101124 0.9036749116607774 0.5351123595505618 0.8865724381625442 0.5047752808988764 0.8641696113074205 0.49426966292134833 0.8509893992932862 0.4974157303370787 0.8391166077738516 0.5110674157303371 0.8253003533568904 0.5152247191011236 0.8391166077738516 0.5351123595505618 0.8536042402826854 0.5675842696629213
3 0.13282685512367493 0.5369662921348315 0.12713780918727913 0.5565730337078652 0.12431095406360423 0.6063483146067417 0.13946996466431094 0.6425842696629214 0.14328621908127206 0.6682022471910112 0.16604240282685512 0.6757303370786517 0.18501766784452298 0.6546067415730337 0.20586572438162543 0.6153932584269663 0.21915194346289754 0.56561797752809 0.22296819787985867 0.5324719101123595 0.22392226148409894 0.5173595505617977 0.1963957597173145 0.5053370786516854 0.17742049469964666 0.5038202247191012 0.1669964664310954 0.49325842696629213 0.15561837455830388 0.5113483146067416 0.14042402826855124 0.5219101123595506
3 0.4876325088339223 0.3484269662921349 0.4838515901060071 0.3680337078651686 0.4809893992932862 0.41629213483146066 0.47342756183745577 0.4721348314606742 0.47056537102473495 0.5219101123595506 0.4791166077738516 0.561123595505618 0.5265371024734982 0.5776966292134831 0.5749116607773851 0.5776966292134831 0.6052650176678445 0.5535955056179775 0.6081272084805653 0.5279213483146067 0.6090812720848057 0.46606741573033705 0.6119081272084805 0.40876404494382024 0.6071731448763251 0.3544943820224719 0.5995759717314488 0.3152808988764045 0.5853710247349824 0.291123595505618 0.5492932862190812 0.2775842696629213 0.5075618374558304 0.2926404494382023 0.4904946996466431 0.31825842696629214
3 0.7219787985865724 0.5807303370786517 0.7352296819787986 0.6320224719101124 0.7618021201413427 0.666685393258427 0.7940636042402827 0.6712359550561798 0.81113074204947 0.6440449438202247 0.8026148409893993 0.5912921348314607 0.7921554770318021 0.5460112359550562 0.7912014134275618 0.518876404494382 0.7807773851590106 0.5369662921348315 0.7466431095406361 0.54 0.7238515901060071 0.5309550561797753 0.7162897526501767 0.5128651685393258 0.7153356890459364 0.5203932584269663 0.7181625441696113 0.5671348314606742
3 0.3832862190812721 0.5776966292134831 0.38424028268551236 0.6063483146067417 0.38614840989399296 0.656123595505618 0.39752650176678445 0.6983707865168539 0.41650176678445233 0.7134269662921348 0.4449469964664311 0.7043820224719101 0.4563250883392226 0.6425842696629214 0.4620141342756184 0.5732022471910112 0.46109540636042406 0.5354494382022472 0.45445229681978805 0.5535955056179775 0.43734982332155475 0.5747191011235955 0.40985865724381626 0.5776966292134831
3 0.29791519434628977 0.5384831460674157 0.29886925795053004 0.5641573033707865 0.2997879858657244 0.6139325842696629 0.3036042402826855 0.6682022471910112 0.32162544169611307 0.7089325842696629 0.34819787985865724 0.7014044943820225 0.36809187279151945 0.6606741573033708 0.3823321554770318 0.6018539325842697 0.38424028268551236 0.5732022471910112 0.36053003533568906 0.5641573033707865 0.3425088339222615 0.5550561797752809 0.33300353356890455 0.5354494382022472 0.32540636042402826 0.5158426966292134 0.32540636042402826 0.5143820224719101 0.3159363957597173 0.529438202247191 0.3036042402826855 0.5339887640449438