3 0.23684782608695654 0.3256284153005465 0.23166666666666666 0.3466120218579235 0.23398550724637682 0.3858469945355191 0.23456521739130434 0.40770491803278686 0.23742753623188406 0.4260109289617486 0.25655797101449274 0.42863387978142076 0.2744927536231884 0.41551912568306015 0.28547101449275364 0.3998360655737705 0.2982246376811594 0.39109289617486337 0.30630434782608695 0.37016393442622947 0.2970652173913043 0.3457377049180328 0.2733333333333333 0.33699453551912567 0.24612318840579714 0.32912568306010925
3 0.22760869565217393 0.42775956284153005 0.22528985507246377 0.4504371584699454 0.22065217391304348 0.4687978142076503 0.2119927536231884 0.48710382513661205 0.21485507246376812 0.5019672131147541 0.2334057971014493 0.5028415300546448 0.25134057971014495 0.4853551912568306 0.2657971014492754 0.4749180327868852 0.27391304347826084 0.4452459016393443 0.2796739130434783 0.41639344262295086 0.27391304347826084 0.4198907103825137 0.2536594202898551 0.42950819672131146 0.23572463768115942 0.43125683060109293
3 0.32365942028985506 0.4775409836065574 0.3225 0.49322404371584705 0.32079710144927537 0.505464480874317 0.34105072463768116 0.5368852459016393 0.36246376811594205 0.5447540983606557 0.38619565217391305 0.5333879781420765 0.40413043478260874 0.4967213114754099 0.4058695652173913 0.457431693989071 0.4018115942028986 0.44 0.3896376811594203 0.4365027322404371 0.37228260869565216 0.4365027322404371 0.36130434782608695 0.42950819672131146 0.3456521739130435 0.44349726775956283 0.3288768115942029 0.46704918032786885
3 0.3647826086956522 0.36666666666666664 0.36130434782608695 0.39196721311475413 0.36246376811594205 0.4365027322404371 0.38213768115942026 0.4373770491803279 0.41684782608695653 0.44087431693989076 0.43884057971014495 0.4417486338797814 0.45851449275362316 0.4365027322404371 0.4706884057971014 0.42775956284153005 0.47300724637681163 0.4059562841530055 0.46952898550724637 0.39284153005464484 0.4498550724637681 0.37540983606557377 0.4290217391304348 0.3649180327868852 0.40989130434782606 0.3587978142076503 0.3907971014492754 0.35967213114754093 0.3780797101449275 0.35967213114754093
3 0.7195289855072464 0.4565573770491803 0.7230072463768117 0.49234972677595623 0.7264855072463767 0.5141530054644808 0.7519565217391304 0.5298907103825137 0.7681521739130435 0.5316393442622951 0.7843478260869565 0.516775956284153 0.7791304347826087 0.4888524590163934 0.7669927536231884 0.4556830601092896 0.7588768115942028 0.4417486338797814 0.7559782608695652 0.45393442622950814 0.7484782608695653 0.46704918032786885 0.7345652173913044 0.46792349726775956
3 0.7791304347826087 0.4591803278688525 0.7733695652173913 0.4749180327868852 0.782608695652174 0.4906010928961749 0.7965217391304348 0.5002185792349727 0.823695652173913 0.49934426229508194 0.8376086956521739 0.4888524590163934 0.8370289855072464 0.4591803278688525 0.8260144927536232 0.4365027322404371 0.8132971014492754 0.4242622950819672 0.8051811594202898 0.4365027322404371 0.7971014492753623 0.44868852459016395 0.783768115942029 0.4556830601092896
3 0.6807608695652173 0.4181420765027322 0.6645652173913043 0.4260109289617486 0.6523913043478261 0.46092896174863385 0.6518115942028986 0.4818579234972678 0.6581884057971015 0.516775956284153 0.672644927536232 0.5351366120218579 0.6917391304347825 0.5490710382513662 0.7125724637681159 0.5490710382513662 0.7241666666666667 0.5272677595628416 0.7218478260869565 0.49322404371584705 0.7195289855072464 0.4644262295081967 0.7102898550724638 0.4382513661202186 0.6940579710144927 0.42251366120218575
3 0.49094202898550726 0.4057377049180328 0.4934782608695652 0.4426229508196721 0.5029710144927536 0.44349726775956283 0.524963768115942 0.44349726775956283 0.5519565217391305 0.43896174863387977 0.5809420289855073 0.43595628415300547 0.6039492753623188 0.41180327868852457 0.6019565217391304 0.372568306010929 0.5919565217391304 0.3514754098360655 0.5609420289855073 0.35295081967213116 0.5309420289855072 0.3620218579234973 0.5109420289855073 0.37409836065573765 0.5029710144927536 0.38010928961748636
3 0.40413043478260874 0.5037158469945355 0.4076086956521739 0.5281420765027323 0.4127898550724638 0.5499453551912569 0.42380434782608695 0.5691803278688524 0.44463768115942026 0.570928961748634 0.45967391304347827 0.5543169398907104 0.472427536231884 0.5298907103825137 0.4793478260869566 0.49846994535519124 0.4793478260869566 0.47229508196721315 0.48050724637681164 0.44349726775956283 0.4758695652173913 0.4330054644808743 0.45967391304347827 0.42950819672131146 0.44753623188405794 0.4365027322404371 0.4261231884057971 0.4417486338797814 0.4081884057971014 0.44349726775956283 0.40413043478260874 0.457431693989071 0.4023913043478261 0.47316939890710386 0.4018115942028986 0.49234972677595623
3 0.19402173913043477 0.35092896174863386 0.17782608695652175 0.35355191256830604 0.17782608695652175 0.3745355191256831 0.18942028985507248 0.42163934426229505 0.20445652173913043 0.42775956284153005 0.22702898550724637 0.41639344262295086 0.2351449275362319 0.4015846994535519 0.2334057971014493 0.37016393442622947 0.22876811594202898 0.35180327868852457 0.2142753623188406 0.3466120218579235
3 0.5742753623188406 0.4452459016393443 0.5667391304347825 0.4757923497267759 0.5690579710144927 0.5063387978142077 0.5754347826086956 0.5421311475409836 0.595108695652174 0.5639344262295082 0.62 0.5604371584699454 0.6425724637681159 0.5395081967213115 0.6471739130434783 0.5002185792349727 0.643731884057971 0.4714207650273224 0.6234782608695653 0.44437158469945354 0.6055072463768116 0.4365027322404371 0.595108695652174 0.42863387978142076 0.5818115942028986 0.4373770491803279
3 0.49442028985507247 0.44612021857923495 0.4880434782608695 0.46530054644808744 0.4834057971014492 0.4949726775956284 0.487463768115942 0.5298907103825137 0.49094202898550726 0.5516939890710382 0.511195652173913 0.573551912568306 0.5372463768115943 0.573551912568306 0.5598188405797101 0.5578142076502732 0.5678985507246377 0.5089617486338798 0.5696376811594203 0.4687978142076503 0.5580797101449275 0.4365027322404371 0.534927536231884 0.4391256830601093 0.511195652173913 0.4417486338797814
3 0.2628985507246377 0.4757923497267759 0.2646376811594203 0.4906010928961749 0.2646376811594203 0.5132786885245902 0.2825724637681159 0.5272677595628416 0.31673913043478263 0.5045901639344262 0.32771739130434785 0.4775409836065574 0.33293478260869563 0.44781420765027324 0.3225 0.42251366120218575 0.3115217391304348 0.4015846994535519 0.3016666666666667 0.39546448087431696 0.2866304347826087 0.4059562841530055 0.27797101449275363 0.42251366120218575 0.27507246376811595 0.44868852459016395 0.2698550724637681 0.4644262295081967
3 0.6807608695652173 0.3989617486338798 0.6900362318840579 0.42163934426229505 0.7068115942028986 0.4417486338797814 0.7247463768115943 0.45393442622950814 0.7345652173913044 0.46704918032786885 0.7467391304347826 0.46792349726775956 0.7554347826086957 0.44 0.7623550724637681 0.39109289617486337 0.7623550724637681 0.37540983606557377 0.7507971014492754 0.35092896174863386 0.7218478260869565 0.3500546448087432 0.7015942028985507 0.3640437158469946 0.6848188405797101 0.3875956284153006
3 0.7606159420289855 0.4330054644808743 0.7658333333333334 0.44781420765027324 0.7797101449275362 0.4530601092896175 0.7953623188405797 0.44781420765027324 0.8092391304347826 0.42251366120218575 0.8109782608695653 0.39284153005464484 0.8121376811594203 0.36666666666666664 0.8040217391304347 0.3631693989071038 0.7855072463768117 0.3797814207650273 0.7681521739130435 0.3875956284153006 0.7594565217391305 0.3998360655737705 0.7588768115942028 0.4233879781420765