3 0.38756363636363633 0.2383606557377049 0.37952727272727277 0.2579234972677596 0.3725090909090909 0.32885245901639343 0.3745090909090909 0.3574863387978142 0.3865454545454545 0.3786338797814208 0.3996 0.4027322404371585 0.40963636363636363 0.42688524590163934 0.41163636363636363 0.44797814207650277 0.41563636363636364 0.4585792349726776 0.4337090909090909 0.46612021857923497 0.4517818181818182 0.45551912568306013 0.45981818181818185 0.423879781420765 0.45981818181818185 0.3454098360655738 0.4517818181818182 0.31224043715846994 0.43974545454545455 0.2715300546448087 0.4277090909090909 0.2459016393442623 0.41465454545454544 0.22628415300546445 0.40359999999999996 0.22327868852459015
3 0.4718545454545454 0.2926229508196721 0.46985454545454547 0.31978142076502736 0.4668363636363636 0.34240437158469944 0.46283636363636366 0.372568306010929 0.45981818181818185 0.423879781420765 0.46283636363636366 0.45404371584699454 0.4648363636363636 0.46306010928961744 0.5069818181818181 0.45704918032786884 0.5200363636363636 0.45704918032786884 0.5250545454545454 0.45551912568306013 0.5391272727272727 0.4525136612021858 0.5491636363636364 0.423879781420765 0.5501454545454545 0.3967213114754098 0.5491636363636364 0.32584699453551913 0.5461454545454545 0.303224043715847 0.536109090909091 0.26999999999999996 0.5230545454545454 0.2383606557377049 0.508 0.22174863387978141 0.4969454545454545 0.22174863387978141 0.4758909090909091 0.23081967213114754 0.4728727272727272 0.2459016393442623 0.4718545454545454 0.26551912568306013
1 0.6722181818181818 0.5937158469945355 0.6839272727272728 0.6037704918032787 0.7098545454545455 0.6100546448087432 0.7282545454545455 0.5786338797814208 0.7307636363636364 0.5861748633879781 0.7299272727272726 0.6138251366120219 0.7274181818181817 0.6351912568306011 0.7207272727272727 0.6540437158469945 0.701490909090909 0.6779234972677596 0.6864363636363636 0.6754098360655737 0.6722181818181818 0.6628415300546447 0.6638545454545455 0.636448087431694 0.6621818181818182 0.6100546448087432 0.6663636363636364 0.5912021857923497
3 0.5541818181818182 0.2730054644808743 0.5491636363636364 0.2881420765027322 0.5491636363636364 0.31978142076502736 0.5481454545454546 0.3544808743169399 0.5521454545454546 0.3937158469945355 0.5571636363636363 0.42081967213114757 0.5712363636363637 0.43896174863387977 0.591309090909091 0.44650273224043713 0.6244363636363637 0.42234972677595634 0.6324363636363636 0.4193442622950819 0.6314545454545455 0.34846994535519127 0.6184000000000001 0.31978142076502736 0.6093818181818182 0.27606557377049185 0.6043636363636363 0.2579234972677596 0.6003272727272727 0.24737704918032788 0.5782545454545455 0.260983606557377
3 0.7308 0.44349726775956283 0.7368363636363636 0.4706010928961749 0.749890909090909 0.4917486338797814 0.7739636363636364 0.49322404371584705 0.7970545454545455 0.48420765027322404 0.8050909090909091 0.42535519125683063 0.8061090909090909 0.3891803278688524 0.8000727272727273 0.359016393442623 0.7880363636363636 0.3560109289617487 0.7559272727272727 0.36956284153005464 0.7398545454545454 0.39819672131147543
3 0.12658181818181818 0.3046994535519126 0.11654545454545454 0.32885245901639343 0.11352727272727273 0.38010928961748636 0.11756363636363636 0.44650273224043713 0.1296 0.4917486338797814 0.14265454545454545 0.5083060109289618 0.16574545454545453 0.48721311475409834 0.16672727272727272 0.46306010928961744 0.16774545454545456 0.4057377049180328 0.17476363636363637 0.3620218579234973 0.18178181818181818 0.34846994535519127 0.17876363636363635 0.32131147540983607 0.1597090909090909 0.3001639344262295 0.14265454545454545 0.2971584699453552
3 0.20687272727272726 0.20967213114754096 0.19985454545454545 0.21721311475409835 0.19083636363636364 0.24437158469945355 0.1848 0.27907103825136614 0.1868 0.31830601092896177 0.20687272727272726 0.34240437158469944 0.22396363636363636 0.3439344262295082 0.2430181818181818 0.34846994535519127 0.2560727272727273 0.34994535519125686 0.2661090909090909 0.3544808743169399 0.2861818181818182 0.330327868852459 0.2942181818181818 0.3001639344262295 0.2841818181818182 0.2579234972677596 0.23600000000000002 0.22775956284153007 0.22694545454545453 0.22021857923497265
3 0.30021818181818183 0.4284153005464481 0.2711272727272727 0.4645901639344262 0.2670909090909091 0.5053005464480874 0.2670909090909091 0.5339890710382513 0.2670909090909091 0.5777049180327869 0.27814545454545453 0.6199453551912568 0.2912 0.6320218579234973 0.31527272727272726 0.6380327868852459 0.33534545454545456 0.6169398907103826 0.3424 0.5701639344262295 0.3393818181818182 0.5158469945355192 0.33134545454545455 0.4766666666666667 0.33134545454545455 0.44196721311475407
3 0.5722181818181818 0.44650273224043713 0.5461454545454545 0.45103825136612025 0.5320727272727273 0.46306010928961744 0.5200363636363636 0.4826775956284153 0.512 0.5294535519125683 0.512 0.5596174863387978 0.5160363636363636 0.6078688524590163 0.5150181818181818 0.6501092896174864 0.5170181818181818 0.6818032786885245 0.5370909090909091 0.6908196721311476 0.5561818181818181 0.6832786885245902 0.5732363636363635 0.6531147540983606 0.5872727272727273 0.6139344262295081 0.5963272727272727 0.5475409836065573 0.5973090909090909 0.48721311475409834 0.5852727272727273 0.4615846994535519
3 0.7880363636363636 0.3574863387978142 0.7920363636363636 0.330327868852459 0.7970545454545455 0.31224043715846994 0.812109090909091 0.3016939890710383 0.8261818181818181 0.3137704918032787 0.8301818181818182 0.33939890710382514 0.8331999999999999 0.4298907103825137 0.8312 0.46005464480874314 0.8251636363636363 0.48120218579234975 0.8171272727272727 0.4887431693989071 0.8030909090909091 0.4751366120218579 0.8020727272727273 0.4585792349726776 0.8050909090909091 0.41633879781420763 0.8090909090909091 0.390655737704918 0.7980727272727273 0.363551912568306
3 0.07338181818181819 0.25491803278688524 0.06534545454545454 0.28207650273224044 0.054327272727272724 0.32278688524590166 0.04527272727272727 0.3604918032786885 0.050290909090909094 0.40879781420765027 0.06636363636363636 0.45551912568306013 0.09447272727272728 0.46306010928961744 0.11454545454545455 0.45551912568306013 0.11454545454545455 0.3544808743169399 0.11352727272727273 0.32584699453551913 0.12658181818181818 0.3046994535519126 0.11756363636363636 0.28207650273224044 0.10552727272727272 0.26699453551912566
3 0.5922909090909091 0.44650273224043713 0.5933090909090909 0.46912568306010927 0.5963272727272727 0.5143715846994535 0.5963272727272727 0.5596174863387978 0.591309090909091 0.5897814207650274 0.5802545454545455 0.6259562841530054 0.5782545454545455 0.656120218579235 0.5822545454545455 0.6757377049180328 0.6043636363636363 0.6983606557377049 0.6314545454545455 0.6908196721311476 0.6585454545454545 0.6380327868852459 0.6665818181818182 0.5912568306010929 0.6685818181818183 0.5415300546448087 0.6696 0.479672131147541 0.6665818181818182 0.43896174863387977 0.6575636363636365 0.42535519125683063 0.6314545454545455 0.4284153005464481 0.6164 0.4344262295081967
3 0.6746181818181819 0.42081967213114757 0.6665818181818182 0.4298907103825137 0.6665818181818182 0.4675956284153005 0.6665818181818182 0.5173770491803279 0.6676 0.5596174863387978 0.6655636363636364 0.5943169398907104 0.6655636363636364 0.6259562841530054 0.6806181818181818 0.6621857923497269 0.7047272727272728 0.6787431693989071 0.7187636363636364 0.6621857923497269 0.7268 0.6229508196721312 0.7368363636363636 0.5113661202185792 0.7358181818181818 0.46912568306010927 0.7338181818181818 0.4449726775956285 0.7228 0.42535519125683063 0.694690909090909 0.41480874316939886
3 0.3775272727272727 0.3846448087431694 0.3484 0.390655737704918 0.33134545454545455 0.4027322404371585 0.33236363636363636 0.4298907103825137 0.33134545454545455 0.45704918032786884 0.33534545454545456 0.5143715846994535 0.3424 0.5475409836065573 0.34741818181818185 0.5912568306010929 0.3544363636363636 0.6350273224043715 0.3754909090909091 0.6667213114754099 0.41767272727272725 0.6576502732240437 0.4277090909090909 0.6184153005464481 0.41767272727272725 0.5128415300546447 0.41767272727272725 0.45704918032786884 0.41465454545454544 0.42234972677595634 0.3996 0.39819672131147543
3 0.6696 0.32584699453551913 0.6665818181818182 0.34994535519125686 0.6665818181818182 0.3786338797814208 0.6846545454545454 0.41480874316939886 0.700690909090909 0.4178142076502732 0.7167636363636364 0.4314207650273224 0.7288 0.4344262295081967 0.7348363636363637 0.40426229508196726 0.7488727272727272 0.3846448087431694 0.7629454545454546 0.36956284153005464 0.7699636363636364 0.3454098360655738 0.7739636363636364 0.31830601092896177 0.7659636363636363 0.3062295081967213 0.7408363636363636 0.3137704918032787 0.697709090909091 0.32131147540983607 0.6836363636363636 0.31830601092896177
3 0.4798909090909091 0.46306010928961744 0.4658545454545455 0.4736612021857924 0.45781818181818185 0.5022950819672132 0.4558181818181818 0.5505464480874317 0.4528 0.6018579234972677 0.4528 0.642568306010929 0.4658545454545455 0.6651912568306011 0.48792727272727276 0.6757377049180328 0.5029818181818182 0.6636612021857924 0.5150181818181818 0.629016393442623 0.5160363636363636 0.5852459016393442 0.5160363636363636 0.5249180327868853 0.5200363636363636 0.4766666666666667
3 0.20589090909090907 0.3378688524590164 0.19683636363636364 0.3409289617486339 0.17876363636363635 0.35295081967213116 0.16774545454545456 0.390655737704918 0.16574545454545453 0.4449726775956285 0.17276363636363637 0.49322404371584705 0.18280000000000002 0.5415300546448087 0.19683636363636364 0.595792349726776 0.20287272727272726 0.6184153005464481 0.2149090909090909 0.6395628415300547 0.24603636363636364 0.629016393442623 0.2630909090909091 0.600327868852459 0.2701090909090909 0.5610928961748635 0.2670909090909091 0.5128415300546447 0.2711272727272727 0.46306010928961744 0.2851636363636364 0.4298907103825137 0.28116363636363634 0.3997267759562842 0.2670909090909091 0.3680327868852459 0.24403636363636363 0.3514754098360655