3 0.5718654434250765 0.46195 0.578256880733945 0.4714 0.5885015290519877 0.4756 0.6038837920489296 0.47245 0.616697247706422 0.43475 0.616697247706422 0.41795000000000004 0.6134556574923548 0.38549999999999995 0.6090214067278288 0.36560000000000004 0.6038837920489296 0.34990000000000004 0.6013149847094801 0.34149999999999997 0.5859327217125382 0.33299999999999996 0.5782874617737003 0.348 0.5654434250764526 0.36979999999999996 0.5596941896024465 0.3897 0.5603363914373088 0.4054 0.5654434250764526 0.42215 0.5667278287461773 0.4389
3 0.32776758409785933 0.61175 0.31944954128440367 0.6264 0.31495412844036696 0.63795 0.31495412844036696 0.6568 0.3239449541284404 0.6735500000000001 0.33354740061162075 0.6777500000000001 0.3508256880733945 0.6829500000000001 0.36110091743119266 0.6809000000000001 0.3662079510703364 0.6746 0.3649235474006116 0.66515 0.3649235474006116 0.6526000000000001 0.3649235474006116 0.63585 0.3604587155963303 0.6232500000000001 0.3572477064220183 0.61385 0.3489296636085627 0.6107 0.3399388379204893 0.6086
3 0.2931804281345566 0.48605 0.2931804281345566 0.50385 0.29831804281345564 0.5247999999999999 0.30342507645259936 0.5489 0.3143119266055046 0.57615 0.3239449541284404 0.60125 0.33418960244648316 0.60545 0.3482874617737003 0.5971 0.3482874617737003 0.5793 0.34122324159021405 0.55835 0.33611620795107033 0.53425 0.33033639143730886 0.5164500000000001 0.31944954128440367 0.49340000000000006 0.30984709480122324 0.48815
3 0.3623853211009174 0.4389 0.3578899082568807 0.47245 0.35917431192660554 0.49235 0.36363914373088685 0.5311 0.36749235474006114 0.5552 0.37645259938837916 0.5771999999999999 0.38990825688073394 0.5771999999999999 0.4181039755351682 0.5667 0.43859327217125377 0.5531 0.440519877675841 0.5332 0.4354128440366972 0.5017499999999999 0.4315596330275229 0.47035 0.4200305810397553 0.44625 0.4020795107033639 0.42635 0.386085626911315 0.42005000000000003
3 0.27522935779816515 0.51015 0.2752599388379205 0.52165 0.2822935779816514 0.55625 0.2842201834862385 0.56775 0.28743119266055045 0.5793 0.29446483180428135 0.58975 0.2996024464831804 0.5992000000000001 0.3066360856269113 0.60125 0.3136697247706422 0.60545 0.3200917431192661 0.59395 0.3175229357798165 0.5803499999999999 0.30984709480122324 0.5625 0.30535168195718654 0.5499499999999999 0.2996024464831804 0.5353 0.2957492354740061 0.51855 0.2912538226299694 0.51015 0.2855045871559633 0.50385
3 0.6551376146788991 0.39075000000000004 0.6628134556574924 0.39909999999999995 0.6762691131498471 0.4075 0.6877981651376147 0.40435000000000004 0.691651376146789 0.3834 0.6922935779816514 0.3614 0.6859021406727829 0.34255 0.6807645259938838 0.32685000000000003 0.6814067278287461 0.31635 0.6762691131498471 0.3143 0.6666666666666666 0.32159999999999994 0.653211009174312 0.33315 0.6525688073394496 0.34465 0.6512844036697247 0.35409999999999997 0.6525688073394496 0.374 0.6564220183486239 0.38655
3 0.33162079510703363 0.48395000000000005 0.3251987767584098 0.50595 0.33418960244648316 0.5311 0.344434250764526 0.5688 0.35467889908256883 0.58765 0.37006116207951073 0.5887 0.37516819571865445 0.5751 0.365565749235474 0.5395 0.3572477064220183 0.4913 0.3514678899082569 0.48605
3 0.47510703363914375 0.61385 0.4904892966360856 0.6086 0.5090825688073395 0.60125 0.5167584097859327 0.5929 0.5180428134556575 0.57825 0.5129051987767584 0.5625 0.5064220183486239 0.5479999999999999 0.4969418960244648 0.55 0.4801223241590214 0.556 0.4603975535168196 0.56355 0.46293577981651374 0.5803499999999999 0.4648623853211009 0.5992000000000001
3 0.4181039755351682 0.5845 0.44116207951070335 0.56985 0.45847094801223237 0.5594 0.4622935779816513 0.56985 0.4655045871559633 0.58975 0.46807339449541285 0.60125 0.4706422018348624 0.61385 0.4616819571865443 0.61805 0.45076452599388384 0.6306 0.43859327217125377 0.64005 0.4296330275229358 0.64315 0.42067278287461773 0.6222 0.4174617737003058 0.60125 0.4187461773700306 0.58765
3 0.4136085626911315 0.58765 0.4046483180428134 0.58765 0.39440366972477064 0.59395 0.37902140672782875 0.60335 0.3707033639143731 0.61805 0.3649235474006116 0.62745 0.36749235474006114 0.65365 0.36877675840978597 0.67145 0.3803058103975535 0.68195 0.391131498470948 0.6755 0.41171253822629966 0.662 0.42067278287461773 0.6589 0.428348623853211 0.6463 0.4289908256880734 0.64005 0.4225993883792049 0.62535 0.42067278287461773 0.6065 0.4174617737003058 0.59395
3 0.5097247706422019 0.4913 0.515474006116208 0.49445 0.544954128440367 0.49655 0.5564831804281346 0.4892 0.5622324159021407 0.47869999999999996 0.5673700305810397 0.46090000000000003 0.5680122324159022 0.44415 0.5648012232415902 0.4211 0.5551987767584098 0.39075000000000004 0.5494189602446483 0.3761 0.5385321100917431 0.3677 0.5282874617737003 0.3677 0.5097247706422019 0.3876 0.5007339449541285 0.4117 0.5026605504587156 0.43265 0.5103669724770642 0.46405 0.5103669724770642 0.47869999999999996
3 0.4341284403669725 0.4316 0.4302752293577981 0.45255 0.4302752293577981 0.485 0.4354128440366972 0.5112 0.44180428134556576 0.5353 0.4591131498470948 0.54155 0.48409785932721716 0.5311 0.5033639143730887 0.509 0.511651376146789 0.4777 0.5071559633027523 0.4515 0.4956269113149847 0.40015 0.48984709480122324 0.39285 0.4776758409785932 0.38025 0.46293577981651374 0.38025 0.45397553516819567 0.3876 0.4430886850152905 0.39909999999999995
3 0.6147706422018349 0.37189999999999995 0.6154128440366973 0.38865 0.6154128440366973 0.4033 0.6192660550458715 0.42215 0.6243730886850153 0.4337 0.641039755351682 0.44205 0.65 0.4316 0.6551376146788991 0.40435000000000004 0.652599388379205 0.3665 0.6461773700305811 0.34255 0.6416819571865444 0.33104999999999996 0.6333639143730887 0.3258 0.6243730886850153 0.3373 0.6154128440366973 0.35825
3 0.5110091743119266 0.54155 0.5103975535168196 0.5585 0.5168195718654435 0.573 0.520611620795107 0.58345 0.5385321100917431 0.5803499999999999 0.5500611620795107 0.573 0.5641590214067278 0.56355 0.5725076452599389 0.55415 0.5673700305810397 0.53635 0.5648012232415902 0.53005 0.5596330275229358 0.5145000000000001 0.544954128440367 0.5175 0.5321406727828746 0.51855 0.5218960244648317 0.52375