3 0.7298181818181818 0.5897814207650274 0.7398545454545454 0.6108743169398907 0.7599272727272727 0.6214754098360656 0.7769818181818181 0.6078688524590163 0.7779999999999999 0.5505464480874317 0.776 0.5053005464480874 0.7749818181818182 0.4887431693989071 0.7549090909090909 0.5007650273224044 0.7328363636363636 0.5038251366120219 0.7228 0.49628415300546447 0.7248 0.5173770491803279 0.7308 0.5415300546448087 0.7308 0.5656284153005465
3 0.35745454545454547 0.3560109289617487 0.34941818181818185 0.372568306010929 0.3393818181818182 0.4027322404371585 0.33636363636363636 0.44349726775956283 0.33738181818181817 0.4721311475409836 0.3514181818181818 0.4992896174863388 0.37952727272727277 0.5083060109289618 0.40058181818181815 0.5083060109289618 0.41767272727272725 0.49475409836065576 0.42069090909090906 0.46005464480874314 0.42069090909090906 0.423879781420765 0.41563636363636364 0.390655737704918 0.40763636363636363 0.3560109289617487 0.3905454545454546 0.3409289617486339
3 0.44676363636363636 0.5943169398907104 0.45981818181818185 0.642568306010929 0.47087272727272733 0.6501092896174864 0.49596363636363633 0.6274863387978142 0.5069818181818181 0.5897814207650274 0.508 0.5430054644808744 0.508 0.5203825136612023 0.49596363636363633 0.526448087431694 0.46072727272727276 0.5234972677595628 0.4447272727272727 0.5234972677595628
3 0.2761454545454545 0.34846994535519127 0.2711272727272727 0.36655737704918034 0.2681090909090909 0.423879781420765 0.2701090909090909 0.45103825136612025 0.2861818181818182 0.49322404371584705 0.2952 0.4992896174863388 0.32029090909090907 0.49628415300546447 0.33436363636363636 0.4766666666666667 0.3393818181818182 0.43896174863387977 0.33836363636363637 0.3997267759562842 0.3233090909090909 0.36956284153005464 0.30323636363636364 0.34994535519125686
3 0.6485090909090909 0.586775956284153 0.6585454545454545 0.6259562841530054 0.6625818181818182 0.6455737704918033 0.6776363636363636 0.6576502732240437 0.7057090909090908 0.6636612021857924 0.7167636363636364 0.6395628415300547 0.7278181818181818 0.58224043715847 0.7298181818181818 0.526448087431694 0.7268 0.5158469945355192 0.7147636363636364 0.48721311475409834 0.7047272727272728 0.49021857923497264 0.6645818181818182 0.5158469945355192 0.6555272727272727 0.5158469945355192 0.6525454545454545 0.5309289617486339 0.6525454545454545 0.5701639344262295
3 0.7127636363636364 0.4751366120218579 0.7318181818181818 0.49322404371584705 0.7488727272727272 0.5038251366120219 0.7689454545454546 0.4856830601092896 0.7810181818181818 0.4615846994535519 0.7870181818181818 0.4193442622950819 0.7890181818181817 0.3846448087431694 0.7850181818181818 0.3514754098360655 0.7659636363636363 0.32431693989071037 0.7468727272727272 0.31830601092896177 0.7288 0.33639344262295084 0.7107272727272727 0.372568306010929 0.7127636363636364 0.4057377049180328 0.7147636363636364 0.42688524590163934
3 0.3785090909090909 0.595792349726776 0.3825454545454546 0.6169398907103826 0.3885454545454545 0.6440983606557378 0.4086181818181818 0.656120218579235 0.4266909090909091 0.6365573770491803 0.43974545454545455 0.6033333333333333 0.44374545454545455 0.5701639344262295 0.44476363636363636 0.5354644808743169 0.44363636363636366 0.5295081967213116 0.43472727272727274 0.5189071038251366 0.41563636363636364 0.49775956284153006 0.4056 0.5038251366120219 0.3915636363636364 0.5083060109289618 0.37952727272727277 0.5128415300546447 0.37952727272727277 0.5309289617486339 0.37952727272727277 0.58224043715847
3 0.2761454545454545 0.48721311475409834 0.2661090909090909 0.5053005464480874 0.2550545454545455 0.5324590163934426 0.2550545454545455 0.5777049180327869 0.2550545454545455 0.5912568306010929 0.2681090909090909 0.6078688524590163 0.2851636363636364 0.6018579234972677 0.2972 0.5897814207650274 0.30221818181818183 0.5701639344262295 0.30523636363636364 0.5369945355191257 0.31829090909090907 0.5113661202185792 0.31930909090909093 0.49775956284153006 0.30927272727272725 0.49322404371584705 0.2942181818181818 0.4992896174863388 0.2851636363636364 0.48721311475409834
3 0.5732363636363635 0.5882513661202186 0.5782545454545455 0.6033333333333333 0.5882909090909091 0.6410382513661202 0.5922909090909091 0.6455737704918033 0.6043636363636363 0.6501092896174864 0.6254181818181819 0.6334972677595628 0.6364727272727273 0.6139344262295081 0.6445090909090909 0.5897814207650274 0.6485090909090909 0.553551912568306 0.6505090909090908 0.5173770491803279 0.6485090909090909 0.5068306010928961 0.6324363636363636 0.5022950819672132 0.6113818181818181 0.5294535519125683 0.5902909090909091 0.5354644808743169 0.5832727272727273 0.5354644808743169 0.5762545454545455 0.5490710382513662
3 0.30625454545454545 0.5399999999999999 0.30323636363636364 0.5746994535519125 0.30727272727272725 0.6184153005464481 0.31527272727272726 0.642568306010929 0.33436363636363636 0.6576502732240437 0.3534181818181818 0.6365573770491803 0.3714909090909091 0.6033333333333333 0.37952727272727277 0.5731693989071038 0.37952727272727277 0.5369945355191257 0.3765090909090909 0.5098360655737705 0.35745454545454547 0.5022950819672132 0.34741818181818185 0.49021857923497264 0.33534545454545456 0.4826775956284153 0.3263272727272727 0.5022950819672132 0.31229090909090906 0.521912568306011
3 0.6324363636363636 0.49628415300546447 0.6394909090909091 0.5053005464480874 0.6676 0.5143715846994535 0.6966909090909091 0.5053005464480874 0.7127636363636364 0.4615846994535519 0.7167636363636364 0.4193442622950819 0.7047272727272728 0.3560109289617487 0.6997090909090908 0.3439344262295082 0.6826545454545454 0.3348633879781421 0.6535272727272727 0.33639344262295084 0.6404727272727273 0.3680327868852459 0.6334545454545454 0.3937158469945355 0.6304363636363637 0.42081967213114757 0.6304363636363637 0.45551912568306013
3 0.51 0.5746994535519125 0.5130181818181818 0.5943169398907104 0.5180363636363636 0.6154098360655738 0.5230545454545454 0.6304918032786885 0.5320727272727273 0.6440983606557378 0.5341090909090909 0.6440983606557378 0.5431272727272728 0.6365573770491803 0.5511636363636363 0.6274863387978142 0.5612 0.6078688524590163 0.5692363636363637 0.5837158469945355 0.5742545454545455 0.5596174863387978 0.5742545454545455 0.5384699453551913 0.5632 0.5249180327868853 0.5481454545454546 0.5233879781420765 0.5330909090909091 0.5113661202185792 0.5300727272727274 0.49475409836065576 0.5240363636363636 0.48420765027322404 0.5200363636363636 0.4992896174863388 0.514 0.5173770491803279 0.508 0.5279234972677596
3 0.45378181818181823 0.3062295081967213 0.44076363636363636 0.3333879781420765 0.4277090909090909 0.3650273224043716 0.41563636363636364 0.4027322404371585 0.41563636363636364 0.45551912568306013 0.41865454545454545 0.479672131147541 0.42869090909090907 0.5083060109289618 0.44978181818181817 0.5203825136612023 0.48189090909090915 0.521912568306011 0.5049818181818182 0.521912568306011 0.5250545454545454 0.4992896174863388 0.5240363636363636 0.41480874316939886 0.5180363636363636 0.38010928961748636 0.5130181818181818 0.3454098360655738 0.5039636363636364 0.31830601092896177 0.4859272727272727 0.303224043715847 0.4758909090909091 0.2971584699453552
3 0.5390909090909091 0.359016393442623 0.5320727272727273 0.38617486338797813 0.5260727272727272 0.42688524590163934 0.5240363636363636 0.45704918032786884 0.5350909090909091 0.5173770491803279 0.5411272727272728 0.521912568306011 0.5882909090909091 0.5294535519125683 0.6113818181818181 0.5279234972677596 0.6284363636363636 0.4992896174863388 0.6314545454545455 0.46912568306010927 0.6334545454545454 0.43896174863387977 0.6364727272727273 0.4027322404371585 0.6324363636363636 0.36956284153005464 0.6244363636363637 0.34846994535519127 0.6083636363636364 0.32885245901639343 0.5852727272727273 0.32278688524590166 0.5642181818181818 0.32885245901639343