3 0.39676190476190476 0.6056874999999999 0.39676190476190476 0.6506875 0.3993015873015873 0.7323125 0.40774603174603175 0.79225 0.43060317460317454 0.8338749999999999 0.4492063492063492 0.8505625 0.4855873015873016 0.8155625000000001 0.499968253968254 0.7323125 0.5075873015873016 0.5390625 0.499968253968254 0.51075 0.48895238095238097 0.514125 0.48473015873015873 0.5390625 0.4644444444444445 0.592375 0.4449841269841269 0.602375 0.40860317460317463 0.5990624999999999
3 0.7275555555555556 0.659 0.7292380952380952 0.6873125 0.747015873015873 0.7373125 0.7732380952380952 0.785625 0.8019999999999999 0.79225 0.8197460317460318 0.760625 0.8341587301587301 0.6723125 0.8400634920634921 0.6056874999999999 0.8417460317460317 0.5574375 0.8273650793650794 0.52575 0.7977777777777778 0.50575 0.7893015873015873 0.48581250000000004 0.7893015873015873 0.47912499999999997 0.7698412698412699 0.5274375 0.7453015873015874 0.5524375 0.7266984126984127 0.572375 0.7258412698412698 0.6006875
3 0.016031746031746032 0.2609375 0.012666666666666668 0.29925 0.00926984126984127 0.34587500000000004 0.01180952380952381 0.3991875 0.032952380952380955 0.429125 0.05749206349206349 0.4225 0.07695238095238095 0.39249999999999996 0.08117460317460318 0.340875 0.08034920634920635 0.300875 0.07780952380952381 0.26425 0.05917460317460318 0.222625 0.043111111111111114 0.1793125 0.03380952380952381 0.1476875 0.01942857142857143 0.15431250000000002 0.00926984126984127 0.1893125 0.007587301587301588 0.22762500000000002
3 0.08711111111111111 0.43912500000000004 0.07101587301587302 0.46243749999999995 0.05409523809523809 0.5374375 0.04650793650793651 0.6090625000000001 0.056634920634920635 0.647375 0.07695238095238095 0.674 0.11247619047619048 0.6639999999999999 0.13193650793650794 0.6456875 0.14549206349206348 0.6040625000000001 0.15815873015873017 0.5524375 0.16663492063492064 0.48581250000000004 0.1547936507936508 0.48581250000000004 0.1311111111111111 0.4774375 0.10485714285714286 0.45912499999999995 0.0980952380952381 0.43912500000000004
3 0.11165079365079365 0.104375 0.09726984126984127 0.14931250000000001 0.07863492063492063 0.305875 0.08117460317460318 0.3791875 0.09473015873015873 0.449125 0.12177777777777778 0.4774375 0.15225396825396825 0.49243750000000003 0.19879365079365077 0.45081249999999995 0.19961904761904764 0.39249999999999996 0.20215873015873015 0.31425000000000003 0.20301587301587304 0.23762500000000003 0.19285714285714287 0.1793125 0.17679365079365078 0.129375 0.15647619047619046 0.0926875 0.14123809523809525 0.079375
3 0.8189206349206348 0.186 0.8079047619047619 0.24093749999999997 0.7943809523809523 0.31925 0.7867619047619048 0.3875 0.7859047619047619 0.4575 0.8045396825396826 0.5124375 0.846 0.53575 0.8899682539682539 0.49243750000000003 0.9094285714285715 0.38087499999999996 0.9060634920634921 0.30256249999999996 0.8967619047619049 0.232625 0.8882857142857143 0.18262499999999998 0.8747619047619049 0.1476875 0.85784126984127 0.1393125
3 0.6962539682539682 0.26756250000000004 0.6826984126984127 0.2975625 0.6657777777777778 0.3625625 0.6624126984126985 0.4375 0.6666349206349207 0.50575 0.675936507936508 0.54575 0.7216190476190476 0.5590625 0.7622222222222222 0.53575 0.7833968253968254 0.4908125 0.790984126984127 0.3991875 0.7876190476190476 0.3225625 0.7791428571428571 0.257625 0.7639365079365079 0.21593749999999998 0.747015873015873 0.197625 0.7224761904761905 0.20593750000000002
3 0.6184126984126984 0.689 0.642095238095238 0.7589375 0.6556190476190477 0.7989375 0.6835555555555556 0.8255625 0.703015873015873 0.79225 0.7131746031746032 0.740625 0.7207619047619047 0.6623125 0.7224761904761905 0.6206875000000001 0.7233015873015873 0.572375 0.7157142857142856 0.5590625 0.6860952380952381 0.5524375 0.6733968253968254 0.5324375 0.6691746031746032 0.5207499999999999 0.6556190476190477 0.5540625 0.6480317460317461 0.58075 0.6243174603174603 0.607375 0.6184126984126984 0.634 0.6158730158730159 0.6406875000000001
3 0.16999999999999998 0.49412500000000004 0.15901587301587303 0.5640625 0.1547936507936508 0.6356875 0.16495238095238096 0.7123125 0.17761904761904762 0.7639375 0.2046984126984127 0.780625 0.23600000000000002 0.7539374999999999 0.2673015873015873 0.6773125 0.27746031746031746 0.602375 0.2766031746031746 0.53075 0.2588571428571429 0.5290625 0.2182222222222222 0.5091249999999999 0.2063809523809524 0.4658125 0.20215873015873015 0.449125 0.18441269841269842 0.469125
3 0.9331428571428572 0.242625 0.9195873015873016 0.2859375 0.9077460317460317 0.3225625 0.9052063492063491 0.3691875 0.8993015873015873 0.41918749999999994 0.8959047619047619 0.43912500000000004 0.9306031746031745 0.469125 0.9466666666666667 0.454125 0.9593650793650793 0.3991875 0.972031746031746 0.3175625 0.9703492063492064 0.24762499999999998 0.9669841269841271 0.217625 0.9568253968253968 0.20593750000000002
3 0.3442857142857143 0.23925000000000002 0.33415873015873016 0.2825625 0.32736507936507936 0.3475625 0.3231428571428572 0.41581250000000003 0.3256825396825397 0.47912499999999997 0.33244444444444443 0.53575 0.3527619047619048 0.5790625 0.39336507936507936 0.5990624999999999 0.4288888888888889 0.6056874999999999 0.46698412698412695 0.597375 0.4872698412698413 0.5524375 0.49234920634920637 0.474125 0.4898095238095238 0.39587500000000003 0.4754285714285714 0.31925 0.46612698412698417 0.2709375 0.45257142857142857 0.22762500000000002 0.43142857142857144 0.2009375 0.4052063492063492 0.1793125 0.37812698412698414 0.192625 0.356984126984127 0.212625
3 0.27746031746031746 0.53075 0.28085714285714286 0.5790625 0.2867619047619048 0.669 0.29523809523809524 0.7389375 0.31384126984126987 0.79725 0.34768253968253965 0.7989375 0.37222222222222223 0.7639375 0.38742857142857146 0.689 0.39504761904761904 0.6306875 0.39336507936507936 0.6056874999999999 0.37222222222222223 0.592375 0.3442857142857143 0.56575 0.3290793650793651 0.5290625 0.3265396825396825 0.49243750000000003 0.3222857142857143 0.50575 0.30282539682539683 0.52575 0.29015873015873017 0.5390625
3 0.5143492063492063 0.300875 0.5084126984126984 0.3425625 0.5033333333333334 0.3991875 0.5033333333333334 0.43912500000000004 0.5041904761904762 0.5041249999999999 0.5101269841269841 0.5424375 0.5160317460317461 0.58075 0.5238095238095238 0.6075 0.5523809523809524 0.625625 0.5844444444444444 0.6224999999999999 0.626031746031746 0.6025 0.648888888888889 0.5856250000000001 0.66 0.5506249999999999 0.6657777777777778 0.48081250000000003 0.6657777777777778 0.4058125 0.6573333333333333 0.33918750000000003 0.6454920634920636 0.29093749999999996 0.6311111111111112 0.23925000000000002 0.615015873015873 0.21593749999999998 0.5921904761904762 0.207625 0.5727301587301588 0.20431249999999998 0.5515555555555556 0.23762500000000003 0.5397142857142857 0.25925
3 0.2300952380952381 0.1793125 0.21739682539682542 0.2209375 0.2063809523809524 0.30256249999999996 0.20215873015873015 0.3641875 0.20215873015873015 0.4325 0.2182222222222222 0.50575 0.25377777777777777 0.52575 0.2969206349206349 0.5324375 0.3206031746031746 0.5124375 0.3265396825396825 0.45912499999999995 0.3214603174603175 0.38087499999999996 0.31806349206349205 0.31925 0.30622222222222223 0.257625 0.29184126984126985 0.212625 0.2732380952380952 0.172625 0.2596825396825397 0.161
3 0.9263492063492064 0.5940624999999999 0.9373650793650793 0.6056874999999999 0.9703492063492064 0.607375 0.983904761904762 0.5490625 0.9796507936507935 0.49243750000000003 0.9737460317460318 0.4525 0.9669841269841271 0.41918749999999994 0.9635873015873015 0.4058125 0.9568253968253968 0.4058125 0.9534285714285714 0.444125 0.9407301587301586 0.46243749999999995 0.9263492063492064 0.4658125 0.9153650793650793 0.449125 0.9094285714285715 0.454125 0.9102857142857144 0.50575 0.9195873015873016 0.5623750000000001
3 0.8442857142857142 0.644 0.8654603174603175 0.6906875 0.8866031746031745 0.704 0.9094285714285715 0.7006249999999999 0.928063492063492 0.6556875 0.9263492063492064 0.6056874999999999 0.9195873015873016 0.5490625 0.9119682539682539 0.4908125 0.9102857142857144 0.454125 0.9001269841269842 0.4458125 0.8925079365079365 0.4724375 0.8764444444444444 0.5041249999999999 0.8586666666666667 0.5207499999999999 0.8375238095238094 0.5340625 0.8290793650793652 0.53075 0.8358412698412699 0.56075 0.8366666666666667 0.592375
3 0.5067301587301587 0.587375 0.5058730158730158 0.6639999999999999 0.5075873015873016 0.724 0.5245079365079365 0.82225 0.5422539682539682 0.8605625 0.5642539682539682 0.863875 0.5837142857142857 0.82725 0.6048571428571429 0.7323125 0.6116507936507936 0.6623125 0.6124761904761905 0.612375 0.6082539682539683 0.6190625 0.565968253968254 0.6190625 0.5388888888888889 0.612375 0.5202539682539682 0.587375 0.5118095238095238 0.55575