3 0.4479666666666666 0.514 0.448 0.52795 0.45030000000000003 0.5453 0.4596333333333333 0.55415 0.47590000000000005 0.5532 0.48696666666666666 0.5488000000000001 0.4898666666666667 0.54015 0.4898666666666667 0.52185 0.4904666666666666 0.5078 0.4829 0.5105 0.4631 0.51475 0.45030000000000003 0.5165
3 0.4945333333333334 0.53745 0.4951333333333333 0.5453 0.5085000000000001 0.5558 0.5288666666666667 0.5558 0.5347 0.5463 0.5352666666666667 0.52535 0.5335333333333333 0.51215 0.5166333333333334 0.514 0.4933666666666666 0.51475 0.4904666666666666 0.5175
3 0.35486666666666666 0.4337 0.35256666666666664 0.44065 0.3566333333333333 0.45455 0.36186666666666667 0.4755 0.3671 0.48595 0.38106666666666666 0.48869999999999997 0.38863333333333333 0.47985 0.3915333333333333 0.465 0.38339999999999996 0.45455 0.3717666666666667 0.44155 0.3630333333333333 0.43445
3 0.5952000000000001 0.45985 0.5992666666666667 0.4782 0.6120666666666666 0.48595 0.6219666666666667 0.48945 0.6272 0.4746 0.6295333333333334 0.45365 0.6295333333333334 0.44415 0.6202333333333333 0.4372 0.608 0.44765 0.5992666666666667 0.45365
3 0.38456666666666667 0.49215000000000003 0.37756666666666666 0.5008 0.37756666666666666 0.51305 0.3764 0.52795 0.38106666666666666 0.5393 0.3944333333333333 0.5453 0.4119 0.5488000000000001 0.4183 0.5428000000000001 0.41713333333333336 0.527 0.40900000000000003 0.514 0.4026 0.49915 0.3979333333333333 0.4878 0.3909666666666667 0.4852
3 0.39736666666666665 0.45455 0.39736666666666665 0.465 0.39736666666666665 0.47985 0.4008333333333333 0.49645000000000006 0.41433333333333333 0.502 0.43333333333333335 0.501 0.4346 0.4825 0.4317 0.466 0.42236666666666667 0.45549999999999996 0.41073333333333334 0.4485
3 0.45263333333333333 0.45630000000000004 0.44623333333333337 0.4694 0.44333333333333336 0.4825 0.44156666666666666 0.4982 0.4450666666666667 0.50955 0.4596333333333333 0.51305 0.47590000000000005 0.51305 0.48346666666666666 0.5113 0.4887 0.5035000000000001 0.48929999999999996 0.48685 0.48929999999999996 0.4729 0.4776666666666667 0.46155 0.47126666666666667 0.45805 0.4602 0.452
3 0.5719333333333334 0.507 0.5713333333333334 0.5175 0.5806666666666667 0.53135 0.6056666666666666 0.52445 0.608 0.52 0.6114999999999999 0.507 0.6091666666666666 0.49295 0.6015999999999999 0.4843 0.5934666666666666 0.4782 0.5893999999999999 0.4808 0.5847333333333333 0.49915 0.5760000000000001 0.507
3 0.5515666666666666 0.48945 0.5573666666666667 0.49729999999999996 0.5667 0.50515 0.5841333333333334 0.5035000000000001 0.5893999999999999 0.48869999999999997 0.5905333333333334 0.4729 0.5899666666666668 0.46065 0.5859000000000001 0.452 0.5754333333333334 0.45104999999999995 0.5661 0.466 0.5521333333333333 0.47735
3 0.6155666666666666 0.49119999999999997 0.6132333333333333 0.49729999999999996 0.6109 0.5105 0.6225666666666667 0.51835 0.6371 0.51305 0.6406000000000001 0.49215000000000003 0.6377 0.4746 0.6318666666666667 0.4685 0.6283666666666666 0.4755 0.6202333333333333 0.48685
3 0.4928 0.4729 0.4904666666666666 0.4852 0.4904666666666666 0.5043 0.49163333333333337 0.51305 0.5114 0.51215 0.5347 0.514 0.5434 0.51215 0.5434 0.49119999999999997 0.541 0.466 0.5323333333333333 0.4545 0.5207333333333334 0.45455 0.5090666666666667 0.45365 0.5038333333333334 0.45899999999999996