3 0.3266909090909091 0.34256830601092897 0.3158181818181818 0.36770491803278693 0.31330909090909087 0.4218032786885246 0.3216727272727273 0.4595081967213115 0.33923636363636367 0.48841530054644805 0.3760363636363636 0.4946994535519126 0.4019636363636364 0.4745901639344262 0.4036363636363636 0.4192896174863388 0.39276363636363637 0.38404371584699454 0.3710181818181818 0.3563934426229508 0.3467636363636364 0.3413114754098361
3 0.36203636363636366 0.5625136612021858 0.3678181818181818 0.5878688524590164 0.37363636363636366 0.6026775956284154 0.38989090909090907 0.6184153005464481 0.4090909090909091 0.6079234972677595 0.4230181818181818 0.5494535519125683 0.4230181818181818 0.5197814207650273 0.4177818181818182 0.5022950819672132 0.4073454545454545 0.48311475409836063 0.4026909090909091 0.4717486338797814 0.39687272727272727 0.47699453551912574 0.38469090909090914 0.48398907103825134 0.37189090909090905 0.49442622950819676 0.35912727272727274 0.4979234972677596 0.3579636363636364 0.4987978142076503 0.36261818181818184 0.5154098360655738 0.3614545454545455 0.5407103825136612 0.3585454545454545 0.5529508196721311
3 0.2913090909090909 0.5592896174863388 0.29465454545454545 0.5793989071038251 0.29756363636363636 0.6096721311475409 0.2998181818181818 0.6287978142076502 0.3045090909090909 0.639344262295082 0.32425454545454546 0.6349726775956285 0.34047272727272726 0.6139344262295081 0.3550181818181818 0.5765027322404371 0.36087272727272723 0.5415846994535519 0.36254545454545456 0.5145355191256831 0.3562181818181818 0.4961748633879781 0.344 0.49 0.33236363636363636 0.4813661202185793 0.32189090909090906 0.46737704918032785 0.31847272727272724 0.4595081967213115 0.31087272727272725 0.463879781420765 0.2998181818181818 0.4760655737704918 0.2958181818181818 0.4953005464480874 0.29407272727272726 0.519672131147541 0.29523636363636363 0.5397814207650273
3 0.8000727272727273 0.4066666666666667 0.7875272727272727 0.4181967213114754 0.7847636363636363 0.4422950819672131 0.7924363636363636 0.4643169398907104 0.8070545454545455 0.48420765027322404 0.8202909090909092 0.4998907103825137 0.844 0.48628415300546446 0.8558545454545455 0.45071038251366125 0.8655999999999999 0.4181967213114754 0.8635272727272727 0.39202185792349725 0.8495636363636363 0.386775956284153 0.8398181818181818 0.4025136612021858 0.8224 0.4066666666666667 0.8077454545454545 0.4066666666666667
3 0.7961818181818181 0.2512568306010929 0.7787636363636363 0.2763934426229508 0.7641090909090908 0.28475409836065574 0.7613454545454545 0.3140983606557377 0.7571636363636364 0.33819672131147543 0.7634181818181818 0.3622950819672131 0.7857454545454546 0.38114754098360654 0.8115272727272727 0.4031147540983606 0.8310545454545454 0.40732240437158473 0.8442909090909091 0.39786885245901643 0.8547272727272728 0.366448087431694 0.8623999999999999 0.34027322404371585 0.863090909090909 0.31513661202185794 0.8610181818181818 0.2774316939890711 0.8498545454545455 0.26382513661202184 0.8331272727272728 0.2449726775956284 0.8164 0.22715846994535518 0.8052363636363636 0.23448087431693987
3 0.7593090909090909 0.47349726775956286 0.7500363636363636 0.4953005464480874 0.7430545454545454 0.5154098360655738 0.7477090909090909 0.5363387978142077 0.7570181818181818 0.5546994535519126 0.7686181818181819 0.5686338797814208 0.7883636363636364 0.5852459016393442 0.8069454545454545 0.6044262295081967 0.8209090909090909 0.6070491803278689 0.8330909090909091 0.5948087431693989 0.8330909090909091 0.5660109289617486 0.8278545454545454 0.5302185792349727 0.8156727272727273 0.4987978142076503 0.8081090909090909 0.48049180327868857 0.7982545454545454 0.46562841530054644 0.7877818181818181 0.4490710382513662 0.7697818181818181 0.4473224043715847
3 0.2430181818181818 0.2608743169398907 0.2354909090909091 0.27846994535519126 0.22796363636363637 0.30863387978142076 0.23298181818181815 0.3614207650273224 0.23890909090909093 0.4131147540983606 0.26654545454545453 0.439344262295082 0.284 0.4278688524590164 0.30076363636363634 0.39032786885245907 0.31381818181818183 0.3699453551912568 0.31054545454545457 0.3327868852459016 0.29825454545454544 0.2960655737704918 0.27145454545454545 0.2746994535519126
3 0.42069090909090906 0.5546994535519126 0.43 0.5852459016393442 0.43636363636363634 0.6096721311475409 0.4474181818181818 0.6340983606557378 0.46134545454545456 0.6472131147540984 0.484 0.6437158469945355 0.4979272727272728 0.6201639344262295 0.5049090909090909 0.573879781420765 0.5060727272727272 0.5424590163934426 0.5066545454545455 0.511912568306011 0.502 0.5127868852459017 0.4874909090909091 0.5162841530054645 0.466 0.5136612021857924 0.4450909090909091 0.511912568306011 0.42767272727272726 0.511912568306011 0.41952727272727275 0.499672131147541 0.41952727272727275 0.5066666666666667 0.4241818181818182 0.5232786885245901 0.4236 0.5494535519125683
3 0.5885454545454545 0.5267213114754098 0.5932 0.573879781420765 0.6065454545454546 0.6175409836065574 0.6222545454545455 0.6314754098360655 0.6408363636363636 0.639344262295082 0.6565090909090909 0.633224043715847 0.6698909090909091 0.6192896174863388 0.681490909090909 0.5747540983606558 0.6832363636363636 0.5354644808743169 0.681490909090909 0.5066666666666667 0.674509090909091 0.48661202185792346 0.669309090909091 0.49442622950819676 0.6530181818181818 0.5040437158469945 0.6303636363636363 0.5084153005464481 0.617090909090909 0.5180327868852459 0.5967272727272727 0.5224043715846994
3 0.2787636363636363 0.4675409836065574 0.26036363636363635 0.49644808743169394 0.252 0.5228415300546448 0.24614545454545453 0.5630601092896175 0.24363636363636362 0.5894535519125683 0.24781818181818183 0.5995081967213114 0.2586909090909091 0.6070491803278689 0.2796 0.5982513661202186 0.29214545454545454 0.5756284153005464 0.2954909090909091 0.5416939890710383 0.2938181818181818 0.509016393442623 0.29967272727272726 0.48010928961748633 0.29465454545454545 0.4662841530054645 0.2888 0.45874316939890714
3 0.19963636363636364 0.39836065573770496 0.20447272727272725 0.43546448087431694 0.21174545454545454 0.46306010928961744 0.21756363636363635 0.4827322404371585 0.2345090909090909 0.5001639344262295 0.2509454545454546 0.49945355191256835 0.2630545454545455 0.4798360655737705 0.26887272727272726 0.4550819672131148 0.27174545454545457 0.4383606557377049 0.2606181818181818 0.4361748633879781 0.24512727272727272 0.4230601092896175 0.23545454545454544 0.41142076502732244 0.23352727272727272 0.39759562841530055 0.2218909090909091 0.3939890710382513 0.2064 0.3946994535519126
3 0.4153454545454545 0.34885245901639345 0.4019636363636364 0.38404371584699454 0.3986181818181818 0.4306010928961749 0.4053090909090909 0.4758469945355191 0.42872727272727273 0.5122950819672131 0.47054545454545454 0.5185792349726777 0.5031636363636364 0.5122950819672131 0.5257454545454546 0.48841530054644805 0.5299272727272727 0.4431693989071038 0.5274181818181818 0.3991256830601093 0.5148727272727273 0.37398907103825135 0.48309090909090907 0.35387978142076504 0.4462909090909091 0.3463387978142077
3 0.5066545454545455 0.5730054644808743 0.5159636363636363 0.6026775956284154 0.522909090909091 0.6244808743169399 0.5449818181818182 0.645464480874317 0.5682181818181817 0.639344262295082 0.5821818181818181 0.6201639344262295 0.5868 0.5712568306010929 0.5873818181818182 0.5328415300546449 0.5873818181818182 0.5250273224043716 0.578690909090909 0.520655737704918 0.5635636363636364 0.5162841530054645 0.5525454545454545 0.5136612021857924 0.5432363636363636 0.4979234972677596 0.5339636363636364 0.4848633879781421 0.5298909090909091 0.4848633879781421 0.52 0.4918579234972678 0.5107272727272727 0.5075409836065573 0.5043272727272727 0.5145355191256831 0.5054909090909091 0.5389617486338798 0.5054909090909091 0.5642622950819672
3 0.6838181818181819 0.4813661202185793 0.6803272727272728 0.4848633879781421 0.6809090909090909 0.505792349726776 0.6838181818181819 0.5267213114754098 0.6849818181818182 0.5529508196721311 0.6948363636363637 0.586120218579235 0.7093818181818182 0.6175409836065574 0.7268 0.6210382513661202 0.7372363636363637 0.6114207650273225 0.7442181818181818 0.5808743169398907 0.7442181818181818 0.5372131147540984 0.7401454545454546 0.5014207650273225 0.7279636363636364 0.49442622950819676 0.7111272727272727 0.49273224043715846 0.6948363636363637 0.48311475409836063
3 0.6739272727272728 0.4630054644808743 0.6942545454545455 0.4857377049180328 0.7215636363636364 0.4970491803278688 0.7407272727272727 0.499672131147541 0.7622181818181819 0.463879781420765 0.7628 0.43595628415300547 0.7616363636363636 0.4141530054644809 0.7564363636363637 0.3975409836065574 0.7448 0.3774863387978142 0.7297090909090909 0.366120218579235 0.7088 0.35568306010928963 0.6977454545454546 0.3687431693989071 0.6844 0.3888524590163934 0.6768363636363636 0.4106557377049181 0.6762545454545454 0.43245901639344264
3 0.5374545454545455 0.3815300546448087 0.5324363636363636 0.41551912568306015 0.5374545454545455 0.4607650273224043 0.5424727272727273 0.49595628415300547 0.5541818181818182 0.5173224043715847 0.5893090909090909 0.5223497267759563 0.6319636363636363 0.5122950819672131 0.6645818181818182 0.49721311475409835 0.6754545454545454 0.45699453551912567 0.676290909090909 0.40918032786885244 0.6687636363636363 0.3601639344262295 0.6503636363636364 0.34508196721311474 0.6219272727272728 0.3350273224043716 0.5926545454545454 0.34508196721311474 0.5667272727272727 0.3551366120218579