3 0.16166666666666665 0.42068 0.15722666666666668 0.43442000000000003 0.16965333333333332 0.47922000000000003 0.18354666666666666 0.5280199999999999 0.19182666666666667 0.5431 0.20779999999999998 0.53822 0.22228 0.53158 0.23204 0.5249199999999999 0.23116 0.51428 0.21873333333333334 0.47612 0.20010666666666668 0.44995999999999997 0.18650666666666665 0.43398000000000003 0.17112 0.42334
0 0.22366666666666668 0.44995999999999997 0.2252 0.4592 0.22417333333333334 0.47306 0.22828 0.48281999999999997 0.23393333333333333 0.48538 0.23854666666666666 0.48102 0.24249333333333334 0.47587999999999997 0.24437333333333333 0.46896 0.24214666666666668 0.46176 0.23564 0.46202 0.23428000000000002 0.45586 0.23238666666666666 0.45048 0.2291466666666667 0.44764 0.22451999999999997 0.4456
3 0.20933333333333334 0.42560000000000003 0.21312 0.45483999999999997 0.21637333333333333 0.46992 0.22258666666666665 0.48456 0.23086666666666666 0.5094 0.24386666666666668 0.5147200000000001 0.26250666666666667 0.53424 0.28734666666666664 0.5328999999999999 0.29857333333333336 0.51428 0.30508 0.49742000000000003 0.30124 0.47258 0.29592 0.46148 0.27758666666666665 0.44286000000000003 0.25836000000000003 0.43176 0.24209333333333333 0.41712 0.22524 0.41004
0 0.7722800000000001 0.4726 0.7591333333333333 0.48308 0.7616 0.4914 0.7687866666666667 0.49972000000000005 0.7741333333333333 0.50402 0.7790533333333333 0.51234 0.7846000000000001 0.5120399999999999 0.7882933333333334 0.5071 0.7905599999999999 0.50032 0.79076 0.49324 0.7989733333333333 0.49416000000000004 0.8067733333333333 0.49601999999999996 0.8115066666666667 0.49448000000000003 0.8141733333333333 0.48986 0.815 0.48154 0.81048 0.48092 0.7998000000000001 0.48246 0.7930266666666667 0.48462 0.7841866666666667 0.48554 0.7780266666666666 0.48524 0.7716666666666666 0.48707999999999996 0.7722800000000001 0.48524 0.7768 0.48122000000000004 0.7761866666666667 0.47754
0 0.5435066666666667 0.48986 0.5394 0.5031 0.5445333333333333 0.5108 0.5494666666666667 0.52066 0.5587066666666667 0.52558 0.5693866666666667 0.53174 0.5751333333333334 0.53884 0.5815066666666666 0.5492999999999999 0.5880666666666666 0.54684 0.5950533333333333 0.53452 0.59916 0.51912 0.5987466666666666 0.50526 0.59424 0.49107999999999996 0.59156 0.48062 0.58396 0.46952 0.5753466666666667 0.46182 0.57144 0.46244 0.56672 0.47722000000000003 0.5642533333333334 0.48524 0.5570666666666667 0.48924
0 0.39873333333333333 0.52954 0.4105466666666667 0.52826 0.42184 0.5249199999999999 0.42389333333333334 0.519 0.4350133333333333 0.5159199999999999 0.44733333333333336 0.51106 0.4493866666666667 0.49898000000000003 0.44870666666666664 0.48819999999999997 0.4505866666666667 0.47794 0.44956 0.46562 0.4434 0.45894 0.43466666666666665 0.46458 0.42850666666666665 0.46048 0.4173866666666667 0.46048 0.4084933333333333 0.46356 0.40043999999999996 0.46022 0.39222666666666667 0.46792 0.38864000000000004 0.47846 0.3867466666666667 0.49589999999999995 0.38726666666666665 0.5077200000000001 0.39086666666666664 0.51644
1 0.46958666666666665 0.47076 0.46718666666666664 0.45972 0.46085333333333334 0.44816 0.4505866666666667 0.43866000000000005 0.44049333333333335 0.43328 0.42302666666666666 0.43583999999999995 0.4098533333333333 0.44098000000000004 0.3999333333333333 0.45098 0.39222666666666667 0.46176 0.3867466666666667 0.47486 0.38503999999999994 0.49206 0.38680000000000003 0.5108 0.38932 0.5226000000000001 0.39736 0.5338999999999999 0.40865333333333337 0.53698 0.41789333333333334 0.53364 0.4295333333333333 0.5303 0.4418533333333333 0.52312 0.4529866666666667 0.5169600000000001 0.46238666666666667 0.50874 0.46872 0.50052 0.47419999999999995 0.49026
0 0.30444000000000004 0.45277999999999996 0.30136 0.46202 0.30512 0.48512 0.31128 0.50336 0.3165866666666667 0.50566 0.32292 0.4995 0.32942666666666665 0.49307999999999996 0.3349066666666667 0.4859 0.34037333333333336 0.48538 0.34688 0.48794 0.34841333333333335 0.49334 0.3503066666666667 0.5036 0.35441333333333336 0.51028 0.3564666666666667 0.5131 0.3593733333333333 0.5054 0.3593733333333333 0.49848000000000003 0.35458666666666666 0.48538 0.3516666666666667 0.47742 0.3482533333333333 0.46896 0.3458533333333333 0.46254 0.3441466666666667 0.45356 0.33952 0.4456 0.33404 0.44072 0.3296 0.43660000000000004 0.32549333333333336 0.43122000000000005 0.3201866666666667 0.42274 0.31608 0.42607999999999996 0.31145333333333336 0.43660000000000004 0.30717333333333335 0.44764 0.30632000000000004 0.45202
0 0.2594533333333333 0.51234 0.26612 0.52338 0.27108 0.52928 0.27485333333333334 0.52826 0.27638666666666667 0.52132 0.27177333333333337 0.51516 0.2690266666666667 0.5113 0.2640533333333333 0.50822
3 0.8900133333333333 0.39314 0.87552 0.41398 0.8589600000000001 0.4397 0.8444666666666667 0.46148 0.8350133333333333 0.47564 0.8270266666666667 0.48496 0.8217066666666666 0.5018 0.8261333333333334 0.5098 0.8406266666666667 0.5155599999999999 0.85068 0.51378 0.8622133333333333 0.5129 0.8728533333333334 0.52176 0.8849866666666667 0.53064 0.89652 0.51738 0.90272 0.50004 0.9030266666666666 0.48052 0.9053866666666667 0.46148 0.9074533333333333 0.44148000000000004 0.9080533333333333 0.4224 0.9062800000000001 0.40156000000000003 0.9039066666666666 0.38604 0.8962266666666666 0.38736000000000004
3 0.39941333333333334 0.4295 0.38788000000000006 0.45524000000000003 0.38433333333333336 0.48544 0.3849333333333333 0.52886 0.3905466666666667 0.55992 0.4062266666666667 0.575 0.4266266666666667 0.57416 0.4609333333333333 0.5679 0.47512 0.56924 0.48784 0.5634600000000001 0.49226666666666663 0.55326 0.49226666666666663 0.53286 0.4910933333333333 0.5058 0.49168 0.47786 0.48281333333333337 0.45833999999999997 0.47068 0.43794 0.4535333333333333 0.41842 0.4334266666666667 0.41842 0.41597333333333336 0.4233
3 0.68804 0.40466 0.67 0.43572000000000005 0.65344 0.46322 0.6454533333333333 0.48318 0.6525466666666667 0.5027 0.6682266666666666 0.50934 0.6833066666666667 0.50846 0.6980933333333335 0.512 0.7090266666666667 0.5058 0.7170133333333333 0.49338 0.7214533333333334 0.47742 0.7226400000000001 0.45746 0.7229333333333334 0.44060000000000005 0.7214533333333334 0.42196 0.71436 0.41354 0.70756 0.40556 0.70016 0.40244
3 0.6332133333333334 0.5136799999999999 0.6319333333333333 0.56288 0.6464133333333333 0.5992799999999999 0.66388 0.62674 0.689 0.60822 0.6966666666666667 0.58396 0.69752 0.56478 0.6924133333333332 0.51242 0.6787866666666666 0.50922 0.6655733333333334 0.50986 0.6494 0.50346
3 0.29888 0.42734 0.29621333333333333 0.44995999999999997 0.3024266666666667 0.47656 0.30833333333333335 0.50318 0.31484 0.51162 0.3248933333333333 0.5054 0.33673333333333333 0.49032 0.3473733333333333 0.49254000000000003 0.35150666666666663 0.51162 0.36304 0.5337799999999999 0.3710266666666666 0.55464 0.3834533333333333 0.53158 0.38433333333333336 0.5023 0.38108000000000003 0.48056 0.36097333333333337 0.45838 0.34618666666666664 0.43886000000000003 0.33436 0.42246 0.3246 0.41536 0.3112933333333333 0.41624 0.30361333333333335 0.4189
3 0.6966666666666667 0.51624 0.7004933333333333 0.5673400000000001 0.7188133333333333 0.6012000000000001 0.73968 0.6369600000000001 0.7775733333333332 0.6248400000000001 0.7933333333333333 0.59864 0.7916266666666667 0.5731 0.7716133333333334 0.51944 0.75884 0.50858 0.7469066666666666 0.49388 0.7358399999999999 0.4792 0.72136 0.4792 0.7209333333333334 0.4824 0.7175333333333334 0.49836 0.7060266666666667 0.51432
0 0.6554266666666667 0.48586 0.6706266666666667 0.48308 0.6907466666666666 0.47968 0.70348 0.4803 0.7137466666666666 0.4726 0.7180666666666666 0.4726 0.71704 0.484 0.7143733333333333 0.49510000000000004 0.7051333333333334 0.50464 0.6965066666666666 0.50864 0.6845866666666668 0.50742 0.6778133333333334 0.5068 0.67288 0.50186 0.6642666666666667 0.50064 0.6578933333333333 0.49848000000000003 0.6546133333333333 0.49632
3 0.5256933333333333 0.45568000000000003 0.5245066666666667 0.48008 0.5259866666666667 0.50048 0.52924 0.52044 0.5363333333333333 0.53552 0.5466799999999999 0.53198 0.5626533333333333 0.5293 0.5736 0.5373 0.5762533333333333 0.5506 0.58572 0.56436 0.5975466666666667 0.5772200000000001 0.6102666666666666 0.5807599999999999 0.6197333333333334 0.5719 0.6274133333333334 0.5568200000000001 0.63008 0.53952 0.6356933333333333 0.4987 0.63392 0.48096 0.6288933333333333 0.46232 0.61884 0.44504000000000005 0.60376 0.42552 0.5815733333333334 0.42286 0.54728 0.43128 0.5351466666666667 0.43660000000000004
3 0.80248 0.39136000000000004 0.7803066666666667 0.4193 0.7628533333333333 0.44064 0.7480666666666667 0.45966 0.74008 0.47608 0.74748 0.49382 0.7619600000000001 0.50846 0.7702399999999999 0.5155599999999999 0.78 0.53064 0.7939066666666666 0.54262 0.8072133333333333 0.54172 0.8154933333333333 0.52936 0.8172666666666667 0.51156 0.8231733333333333 0.49648000000000003 0.8264266666666668 0.47608 0.83116 0.45966 0.8394400000000001 0.43838 0.8418133333333333 0.42374 0.8426933333333333 0.4029 0.83648 0.39446 0.8246533333333333 0.38604 0.8163733333333333 0.38604