3 0.08525 0.29674074074074075 0.0721 0.3486666666666667 0.058949999999999995 0.4136296296296297 0.056749999999999995 0.48992592592592593 0.05785 0.5434814814814816 0.07755 0.575925925925926 0.121 0.5985185185185184 0.124 0.5874074074074074 0.149 0.582962962962963 0.1675 0.5814814814814815 0.1925 0.5444444444444444 0.19699999999999998 0.4525925925925926 0.19699999999999998 0.40059259259259256 0.1948 0.3714074074074074 0.1696 0.3324444444444445 0.15975 0.3048148148148148 0.14550000000000002 0.2853333333333334 0.12575 0.26585185185185184 0.10715 0.274
3 0.14150000000000001 0.6037037037037037 0.14385 0.6879259259259259 0.14605 0.7334074074074074 0.157 0.7642222222222222 0.168 0.8362962962962963 0.1985 0.8711111111111111 0.2305 0.8548148148148148 0.24905000000000002 0.812962962962963 0.2622 0.7853333333333333 0.27645 0.7545185185185185 0.28190000000000004 0.7236296296296296 0.27645 0.6911851851851852 0.26875 0.6148888888888889 0.25780000000000003 0.5937777777777777 0.24245 0.5840740740740741 0.21614999999999998 0.5742962962962963 0.19535 0.562962962962963 0.1877 0.5580740740740741 0.174 0.575925925925926
3 0.5925 0.24666666666666665 0.568 0.2674074074074074 0.5589999999999999 0.3111111111111111 0.546 0.35703703703703704 0.5445 0.3748148148148148 0.547 0.4222222222222222 0.544 0.4585185185185185 0.5479999999999999 0.5066666666666667 0.5445 0.5444444444444444 0.5775 0.5681481481481482 0.6065 0.571111111111111 0.6386 0.575925925925926 0.6555 0.5740740740740741 0.672 0.5718518518518518 0.6845 0.5733333333333334 0.6934999999999999 0.5755555555555556 0.7065 0.5703703703703704 0.718 0.5577777777777777 0.72515 0.5451111111111111 0.7279000000000001 0.5191111111111111 0.7312000000000001 0.4736296296296296 0.7215 0.4103703703703704 0.72135 0.3762962962962963 0.7038 0.3373333333333333 0.6994 0.2837037037037037 0.68845 0.2577777777777778 0.6808 0.24637037037037035 0.659 0.23851851851851855 0.6325 0.24074074074074073
3 0.86 0.6992592592592592 0.8684999999999999 0.74 0.88405 0.7545185185185185 0.90595 0.7772592592592593 0.9215000000000001 0.7822222222222222 0.937 0.7822222222222222 0.946 0.7785185185185185 0.9505 0.7644444444444445 0.951 0.7407407407407407 0.9531000000000001 0.7057777777777778 0.9520000000000001 0.674962962962963 0.9487000000000001 0.636 0.9465 0.6259259259259259 0.9455 0.6103703703703705 0.9465 0.5622222222222223 0.929 0.5585185185185185 0.9145 0.5785185185185184 0.863 0.5785185185185184 0.857 0.5948148148148148
3 0.28190000000000004 0.7236296296296296 0.29235 0.7691111111111111 0.31755 0.8048148148148149 0.34055 0.8097037037037037 0.36575 0.8080740740740741 0.38545 0.7545185185185185 0.39205 0.7009629629629629 0.3986 0.6311111111111112 0.39645 0.5937777777777777 0.37450000000000006 0.5694814814814815 0.34495 0.55 0.3285 0.5597037037037037 0.31755 0.571037037037037 0.2967 0.5775555555555556 0.2792 0.5840740740740741 0.2704 0.5873333333333334 0.26875 0.6148888888888889
3 0.3515 0.4217037037037037 0.3575 0.39185185185185184 0.364 0.3725925925925926 0.37015 0.3405185185185185 0.37670000000000003 0.3064444444444444 0.3895 0.25925925925925924 0.39899999999999997 0.24296296296296294 0.4355 0.23851851851851855 0.4595 0.23333333333333334 0.5085000000000001 0.2733333333333333 0.5215 0.3296296296296296 0.5315 0.36074074074074075 0.54 0.38814814814814813 0.5435 0.42592592592592593 0.54215 0.4541481481481482 0.539 0.5066666666666667 0.5345 0.5451111111111111 0.5246500000000001 0.5678518518518518 0.5055 0.5740740740740741 0.47200000000000003 0.58 0.446 0.5792592592592593 0.42100000000000004 0.5785185185185184 0.396 0.582962962962963 0.37450000000000006 0.5694814814814815 0.358 0.54
3 0.5252 0.6814814814814815 0.523 0.7285185185185185 0.52735 0.7691111111111111 0.53395 0.8080740740740741 0.5482 0.8421481481481481 0.5705 0.8622222222222222 0.593 0.8451851851851852 0.60735 0.8113333333333334 0.61175 0.7658518518518519 0.6238 0.7268888888888888 0.6249 0.6944444444444444 0.63365 0.6522222222222221 0.6402500000000001 0.6165185185185186 0.6413500000000001 0.5873333333333334 0.6304 0.5775555555555556 0.6008 0.5775555555555556 0.5756 0.5775555555555556 0.56135 0.5678518518518518 0.5471 0.5580740740740741 0.5345 0.5451111111111111 0.52735 0.5937777777777777
3 0 0.7607407407407407 0.0233 0.7285185185185185 0.03535 0.6571111111111111 0.03535 0.6214074074074074 0.036000000000000004 0.5888888888888889 0.0025 0.5807407407407408
3 0.96075 0.7707407407407407 0.975 0.7756296296296296 0.99035 0.7739999999999999 1 0.772888888888889 0.9984999999999999 0.562962962962963 0.98 0.5718518518518518 0.951 0.5688888888888889 0.9470000000000001 0.6
3 0.72135 0.3762962962962963 0.73065 0.3291851851851852 0.74925 0.2723703703703704 0.7712 0.2431111111111111 0.80845 0.24474074074074073 0.8412999999999999 0.31940740740740736 0.8456999999999999 0.3957777777777778 0.85225 0.46555555555555556 0.85 0.5296296296296297 0.815 0.5488888888888889 0.79 0.5577777777777777 0.775 0.542962962962963 0.7615000000000001 0.528888888888889 0.7404999999999999 0.5191111111111111 0.73065 0.5061481481481481
3 0.84515 0.3632592592592592 0.8640000000000001 0.2992592592592592 0.885 0.26666666666666666 0.9175 0.26666666666666666 0.9405 0.32266666666666666 0.9372 0.39414814814814814 0.9394 0.45096296296296295 0.9306 0.5451111111111111 0.92 0.5681481481481482 0.8985 0.5785185185185184 0.8736499999999999 0.5775555555555556 0.8615999999999999 0.5645925925925925 0.84955 0.5402222222222223 0.8525 0.5266666666666666
3 0.1948 0.3714074074074074 0.21125 0.3568148148148148 0.2211 0.3357037037037037 0.2255 0.3048148148148148 0.239 0.277037037037037 0.26649999999999996 0.2651851851851852 0.2967 0.2983703703703704 0.32299999999999995 0.34214814814814815 0.3395 0.38 0.3515 0.4217037037037037 0.3515 0.48503703703703704 0.35700000000000004 0.5239999999999999 0.34495 0.55 0.3285 0.5597037037037037 0.31755 0.571037037037037 0.28550000000000003 0.5807407407407408 0.2625 0.58 0.2415 0.5777777777777777 0.2211 0.5662222222222222 0.21345 0.562962962962963 0.209 0.5548148148148149 0.204 0.5444444444444444
3 0.6402500000000001 0.6165185185185186 0.6364500000000001 0.676074074074074 0.642 0.7133333333333333 0.65295 0.74 0.66815 0.7662962962962964 0.6745 0.7897777777777778 0.6827500000000001 0.8094814814814815 0.7011499999999999 0.8207407407407408 0.72015 0.817925925925926 0.736 0.8132592592592593 0.74235 0.7822222222222222 0.7448999999999999 0.7418518518518519 0.7480500000000001 0.7108148148148148 0.7525 0.6967407407407408 0.7544 0.6375555555555555 0.75755 0.5802962962962963 0.7569499999999999 0.553037037037037 0.74615 0.5445925925925925 0.73285 0.5454814814814815 0.718 0.5577777777777777 0.698 0.5755555555555556 0.6865000000000001 0.5725925925925925 0.6765000000000001 0.5748148148148148 0.667 0.5755555555555556 0.657 0.5748148148148148 0.6446999999999999 0.5793333333333333
3 0.7531 0.7268888888888888 0.77065 0.782074074074074 0.79145 0.8145925925925925 0.8295 0.8348148148148148 0.8534999999999999 0.8296296296296296 0.8583 0.7366666666666667 0.8583 0.6814814814814815 0.8604999999999999 0.6148888888888889 0.84735 0.5857037037037036 0.83965 0.5645925925925925 0.8199500000000001 0.562962962962963 0.8101 0.562962962962963 0.8018500000000001 0.5580740740740741 0.7859999999999999 0.5597037037037037 0.76185 0.5515555555555555
3 0.0233 0.7285185185185185 0.02935 0.761037037037037 0.035 0.7948148148148148 0.046900000000000004 0.8113333333333334 0.07315 0.8113333333333334 0.0929 0.8015555555555555 0.11259999999999999 0.7707407407407407 0.129 0.7488888888888888 0.13849999999999998 0.7318518518518519 0.1425 0.702962962962963 0.1378 0.6392592592592592 0.1335 0.6177777777777779 0.1247 0.6002962962962963 0.1175 0.597037037037037 0.07755 0.575925925925926 0.061 0.5948148148148148 0.038650000000000004 0.597037037037037
3 0.3986 0.6311111111111112 0.40740000000000004 0.7057777777777778 0.42274999999999996 0.7399259259259259 0.4335 0.797037037037037 0.45049999999999996 0.8111111111111111 0.4815 0.8148148148148148 0.5065 0.7548148148148148 0.5145000000000001 0.6888888888888889 0.5165 0.6622222222222223 0.51915 0.601925925925926 0.506 0.5726666666666667 0.47204999999999997 0.5791851851851851 0.4255 0.5792592592592593 0.397 0.5859259259259259
3 0.0014000000000000002 0.5824444444444444 0.0255 0.5824444444444444 0.04305 0.5678518518518518 0.05785 0.5434814814814816 0.056749999999999995 0.48992592592592593 0.058949999999999995 0.4136296296296297 0.03645 0.3957777777777778 0.01015 0.3762962962962963 0 0.3721481481481482 0 0.49251851851851847
3 0.9372 0.5515555555555555 0.9591 0.562962962962963 0.9733499999999999 0.5645925925925925 0.9887 0.5580740740740741 1 0.5503703703703704 1 0.34281481481481485 0.97115 0.3568148148148148 0.95365 0.38925925925925925 0.9372 0.39414814814814814