3 0.5203272727272727 0.38808743169398907 0.5181818181818182 0.44808743169398907 0.5167272727272727 0.4950819672131147 0.5189090909090909 0.512568306010929 0.5265454545454545 0.5256830601092897 0.5683636363636364 0.5311475409836066 0.6261818181818182 0.5262295081967213 0.628 0.48961748633879776 0.6283636363636365 0.44590163934426225 0.6138181818181818 0.4278688524590164 0.6 0.3704918032786885 0.5700363636363636 0.3474863387978142 0.5473454545454546 0.36699453551912564
3 0.3829090909090909 0.5234972677595628 0.3714909090909091 0.5308743169398907 0.3557818181818182 0.5584153005464481 0.35214545454545454 0.5804371584699454 0.3531636363636364 0.6072131147540983 0.35563636363636364 0.6442622950819672 0.364 0.6612021857923497 0.37927272727272726 0.6896174863387978 0.396 0.7032786885245901 0.4083636363636364 0.6918032786885245 0.4167272727272727 0.659016393442623 0.4232727272727273 0.625136612021858 0.42123636363636363 0.5875409836065574 0.42145454545454547 0.5469945355191257 0.40763636363636363 0.5284153005464481
3 0.17894545454545455 0.636448087431694 0.18327272727272725 0.6770491803278689 0.1865090909090909 0.7290163934426229 0.20381818181818182 0.7419672131147541 0.2243272727272727 0.7127322404371585 0.2243272727272727 0.6754098360655737 0.21243636363636365 0.6591803278688524 0.20400000000000001 0.6306010928961749 0.19636363636363635 0.6289617486338798 0.18436363636363637 0.6240437158469946
3 0.20254545454545456 0.5300546448087432 0.20254545454545456 0.6114754098360656 0.2092 0.6445901639344261 0.2265090909090909 0.6851366120218579 0.23730909090909091 0.6802732240437158 0.2450909090909091 0.6715846994535519 0.2534545454545455 0.637704918032787 0.268 0.6191256830601093 0.29563636363636364 0.6137158469945355 0.29672727272727273 0.582896174863388 0.2741818181818182 0.5721311475409836 0.25781818181818184 0.5633879781420764 0.24810909090909092 0.5439344262295083 0.23854545454545453 0.5284153005464481 0.2210909090909091 0.5224043715846994
3 0.5192727272727273 0.37103825136612023 0.46090909090909093 0.3702185792349727 0.46399999999999997 0.39234972677595625 0.4781818181818182 0.39945355191256826 0.4985454545454545 0.3967213114754098 0.5101818181818182 0.39234972677595625
3 0.2636363636363636 0.46994535519125685 0.2589090909090909 0.5098360655737705 0.25996363636363634 0.5569398907103825 0.27185454545454546 0.5682513661202185 0.29563636363636364 0.582896174863388 0.3129090909090909 0.582896174863388 0.33345454545454545 0.5471584699453552 0.34690909090909094 0.553551912568306 0.35454545454545455 0.5311475409836066 0.35454545454545455 0.5180327868852459 0.34854545454545455 0.5098360655737705 0.3392727272727273 0.4967213114754099 0.3366909090909091 0.4790163934426229 0.33236363636363636 0.46174863387978143 0.314 0.43191256830601094 0.29563636363636364 0.43191256830601094 0.27890909090909094 0.4382513661202186
3 0.31232727272727273 0.5898907103825137 0.3055272727272727 0.6111475409836066 0.3002909090909091 0.6379234972677595 0.29978181818181815 0.6678142076502732 0.3060363636363636 0.6851366120218579 0.3290909090909091 0.6693989071038251 0.34007272727272725 0.6528415300546448 0.35159999999999997 0.6426229508196721 0.3563272727272727 0.6221857923497268 0.34898181818181817 0.5938251366120219 0.35214545454545454 0.5631693989071038 0.31963636363636366 0.5693989071038251
3 0.7112727272727273 0.4890710382513661 0.7010909090909091 0.5109289617486339 0.6964 0.5698907103825137 0.7050545454545454 0.6121311475409836 0.728 0.6557377049180327 0.7421818181818182 0.6546448087431694 0.7612363636363636 0.6056284153005465 0.7687999999999999 0.5747540983606558 0.766909090909091 0.5453551912568306 0.748 0.48360655737704916 0.7290909090909091 0.4786885245901639
3 0.49876363636363635 0.5308743169398907 0.49716363636363636 0.541912568306011 0.4930909090909091 0.5726775956284152 0.4930909090909091 0.6163934426229508 0.5128727272727273 0.6882513661202186 0.5306909090909091 0.6890710382513661 0.5432727272727272 0.6693989071038251 0.5568727272727272 0.6355191256830601 0.5625454545454545 0.5956284153005464 0.56 0.5306010928961749 0.5076363636363637 0.5230054644808743
3 0.14116363636363635 0.6932786885245902 0.14116363636363635 0.7468306010928961 0.15196363636363636 0.7630601092896174 0.17679999999999998 0.7630601092896174 0.18436363636363637 0.73224043715847 0.18327272727272725 0.6981420765027323 0.17636363636363636 0.6721311475409836 0.164 0.660655737704918 0.14763636363636365 0.6591803278688524
3 0.8047272727272727 0.6442622950819672 0.8192 0.656775956284153 0.8296727272727272 0.656775956284153 0.8296727272727272 0.7008743169398907 0.8305454545454546 0.7295081967213115 0.8218181818181818 0.7614207650273225 0.8071636363636363 0.7716939890710383 0.7940727272727273 0.7614207650273225 0.7862181818181818 0.7504371584699454 0.7818181818181819 0.7218579234972677 0.7938181818181819 0.6726775956284152
3 0.23454545454545456 0.7071038251366121 0.22981818181818184 0.7300546448087432 0.2461818181818182 0.733879781420765 0.2629090909090909 0.7131147540983607 0.2793454545454545 0.6953551912568307 0.2963636363636364 0.6775956284153005 0.30036363636363633 0.6153005464480874 0.2672727272727273 0.6278688524590165
3 0.6436000000000001 0.5654098360655737 0.6493818181818183 0.6495628415300547 0.6541818181818182 0.6857923497267759 0.6672727272727272 0.7021857923497268 0.6828727272727273 0.7178688524590164 0.7029090909090909 0.7278688524590163 0.7098181818181818 0.7071038251366121 0.7098181818181818 0.6622950819672131 0.708 0.6387978142076502 0.704690909090909 0.6134972677595628 0.6992727272727273 0.5868852459016394 0.6923636363636364 0.5628415300546448 0.6741818181818182 0.5573770491803278 0.6563272727272728 0.5583060109289617 0.6483272727272728 0.563224043715847
3 0.7367272727272727 0.6765027322404371 0.7527272727272727 0.7081967213114754 0.7683636363636364 0.7306010928961748 0.7804727272727272 0.72448087431694 0.7946181818181819 0.6678142076502732 0.8050909090909091 0.6355191256830601 0.8047272727272727 0.5721311475409836 0.7887272727272727 0.5683060109289617 0.7720727272727272 0.5733879781420765 0.7615999999999999 0.6056284153005465 0.7509090909090909 0.6387978142076502
3 0.4280363636363636 0.5261748633879781 0.4232727272727273 0.5562841530054644 0.42363636363636364 0.5907103825136611 0.42509090909090913 0.6431693989071039 0.4338181818181818 0.6819672131147541 0.4510909090909091 0.6977049180327869 0.46629090909090903 0.6874863387978142 0.4809454545454545 0.651256830601093 0.48872727272727273 0.6174863387978142 0.48879999999999996 0.5442622950819672 0.48618181818181816 0.5308743169398907 0.4781818181818182 0.5300546448087432 0.4469090909090909 0.5245901639344263
3 0.3698181818181818 0.39125683060109284 0.34854545454545455 0.43355191256830605 0.33890909090909094 0.46775956284153003 0.34109090909090906 0.5016393442622951 0.3567272727272727 0.5191256830601093 0.3876363636363636 0.5229508196721312 0.42654545454545456 0.5267759562841531 0.44363636363636366 0.5240437158469946 0.44872727272727275 0.48251366120218575 0.4490909090909091 0.38907103825136613 0.41927272727272724 0.3797814207650273 0.3858181818181818 0.36830601092896176
3 0.6391636363636364 0.44163934426229506 0.6305454545454545 0.47650273224043715 0.6334545454545454 0.5213114754098361 0.6443636363636364 0.546448087431694 0.6632727272727273 0.5524590163934426 0.676 0.5289617486338798 0.6796363636363637 0.46612021857923497 0.6758909090909091 0.43355191256830605 0.6564363636363637 0.42704918032786887
3 0.5785454545454545 0.53224043715847 0.5677818181818182 0.5437158469945356 0.5625454545454545 0.5530054644808743 0.5677818181818182 0.6002185792349727 0.5708363636363636 0.6427322404371585 0.5795636363636364 0.6775956284153005 0.5948363636363637 0.6887431693989071 0.6144727272727273 0.6893989071038251 0.6381818181818182 0.6688524590163935 0.6461818181818182 0.653551912568306 0.6418181818181818 0.5595628415300546 0.6349090909090909 0.5573770491803278 0.6254545454545455 0.539344262295082 0.6166545454545455 0.5307103825136612 0.6061818181818182 0.5293989071038251