3 0.8026562500000001 0.43124999999999997 0.81484375 0.327801724137931 0.83046875 0.30668103448275863 0.8428125 0.3146551724137931 0.85453125 0.3726293103448276 0.8571875 0.4036637931034483 0.85409375 0.43859913793103444 0.8462500000000001 0.4724353448275862 0.8364375000000001 0.47648706896551724 0.817796875 0.4697198275862069 0.7984375 0.4515086206896552 0.79578125 0.4394396551724138
3 0.29928125 0.8329310344827586 0.3163125 0.8535991379310345 0.33878125 0.8667456896551724 0.36140625000000004 0.8648706896551724 0.366703125 0.8432543103448276 0.374375 0.8226293103448276 0.374375 0.7984913793103449 0.37374999999999997 0.7855603448275862 0.37374999999999997 0.7700431034482759 0.37265625 0.7502155172413794 0.36312500000000003 0.736853448275862 0.3525 0.7213362068965516 0.34375 0.7109913793103447 0.33265625 0.7155172413793104 0.31903125 0.7323922413793104 0.31290625 0.7408620689655172 0.302 0.767155172413793 0.29859375 0.787823275862069 0.297234375 0.8056896551724138 0.297234375 0.8216594827586207
3 0.25046875 0.8049568965517241 0.26521875 0.8216594827586207 0.28296875 0.8331896551724138 0.2965625 0.8301077586206896 0.29625 0.8213362068965517 0.29812500000000003 0.781896551724138 0.30453125000000003 0.7571120689655173 0.31265624999999997 0.740948275862069 0.32437499999999997 0.7226293103448276 0.31390625 0.7163793103448275 0.30328125 0.7211206896551725 0.29015625 0.727155172413793 0.276875 0.7502155172413794 0.2693125 0.767155172413793 0.2575 0.7950431034482758
3 0.31234375000000003 0.2310344827586207 0.2999375 0.26545258620689655 0.2971875 0.2974137931034483 0.29896875 0.33579741379310346 0.30190625 0.3885560344827586 0.303859375 0.41155172413793106 0.32734375 0.4237068965517241 0.35 0.39525862068965517 0.3578125 0.37780172413793106 0.353890625 0.3574353448275862 0.353890625 0.3222629310344828 0.35584375 0.29790948275862067 0.35750000000000004 0.2816810344827586 0.34996875 0.2613793103448276 0.33109375 0.23297413793103447
3 0.70375 0.7230603448275862 0.702078125 0.7088146551724137 0.706859375 0.6900431034482759 0.71921875 0.6747844827586207 0.736828125 0.6749999999999999 0.752484375 0.6749999999999999 0.766796875 0.6721767241379311 0.779734375 0.6637284482758621 0.7851874999999999 0.6562068965517242 0.799484375 0.6562068965517242 0.81175 0.6562068965517242 0.82128125 0.6721767241379311 0.8246874999999999 0.6859913793103448 0.832171875 0.7210344827586207 0.832171875 0.7464008620689655 0.8240000000000001 0.7708189655172414 0.8110625 0.7886853448275862 0.79471875 0.7990086206896552 0.7776875000000001 0.7990086206896552 0.770875 0.8074568965517241 0.766109375 0.8055818965517242 0.76609375 0.7616379310344827 0.7584375 0.7269396551724138 0.73703125 0.722198275862069 0.73375 0.7099137931034483 0.72109375 0.7079741379310345 0.71375 0.7075431034482759
3 0.436875 0.3752155172413793 0.44546875 0.39396551724137935 0.4771875 0.3931034482758621 0.50578125 0.3900862068965517 0.53828125 0.3885560344827586 0.5634375 0.3879310344827586 0.5686718749999999 0.37366379310344827 0.56965625 0.35879310344827586 0.5675 0.33987068965517236 0.56475 0.30872844827586204 0.56475 0.2925 0.5500468749999999 0.24515086206896552 0.5346875 0.20387931034482756 0.52578125 0.19698275862068967 0.50590625 0.20321120689655173 0.47059375000000003 0.20592672413793103 0.46203125 0.22866379310344825 0.4515625 0.2633620689655172 0.44215625000000003 0.2776293103448276
3 0.6615624999999999 0.8474137931034482 0.6760937499999999 0.8469827586206896 0.6951562499999999 0.8376939655172414 0.711234375 0.8305172413793104 0.72375 0.8157327586206896 0.7184375000000001 0.7633620689655172 0.71015625 0.746551724137931 0.6956249999999999 0.7237068965517242 0.67515625 0.7157327586206897 0.6642187500000001 0.7293103448275862 0.655421875 0.7365732758620689 0.659203125 0.760043103448276 0.6553125 0.7905172413793103 0.650625 0.8260775862068965 0.654953125 0.8396336206896551
3 0.3578125 0.28709051724137935 0.35290625000000003 0.32497844827586203 0.35343749999999996 0.3579741379310345 0.35734374999999996 0.3765086206896551 0.382328125 0.38719827586206895 0.4015625 0.3883620689655172 0.40703125 0.38125000000000003 0.428421875 0.38178879310344827 0.436265625 0.3750215517241379 0.43921875000000005 0.34390086206896553 0.44078125 0.3125 0.4409375 0.2829741379310345 0.43234374999999997 0.26545258620689655 0.41764062500000004 0.24786637931034483 0.405875 0.2302801724137931 0.4019375 0.2221551724137931 0.395078125 0.2181034482758621 0.379390625 0.22892241379310344 0.37390625 0.2538793103448276 0.36484375 0.2709051724137931
3 0.75503125 0.28709051724137935 0.76484375 0.27491379310344827 0.77734375 0.25818965517241377 0.7946875 0.24913793103448276 0.8110937500000001 0.265301724137931 0.8115625 0.36918103448275863 0.809953125 0.39396551724137935 0.80309375 0.43454741379310347 0.7803125 0.44051724137931036 0.765625 0.42952586206896554 0.75484375 0.41271551724137934 0.749140625 0.40073275862068963 0.749140625 0.34120689655172415
3 0.205625 0.35581896551724135 0.20382812499999997 0.38178879310344827 0.2048125 0.4169612068965517 0.20796874999999998 0.4605603448275862 0.2234375 0.4602586206896552 0.23234375 0.4525862068965517 0.23325 0.41155172413793106 0.23325 0.37907327586206896 0.22540624999999997 0.3493103448275862 0.20775000000000002 0.3493103448275862
3 0.22834374999999998 0.3533836206896552 0.23109375000000001 0.36982758620689654 0.234375 0.4038793103448276 0.232265625 0.4413146551724138 0.24109375000000002 0.44870689655172413 0.25359375 0.44935344827586204 0.26168749999999996 0.4440086206896552 0.25973437499999996 0.419676724137931 0.25973437499999996 0.395323275862069 0.260703125 0.34661637931034484 0.260625 0.3301724137931034 0.246 0.3303879310344828 0.231875 0.3331896551724138
3 0.6012500000000001 0.8502155172413793 0.600625 0.8704741379310345 0.62453125 0.8700431034482758 0.6470312500000001 0.8512931034482759 0.650625 0.8267241379310345 0.65859375 0.758405172413793 0.654375 0.7353448275862069 0.6434375 0.7262931034482759 0.62390625 0.725646551724138 0.58859375 0.7321120689655172 0.5769062500000001 0.7443965517241379 0.5702812500000001 0.7548275862068966 0.5920468750000001 0.7574353448275862 0.610484375 0.7607112068965518 0.60875 0.78125 0.60203125 0.7913793103448276 0.598125 0.8107758620689655 0.590625 0.8469827586206896
3 0.26796875 0.29245689655172413 0.26109375 0.32004310344827586 0.260703125 0.35066810344827587 0.260703125 0.41155172413793106 0.260703125 0.4467241379310345 0.275 0.4441810344827586 0.28703124999999996 0.44073275862068967 0.29796875 0.42780172413793105 0.30190625 0.40478448275862067 0.30190625 0.3709698275862069 0.29896875 0.3303879310344828 0.29578125 0.29331896551724135 0.27453125 0.2857758620689655
3 0.52725 0.7541810344827586 0.52725 0.7887500000000001 0.5193749999999999 0.8237068965517241 0.515625 0.8693965517241379 0.52725 0.8807543103448277 0.55 0.8849137931034483 0.5698125 0.8807543103448277 0.57984375 0.8670258620689656 0.58875 0.852155172413793 0.6025 0.790948275862069 0.6090625000000001 0.7795258620689655 0.61096875 0.7607112068965518 0.569375 0.7547413793103448 0.5584374999999999 0.7474137931034484 0.5349999999999999 0.7461206896551724
3 0.20460937499999998 0.7201939655172415 0.228453125 0.6732112068965518 0.246828125 0.6525431034482758 0.27890625 0.647844827586207 0.29171874999999997 0.6648706896551724 0.308125 0.6713362068965517 0.31890625 0.6855603448275862 0.31906249999999997 0.7165948275862069 0.30843750000000003 0.7170258620689655 0.28875 0.7273706896551724 0.2503125 0.8066810344827586 0.23734375000000002 0.7849137931034482 0.22374999999999998 0.7689655172413793 0.21484375 0.7521551724137931 0.20453125 0.7314655172413793
3 0.375421875 0.833125 0.38484375000000004 0.8614224137931035 0.38921875 0.8734913793103448 0.424140625 0.8800862068965517 0.44109375 0.8719827586206897 0.44684375000000004 0.8487715517241379 0.44731249999999995 0.8096336206896552 0.44731249999999995 0.7809267241379311 0.44731249999999995 0.7535344827586207 0.44828124999999996 0.7338362068965517 0.41921875000000003 0.7353448275862069 0.3990625 0.7342672413793103 0.383453125 0.7424353448275862 0.373046875 0.7535344827586207
3 0.7209375 0.7875 0.72859375 0.8331896551724138 0.749375 0.8267241379310345 0.765 0.8213362068965517 0.76671875 0.8060344827586207 0.7654687499999999 0.794396551724138 0.76453125 0.7575431034482759 0.7615624999999999 0.7390086206896551 0.7575000000000001 0.727801724137931 0.735828125 0.7235129310344827 0.734890625 0.7098275862068966 0.721640625 0.7091594827586207 0.7150000000000001 0.7079741379310345 0.70421875 0.7237068965517242 0.6989062500000001 0.7262931034482759 0.71921875 0.7620689655172415
3 0.6846875 0.3551724137931035 0.70515625 0.3866379310344828 0.72546875 0.4064655172413793 0.74 0.40323275862068964 0.74815625 0.399375 0.74815625 0.36284482758620695 0.75125 0.3228448275862069 0.75328125 0.29331896551724135 0.7515625 0.2633620689655172 0.7368750000000001 0.23189655172413792 0.7178125 0.23642241379310344 0.69703125 0.2678879310344828 0.680484375 0.29114224137931033
3 0.44825 0.7567887931034483 0.44825 0.7868103448275862 0.44825 0.8383405172413794 0.4484375 0.8676724137931034 0.45771875 0.8748706896551725 0.475 0.8829741379310344 0.49031250000000004 0.8821120689655173 0.505484375 0.8729094827586207 0.50984375 0.850646551724138 0.52015625 0.818771551724138 0.5265625 0.7939655172413793 0.526765625 0.760043103448276 0.5173125 0.7456896551724138 0.48987499999999995 0.7443965517241379 0.46218750000000003 0.7396551724137931 0.4490625 0.7439655172413793
3 0.5704687500000001 0.36551724137931035 0.59765625 0.3752155172413793 0.624578125 0.38448275862068965 0.64515625 0.3883620689655172 0.6576562499999999 0.39612068965517244 0.67015625 0.39612068965517244 0.68046875 0.3898706896551724 0.684375 0.36293103448275865 0.67875 0.2560344827586207 0.6642187500000001 0.20926724137931033 0.6403125000000001 0.18426724137931033 0.6090625000000001 0.19267241379310346 0.595625 0.20344827586206898 0.584375 0.2275646551724138 0.5686718749999999 0.25732758620689655 0.562796875 0.2816810344827586