3 0.3055609756097561 0.02032520325203252 0.29556097560975614 0.06536585365853657 0.29734146341463413 0.0810569105691057 0.294390243902439 0.09276422764227642 0.29204878048780486 0.14170731707317072 0.28380487804878046 0.21227642276422765 0.285 0.27691056910569106 0.31085365853658536 0.3434959349593496 0.3436585365853659 0.38048780487804873 0.3531463414634146 0.3865853658536585 0.35785365853658535 0.3669918699186992 0.36548780487804877 0.3101626016260162 0.3719512195121951 0.19463414634146342 0.35960975609756096 0.0673170731707317 0.35607317073170736 0.014471544715447154 0.3517560975609756 0 0.30778048780487804 0
3 0.4412682926829268 0.7331707317073172 0.4348048780487805 0.7978048780487804 0.4319512195121951 0.8528455284552846 0.4317073170731707 0.9056910569105692 0.46887804878048783 0.952520325203252 0.49768292682926835 0.9505691056910569 0.510609756097561 0.9505691056910569 0.5117804878048781 0.8878861788617886 0.5147073170731707 0.8311382113821139 0.52 0.8017073170731708 0.5041463414634146 0.7821138211382114 0.4647804878048781 0.7430081300813008
3 0.23270731707317072 0.00853658536585366 0.22578048780487803 0.13569105691056912 0.22858536585365855 0.231869918699187 0.24034146341463417 0.2573170731707317 0.2561951219512195 0.26902439024390246 0.2685365853658536 0.23382113821138212 0.28380487804878046 0.21227642276422765 0.29204878048780486 0.14170731707317072 0.294390243902439 0.09276422764227642 0.29734146341463413 0.0810569105691057 0.29204878048780486 0.04967479674796748 0.28146341463414637 0.0007317073170731707
3 0.478390243902439 0.4882113821138211 0.48309756097560974 0.5293495934959349 0.5036585365853659 0.5586991869918699 0.5478048780487804 0.5975609756097561 0.568780487804878 0.6138211382113821 0.5924390243902439 0.5878048780487805 0.5964878048780488 0.5430081300813009 0.6023658536585366 0.4803252032520325 0.6076585365853658 0.4039837398373984 0.6104878048780488 0.3666666666666667 0.6104878048780488 0.3040650406504065 0.6094146341463414 0.23943089430894307 0.5982439024390244 0.18658536585365854 0.5882682926829268 0.15333333333333332 0.5747560975609757 0.15138211382113823 0.5436585365853659 0.15121951219512197 0.5207317073170732 0.18861788617886177 0.5042439024390244 0.2531707317073171 0.4936829268292683 0.2923577235772358 0.47146341463414637 0.5292682926829267 0.4478536585365854 0.5078048780487805 0.4014390243902439 0.4686178861788618 0.3638292682926829 0.4098373983739837 0.35785365853658535 0.3669918699186992 0.37558536585365854 0.17682926829268292 0.38439024390243903 0.13569105691056912 0.3990975609756097 0.0808130081300813 0.4167073170731707 0.01821138211382114 0.44431707317073166 0.037723577235772354 0.4707560975609756 0.0808130081300813 0.48192682926829267 0.15333333333333332 0.48839024390243907 0.25902439024390245 0.4901463414634147 0.29821138211382114 0.48546341463414633 0.3882926829268292
3 0.14809756097560975 0.004634146341463414 0.14809756097560975 0.04186991869918699 0.15573170731707317 0.06341463414634146 0.16397560975609757 0.07715447154471546 0.1698292682926829 0.07121951219512195 0.17807317073170734 0.037967479674796745 0.181 0.01056910569105691 0.17731707317073173 0 0.14997560975609756 0
3 0.35785365853658535 0.3669918699186992 0.3714634146341464 0.43902439024390244 0.39560975609756094 0.47479674796747967 0.4402439024390244 0.508130081300813 0.4719512195121951 0.5219512195121951 0.47609756097560973 0.4902439024390244 0.48546341463414633 0.3882926829268292 0.4919512195121951 0.2983739837398374 0.48839024390243907 0.25902439024390245 0.48192682926829267 0.15333333333333332 0.4707560975609756 0.0808130081300813 0.44431707317073166 0.037723577235772354 0.4167073170731707 0.01821138211382114 0.3990975609756097 0.0808130081300813 0.38439024390243903 0.13569105691056912 0.37558536585365854 0.17682926829268292
3 0.594609756097561 0.5530081300813008 0.5999024390243902 0.5823577235772357 0.6345609756097561 0.6098373983739838 0.6668780487804878 0.6058536585365853 0.6809756097560975 0.5788617886178862 0.687560975609756 0.5292682926829267 0.6921951219512196 0.44959349593495934 0.6951219512195121 0.37642276422764226 0.6862682926829269 0.2748780487804878 0.6651219512195121 0.25926829268292684 0.6404390243902439 0.2709756097560975 0.6292682926829268 0.29845528455284553 0.6181219512195122 0.3395121951219512 0.61 0.37853658536585366 0.6076585365853658 0.4039837398373984 0.6023658536585366 0.4803252032520325
3 0.6809756097560975 0.5788617886178862 0.6881463414634146 0.6017886178861789 0.7029268292682926 0.6390243902439023 0.7169268292682927 0.6585365853658537 0.7280975609756097 0.6526829268292683 0.7317073170731707 0.6333333333333334 0.7439512195121951 0.5860975609756098 0.7580487804878049 0.4803252032520325 0.7633414634146342 0.4313821138211382 0.7639024390243903 0.4016260162601626 0.7663414634146342 0.36910569105691055 0.7709756097560976 0.3275609756097561 0.772170731707317 0.2630081300813008 0.7533658536585366 0.264959349593496 0.7392682926829269 0.2884552845528455 0.7187073170731708 0.35308943089430894 0.7034146341463414 0.3941463414634146 0.6987317073170732 0.4117886178861789 0.6922682926829268 0.4294308943089431 0.6880487804878049 0.5235772357723578 0.6846341463414634 0.5544715447154471
3 0.5176585365853659 0.8017073170731708 0.5152926829268293 0.835040650406504 0.5117073170731707 0.9349593495934959 0.5194146341463415 0.9544715447154472 0.557 0.9760162601626016 0.5934390243902439 0.9760162601626016 0.5987317073170731 0.8839837398373984 0.5887317073170731 0.8546341463414634 0.5664146341463414 0.8369918699186992 0.5492682926829268 0.8235772357723578 0.5335121951219512 0.819349593495935
3 0.18268292682926832 0 0.1793658536585366 0.10829268292682927 0.18053658536585365 0.16113821138211382 0.1928780487804878 0.17878048780487804 0.204609756097561 0.16308943089430894 0.2151951219512195 0.15138211382113823 0.22756097560975608 0.13739837398373983 0.2281219512195122 0.07300813008130082 0.2287073170731707 0.02991869918699187 0.22926829268292684 0
3 0.36365853658536584 0.656910569105691 0.35853658536585364 0.7097560975609756 0.35609756097560974 0.7878048780487805 0.3613658536585366 0.8213008130081301 0.3854634146341463 0.84869918699187 0.41482926829268296 0.8996747967479675 0.42317073170731706 0.8902439024390244 0.42902439024390243 0.8544715447154471 0.43597560975609756 0.79 0.43951219512195117 0.7273170731707317 0.41778048780487803 0.7116260162601626 0.3989756097560976 0.6900813008130081 0.3913414634146341 0.6803252032520326
3 0.7432439024390244 0.6039024390243902 0.7526585365853657 0.645040650406504 0.7702926829268293 0.6704878048780488 0.7820243902439025 0.6293495934959349 0.7914634146341464 0.5723577235772358 0.8014634146341464 0.44146341463414634 0.8037804878048781 0.394390243902439 0.7996585365853659 0.3336585365853659 0.7785365853658537 0.4024390243902439 0.7626341463414634 0.4413821138211382
3 0.7879024390243903 0.6 0.7967073170731707 0.6273983739837399 0.8043658536585366 0.6254471544715448 0.8160975609756098 0.5882926829268292 0.8301951219512195 0.4883739837398374 0.8349024390243902 0.43943089430894305 0.8331463414634146 0.38065040650406506 0.8296097560975609 0.3297560975609756 0.820219512195122 0.3434959349593496 0.8060975609756098 0.39268292682926825 0.8036585365853659 0.42357723577235773