3 0.8511254019292605 0.3764814814814815 0.8744694533762057 0.3374691358024691 0.8907395498392282 0.2673456790123457 0.9252411575562701 0.21469135802469136 0.9617363344051447 0.2345679012345679 0.9675241157556269 0.3802469135802469 0.9435048231511254 0.5206790123456789 0.9252411575562701 0.5791975308641976 0.9059485530546624 0.585 0.8795498392282959 0.557716049382716 0.8531511254019292 0.5051234567901235 0.8460450160771704 0.44666666666666666
3 0.06128617363344051 0.2985185185185185 0.06942122186495177 0.1912962962962963 0.09073954983922829 0.15432098765432098 0.13945337620578777 0.1737654320987654 0.16180064308681671 0.24006172839506174 0.17295819935691317 0.2985185185185185 0.1648231511254019 0.3550617283950617 0.16688102893890674 0.4037654320987654 0.16990353697749197 0.44666666666666666 0.13234726688102894 0.49537037037037035 0.09774919614147909 0.5067901234567901 0.07144694533762057 0.4856172839506173 0.0602572347266881 0.38425925925925924 0.0592604501607717 0.3491975308641975
3 0.17588424437299036 0.2802469135802469 0.1922829581993569 0.20925925925925926 0.21964630225080387 0.14456790123456792 0.24401929260450161 0.1425925925925926 0.28135048231511256 0.2080246913580247 0.2977491961414791 0.26728395061728394 0.31508038585209003 0.3608641975308642 0.30392282958199357 0.44080246913580245 0.30289389067524114 0.4933950617283951 0.28360128617363345 0.5191358024691358 0.25016077170418005 0.5228395061728395 0.19630225080385852 0.4914814814814815 0.1739871382636656 0.47000000000000003 0.17192926045016077 0.43104938271604937 0.16585209003215434 0.3784567901234568 0.16787781350482314 0.33555555555555555
3 0.2511254019292604 0.649320987654321 0.2627009646302251 0.5314814814814814 0.28681672025723476 0.5216049382716049 0.3032154340836013 0.5 0.3337620578778135 0.558641975308642 0.37009646302250804 0.5740740740740741 0.3742765273311897 0.7518518518518519 0.3235048231511254 0.8510493827160495 0.28086816720257235 0.8315432098765433 0.2554983922829582 0.7360493827160494
3 0.031832797427652736 0.557716049382716 0.021704180064308683 0.6201234567901234 0.021704180064308683 0.6824691358024692 0.04096463022508039 0.7993827160493827 0.07041800643086817 0.760432098765432 0.09784565916398713 0.7058641975308642 0.1212218649517685 0.6851851851851852 0.1242443729903537 0.5733333333333333 0.09276527331189711 0.5129012345679013 0.06128617363344051 0.47975308641975306
3 0.7546945337620579 0.5694444444444444 0.7556913183279743 0.6649382716049382 0.795176848874598 0.8253086419753086 0.8531511254019292 0.846172839506173 0.8633118971061093 0.760432098765432 0.8734726688102893 0.6435185185185185 0.8653376205787782 0.5811111111111111 0.8440192926045016 0.5109876543209877 0.8166237942122186 0.5421604938271605 0.7829581993569131 0.5598765432098766
3 0.5069774919614147 0.561604938271605 0.4988424437299035 0.6161728395061727 0.5090032154340837 0.7195061728395062 0.5242443729903536 0.8150000000000001 0.5435048231511254 0.8559259259259259 0.5567202572347266 0.8539506172839506 0.5739871382636655 0.8208641975308641 0.6013826366559486 0.7526543209876544 0.6084887459807075 0.6961111111111111 0.6206752411575562 0.5928395061728395 0.5707395498392283 0.5845679012345679 0.532475884244373 0.5746913580246913
3 0.38109324758842444 0.5733333333333333 0.38109324758842444 0.6376543209876543 0.39327974276527333 0.7350617283950617 0.4115434083601286 0.7993827160493827 0.4419935691318328 0.8266666666666665 0.4765273311897106 0.8129629629629629 0.48363344051446944 0.7058641975308642 0.4957877813504823 0.6668518518518518 0.48565916398713826 0.5596913580246914 0.4541800643086817 0.5733333333333333 0.40340836012861736 0.5733333333333333
3 0.5110289389067524 0.39401234567901233 0.5303215434083601 0.28685185185185186 0.5689067524115756 0.21080246913580247 0.6064630225080386 0.18938271604938273 0.6481028938906752 0.21469135802469136 0.6785530546623795 0.27901234567901234 0.6968167202572347 0.39987654320987653 0.6917363344051447 0.5031481481481482 0.6927652733118971 0.557716049382716 0.6673633440514469 0.5791975308641976 0.6328617363344051 0.594753086419753 0.6013826366559486 0.594753086419753 0.5577170418006431 0.5791975308641976 0.5221864951768489 0.5733333333333333 0.499871382636656 0.5499382716049382 0.5049517684887459 0.4778395061728395
3 0.31508038585209003 0.3608641975308642 0.32861736334405145 0.2524691358024691 0.3560128617363344 0.1806172839506173 0.38749196141479103 0.16697530864197532 0.42604501607717044 0.1708641975308642 0.4544694533762058 0.2195679012345679 0.4768167202572347 0.2819753086419753 0.4991639871382637 0.3618518518518518 0.5062700964630225 0.4222839506172839 0.5032154340836013 0.5021604938271604 0.4940836012861736 0.5548148148148148 0.44839228295819933 0.574320987654321 0.39154340836012863 0.574320987654321 0.33061093247588424 0.5567283950617283 0.3032154340836013 0.5 0.30829581993569133 0.42814814814814817
3 0.1395498392282958 0.5030864197530864 0.15980707395498392 0.4679012345679012 0.20739549839228297 0.5030864197530864 0.239967845659164 0.5187654320987655 0.2511254019292604 0.544074074074074 0.2511254019292604 0.649320987654321 0.23083601286173636 0.7233950617283951 0.212540192926045 0.8033333333333332 0.18717041800643086 0.8345061728395061 0.15469453376205788 0.846172839506173 0.13437299035369774 0.801358024691358 0.12929260450160773 0.740925925925926 0.122508038585209 0.6253086419753087
3 0.0034083601286173633 0.1971604938271605 0.036913183279742766 0.24006172839506174 0.057234726688102894 0.3141358024691358 0.05823151125401929 0.3687037037037037 0.06636655948553055 0.4135185185185185 0.06839228295819935 0.4544444444444445 0.04096463022508039 0.5167901234567901 0.01662379421221865 0.5226543209876543 0.002411575562700965 0.46419753086419757
3 0.8805787781350483 0.571358024691358 0.8744694533762057 0.625925925925926 0.9008681672025723 0.7311728395061728 0.9465594855305466 0.7993827160493827 0.9709324758842444 0.8091358024691359 0.9831189710610932 0.7097530864197531 0.9790353697749197 0.649320987654321 0.9506109324758842 0.5206790123456789 0.9252411575562701 0.5791975308641976
3 0.9983279742765274 0.27709876543209877 0.9668810289389067 0.39987654320987653 0.954983922829582 0.47530864197530864 0.9514469453376205 0.5141975308641975 0.9723472668810289 0.5814814814814815 1 0.5804938271604939 1 0.37641975308641973
3 0.7018971061093248 0.3901234567901235 0.7282958199356914 0.3141358024691358 0.7526688102893891 0.22833333333333333 0.7719292604501607 0.21469135802469136 0.7993569131832797 0.22055555555555553 0.8257556270096463 0.2595679012345679 0.8450482315112541 0.3472222222222222 0.8490996784565916 0.41154320987654325 0.8481028938906752 0.47000000000000003 0.8440192926045016 0.5109876543209877 0.8328617363344051 0.5304320987654322 0.7887459807073955 0.5549382716049384 0.7343729903536977 0.5674691358024692 0.71 0.5635802469135802 0.6927652733118971 0.557716049382716 0.6927652733118971 0.4778395061728395
3 0.6308360128617363 0.6201234567901234 0.6328617363344051 0.7253703703703704 0.6460450160771704 0.777962962962963 0.6653376205787781 0.8208641975308641 0.7018971061093248 0.8306172839506173 0.7252411575562702 0.7974691358024691 0.7374276527331189 0.6902469135802469 0.742508038585209 0.5811111111111111 0.6927652733118971 0.557716049382716 0.672443729903537 0.5694444444444444