3 0.35823321554770315 0.4210112359550562 0.369469964664311 0.35280898876404493 0.38985865724381624 0.3300561797752809 0.4215194346289753 0.32848314606741574 0.4562544169611308 0.3495505617977528 0.46749116607773855 0.3739325842696629 0.47257950530035336 0.4210112359550562 0.48586572438162545 0.4729213483146068 0.4868904593639576 0.5183707865168539 0.48197879858657244 0.5606741573033708 0.4531802120141343 0.5703370786516854 0.42968197879858655 0.5702247191011236 0.40416961130742046 0.5784831460674157 0.3696113074204947 0.5719101123595506 0.3572438162544169 0.5202247191011236 0.3572438162544169 0.46966292134831455
3 0.4132155477031802 0.5826966292134831 0.41180212014134276 0.6323033707865169 0.42314487632508835 0.6706179775280899 0.45434628975265023 0.6999438202247191 0.47632508833922266 0.6796067415730337 0.48268551236749113 0.6308988764044944 0.48197879858657244 0.5606741573033708 0.4531802120141343 0.5703370786516854 0.42968197879858655 0.5702247191011236 0.4174558303886926 0.5747752808988764
3 0.7993286219081273 0.39825842696629216 0.8258657243816254 0.38039325842696625 0.8350530035335689 0.40151685393258424 0.8360777385159011 0.45994382022471914 0.8299646643109541 0.5102808988764045 0.8217667844522968 0.5378651685393259 0.7982332155477032 0.5460674157303371 0.7829681978798587 0.5119101123595506 0.785017667844523 0.45348314606741574
3 0.3373498233215548 0.5612359550561798 0.3373498233215548 0.6063483146067417 0.34869257950530036 0.667247191011236 0.36925795053003535 0.6931460674157303 0.398339222614841 0.6942696629213483 0.40530035335689046 0.6471910112359551 0.4060070671378092 0.5792134831460674 0.3699646643109541 0.5724719101123595 0.3540636042402827 0.5202247191011236 0.3359363957597173 0.5454494382022472
3 0.4890812720848056 0.548876404494382 0.4904946996466431 0.5984831460674157 0.50113074204947 0.665 0.5238162544169611 0.6841573033707865 0.555017667844523 0.6841573033707865 0.5578798586572438 0.6582022471910112 0.5628268551236749 0.6029775280898876 0.5603886925795053 0.5800561797752809 0.5165017667844523 0.5768539325842696 0.49607773851590103 0.5492134831460674
3 0.7202473498233216 0.5330898876404494 0.7174204946996466 0.5725280898876405 0.7259010600706715 0.6255056179775281 0.7450530035335688 0.6548314606741573 0.770600706713781 0.6706179775280899 0.7861837455830389 0.6751123595505618 0.7932862190812721 0.6255056179775281 0.7925795053003534 0.5871910112359551 0.7812367491166078 0.5398314606741573 0.7666431095406361 0.5451685393258427 0.7370318021201414 0.5500561797752809
3 0.12540636042402828 0.38202247191011235 0.13360424028268553 0.36337078651685395 0.14378091872791518 0.365 0.16014134275618375 0.3844943820224719 0.17646643109540636 0.41533707865168545 0.180565371024735 0.4966292134831461 0.18261484098939929 0.5256741573033707 0.17035335689045936 0.5614044943820226 0.15399293286219082 0.5549438202247191 0.14176678445229682 0.5224719101123596
3 0.1632155477031802 0.581685393258427 0.1733922261484099 0.6482584269662921 0.18462897526501768 0.6693820224719101 0.19381625441696113 0.6303932584269663 0.19586572438162544 0.562247191011236 0.18261484098939929 0.5256741573033707 0.17035335689045936 0.5614044943820226
3 0.6486219081272084 0.547752808988764 0.6465017667844524 0.586067415730337 0.6514487632508834 0.6469101123595506 0.6798233215547703 0.7021910112359551 0.7046289752650177 0.7021910112359551 0.7138515901060071 0.667247191011236 0.7195406360424028 0.6018539325842697 0.716713780918728 0.5375842696629214 0.7053710247349824 0.5026404494382022 0.6982685512367491 0.5003932584269662 0.6829328621908127 0.5297752808988764 0.6665724381625441 0.5443820224719101
3 0.488904593639576 0.46483146067415726 0.49095406360424027 0.39825842696629216 0.5042402826855124 0.34792134831460675 0.539964664310954 0.33168539325842694 0.5736749116607773 0.3300561797752809 0.5991872791519435 0.36252808988764046 0.6093992932862191 0.41938202247191014 0.6175618374558304 0.5167977528089888 0.603286219081272 0.5752247191011236 0.5603886925795053 0.5800561797752809 0.5165017667844523 0.5768539325842696 0.49607773851590103 0.5492134831460674 0.49095406360424027 0.5265168539325843 0.4878798586572438 0.4940449438202247
3 0.08865724381625442 0.37556179775280896 0.09681978798586571 0.44533707865168537 0.11215547703180212 0.4973033707865168 0.13360424028268553 0.5216292134831461 0.14176678445229682 0.5119101123595506 0.1314487632508834 0.4353932584269663 0.12540636042402828 0.38202247191011235 0.09989399293286219 0.35769662921348316
3 0.7053710247349824 0.41123595505617977 0.7115194346289753 0.3698314606741573 0.7401060070671378 0.34876404494382024 0.7758303886925795 0.343876404494382 0.7952296819787986 0.3893258426966292 0.785017667844523 0.468876404494382 0.785017667844523 0.530561797752809 0.7666431095406361 0.5451685393258427 0.7370318021201414 0.5500561797752809 0.7084452296819789 0.5094943820224719 0.7074204946996466 0.45752808988764043
3 0.2628975265017668 0.5275280898876404 0.2565017667844523 0.586067415730337 0.2678445229681979 0.6570786516853933 0.27918727915194347 0.6920224719101123 0.30190812720848054 0.6830337078651685 0.323886925795053 0.6345505617977528 0.3274204946996466 0.5849438202247191 0.3274204946996466 0.5601123595505618 0.2918374558303887 0.5654494382022472 0.27491166077738516 0.548876404494382
3 0.2642756183745583 0.41612359550561795 0.2755123674911661 0.3901685393258427 0.28469964664310954 0.3657865168539326 0.3092226148409894 0.3495505617977528 0.32657243816254417 0.35769662921348316 0.33780918727915193 0.3869101123595506 0.34597173144876325 0.41123595505617977 0.3551236749116608 0.4387640449438202 0.35618374558303884 0.4859550561797753 0.3540636042402827 0.5202247191011236 0.3224734982332156 0.5573595505617978 0.2918374558303887 0.5654494382022472 0.26837455830388696 0.5378651685393259 0.26021201413427564 0.5102808988764045 0.256113074204947 0.479438202247191 0.256113074204947 0.43561797752808995
3 0.17749116607773852 0.4031460674157304 0.17851590106007068 0.36252808988764046 0.21424028268551237 0.34308988764044945 0.25201413427561836 0.38365168539325845 0.25713780918727913 0.4258426966292135 0.256113074204947 0.45994382022471914 0.2581625441696113 0.4989325842696629 0.2642756183745583 0.5216292134831461 0.25201413427561836 0.542752808988764 0.23261484098939927 0.5573595505617978 0.2030035335689046 0.5557303370786517 0.18261484098939929 0.5256741573033707
3 0.19586572438162544 0.562247191011236 0.1989399293286219 0.6182584269662921 0.2050530035335689 0.6620786516853933 0.23162544169611307 0.6734269662921348 0.2438515901060071 0.6376966292134831 0.2510247349823322 0.6052247191011236 0.25201413427561836 0.542752808988764 0.23261484098939927 0.5573595505617978 0.2030035335689046 0.5557303370786517
3 0.5635335689045936 0.5849438202247191 0.5649469964664311 0.6119662921348314 0.5692226148409895 0.6492134831460674 0.5897879858657243 0.6773595505617978 0.6117667844522968 0.6796067415730337 0.6316254416961131 0.6492134831460674 0.6443816254416962 0.5804494382022471 0.6429681978798587 0.5398314606741573 0.6266431095406361 0.5330898876404494 0.6195406360424028 0.5229213483146067 0.603286219081272 0.5752247191011236
3 0.6104240282685512 0.4031460674157304 0.6257950530035336 0.3460674157303371 0.6543462897526502 0.3300561797752809 0.6798586572438162 0.35280898876404493 0.7053710247349824 0.41123595505617977 0.7084452296819789 0.47780898876404493 0.6829328621908127 0.5297752808988764 0.6665724381625441 0.5443820224719101 0.6308480565371025 0.5297752808988764 0.6175618374558304 0.5167977528089888 0.6145229681978799 0.48269662921348316