3 0.8462909090909091 0.423224043715847 0.8626545454545455 0.42213114754098363 0.8786545454545455 0.4308743169398907 0.8924727272727273 0.45109289617486337 0.902290909090909 0.47349726775956286 0.9044727272727272 0.5002732240437159 0.9015636363636363 0.5193989071038251 0.8822909090909091 0.5204918032786885 0.8750181818181818 0.5172131147540984 0.8735636363636363 0.5040983606557377 0.8612000000000001 0.46475409836065573 0.8452000000000001 0.4396174863387978
3 0.6350181818181818 0.6210382513661202 0.6450909090909092 0.6650273224043716 0.6672727272727272 0.6972677595628415 0.6956363636363637 0.7054644808743169 0.7094545454545454 0.6879781420765028 0.7255636363636364 0.6418032786885246 0.7273818181818182 0.5898907103825137 0.7270181818181819 0.5418032786885246 0.7270181818181819 0.5144808743169399 0.7110181818181818 0.4991803278688524 0.6884727272727273 0.49644808743169394 0.6826545454545454 0.49153005464480876 0.6644727272727272 0.4920765027322404 0.640109090909091 0.5013661202185792
3 0.4550181818181818 0.3633333333333333 0.46254545454545454 0.2797814207650273 0.48058181818181817 0.2292896174863388 0.5181818181818182 0.2273224043715847 0.5389090909090909 0.26633879781420766 0.5648363636363637 0.3403825136612022 0.5674181818181818 0.43775956284153006 0.5583636363636364 0.46114754098360655 0.5246545454545455 0.47087431693989074 0.4949090909090909 0.46885245901639344 0.4570909090909091 0.46885245901639344 0.4481818181818182 0.4494535519125683
3 0.5742909090909091 0.3380327868852459 0.5930909090909091 0.273224043715847 0.610909090909091 0.23114754098360654 0.6456 0.21918032786885244 0.6702181818181818 0.23672131147540984 0.6870909090909091 0.293224043715847 0.7000363636363636 0.3614207650273224 0.6987636363636364 0.4354098360655738 0.6857818181818182 0.45879781420765026 0.6209818181818182 0.4666120218579235 0.5872727272727273 0.46284153005464485 0.5730181818181819 0.4218032786885246
3 0.8429090909090909 0.313879781420765 0.8604 0.25721311475409836 0.8733818181818183 0.2312568306010929 0.8852363636363636 0.2783606557377049 0.8852363636363636 0.37087431693989076 0.882 0.4001092896174863 0.8733818181818183 0.41956284153005463 0.8550181818181818 0.40497267759562844 0.8474545454545455 0.4033333333333333
3 0.762290909090909 0.4778688524590164 0.7739272727272728 0.46584699453551914 0.7844727272727272 0.44999999999999996 0.8073818181818182 0.4483606557377049 0.8161090909090909 0.44180327868852454 0.8248363636363637 0.43579234972677594 0.8361090909090909 0.4352459016393443 0.8459272727272727 0.4412568306010929 0.8615636363636364 0.4636612021857923 0.872109090909091 0.5030054644808744 0.8724727272727273 0.5472677595628416 0.8706545454545455 0.5816939890710383 0.8688363636363636 0.5959016393442623 0.8604727272727273 0.5942622950819673 0.8459272727272727 0.6254098360655738 0.8437454545454546 0.6363387978142077 0.8364727272727273 0.657103825136612 0.8230181818181819 0.6581967213114754 0.8037454545454545 0.6603825136612022 0.7928363636363637 0.6598360655737705 0.7890909090909091 0.6579234972677596 0.7892 0.6150273224043715 0.7847272727272727 0.5622950819672131 0.7832727272727273 0.5344262295081967 0.7804727272727272 0.5057377049180328
3 0.24767272727272727 0.47950819672131145 0.2250909090909091 0.5409836065573771 0.2229090909090909 0.5868852459016394 0.24443636363636365 0.6142076502732241 0.25745454545454544 0.5978142076502733 0.2573818181818182 0.508688524590164 0.26385454545454545 0.48923497267759564
3 0.4048363636363636 0.5412568306010929 0.4081090909090909 0.5062841530054645 0.45792727272727274 0.5062841530054645 0.46956363636363635 0.5062841530054645 0.4713818181818182 0.5128415300546447 0.46701818181818183 0.5193989071038251 0.46701818181818183 0.5538251366120218 0.47792727272727276 0.6019125683060109 0.48556363636363636 0.6259562841530054 0.47719999999999996 0.6450819672131147 0.4717454545454545 0.6702185792349727 0.4706545454545455 0.6811475409836066 0.4568363636363636 0.6795081967213115 0.4521090909090909 0.7084699453551913 0.43865454545454546 0.7030054644808743 0.4321090909090909 0.6893442622950819 0.42774545454545454 0.6691256830601093 0.42374545454545454 0.6489071038251366 0.4182909090909091 0.6379781420765027 0.4102909090909091 0.6084699453551913 0.40701818181818183 0.589344262295082 0.40338181818181823 0.5620218579234972
3 0.3570909090909091 0.5224043715846994 0.36472727272727273 0.5139890710382514 0.376 0.4961748633879781 0.39349090909090906 0.486775956284153 0.3966181818181818 0.4989617486338798 0.4016363636363636 0.5159016393442623 0.40287272727272727 0.5628415300546448 0.41163636363636363 0.6163934426229508 0.41600000000000004 0.6323497267759562 0.40661818181818177 0.6511475409836065 0.40661818181818177 0.6718579234972678 0.4041090909090909 0.700928961748634 0.37472727272727274 0.7037704918032787 0.3503636363636363 0.6981420765027323 0.34603636363636364 0.6821857923497268 0.34847272727272727 0.6652459016393443 0.3509818181818182 0.6436612021857924 0.3478545454545454 0.603224043715847 0.3509818181818182 0.5562841530054644
3 0.19705454545454545 0.30683060109289617 0.19836363636363635 0.3633333333333333 0.21003636363636363 0.40617486338797815 0.2242909090909091 0.4139890710382514 0.2242909090909091 0.35163934426229504 0.22298181818181817 0.32049180327868854
3 0.8882909090909091 0.39021857923497266 0.9066545454545455 0.3853005464480875 0.9228363636363637 0.34147540983606556 0.9228363636363637 0.30901639344262294 0.9217454545454545 0.263551912568306 0.9023272727272726 0.2294535519125683 0.8893454545454546 0.2506010928961749 0.8828727272727273 0.2668306010928962
3 0.26032727272727274 0.5215300546448087 0.25847272727272724 0.6060655737704918 0.26283636363636365 0.6351912568306011 0.28098181818181817 0.6502185792349726 0.28847272727272727 0.6417486338797814 0.29101818181818184 0.603224043715847 0.2947272727272727 0.538415300546448 0.2984727272727273 0.5206010928961748 0.3034909090909091 0.5008743169398907 0.2947272727272727 0.49240437158469946 0.2865818181818182 0.4914754098360656 0.2690909090909091 0.5055737704918033
3 0.37727272727272726 0.3340983606557377 0.39021818181818185 0.26398907103825137 0.4032 0.2503825136612022 0.43298181818181813 0.27765027322404373 0.44076363636363636 0.3224590163934426 0.4550181818181818 0.3633333333333333 0.4447272727272727 0.45683060109289614 0.4058181818181818 0.4743169398907104 0.3770909090909091 0.4666666666666667 0.3642909090909091 0.4451366120218579
3 0.258 0.34387978142076503 0.27094545454545454 0.28540983606557374 0.2917090909090909 0.3282513661202186 0.29818181818181816 0.37502732240437153 0.30207272727272727 0.45295081967213113 0.2917090909090909 0.4763387978142077 0.27094545454545454 0.48409836065573775 0.26149090909090905 0.4533333333333333 0.2640727272727273 0.43775956284153006 0.2550181818181818 0.3987978142076503 0.2524 0.35983606557377046
3 0.7153818181818181 0.4980874316939891 0.7175636363636364 0.48661202185792346 0.7284727272727273 0.48278688524590163 0.7350181818181818 0.46584699453551914 0.7534545454545454 0.46939890710382515 0.7692 0.48661202185792346 0.7812 0.5073770491803279 0.7859272727272727 0.5598360655737705 0.7884727272727273 0.6057377049180328 0.7888363636363637 0.6691256830601093 0.7884727272727273 0.7095628415300547 0.7655636363636363 0.7084699453551913 0.7532 0.7084699453551913 0.7390181818181818 0.6860655737704918 0.7277454545454546 0.648360655737705 0.7273818181818182 0.6379781420765027 0.7273818181818182 0.5953551912568306 0.7284727272727273 0.5314207650273224 0.7281090909090908 0.5155737704918032 0.7161090909090909 0.5030054644808744
3 0.7781818181818182 0.2896174863387978 0.7899636363636364 0.2538251366120219 0.8105454545454546 0.20491803278688525 0.8385818181818182 0.21 0.8439636363636364 0.25704918032786883 0.8429090909090909 0.313879781420765 0.8461454545454545 0.412896174863388 0.8396727272727272 0.4324043715846994 0.8115636363636364 0.4259016393442623 0.7930909090909091 0.4 0.7847272727272727 0.40327868852459015
3 0.2984727272727273 0.5243169398907104 0.30665454545454546 0.5102185792349727 0.31963636363636366 0.4972677595628415 0.3367272727272727 0.5081967213114754 0.35600000000000004 0.5251366120218579 0.35159999999999997 0.5515846994535519 0.34847272727272727 0.6022950819672132 0.34912727272727273 0.6474316939890711 0.32534545454545455 0.6990710382513662 0.30785454545454544 0.700928961748634 0.29345454545454547 0.6643169398907104 0.29101818181818184 0.6474316939890711
3 0.22298181818181817 0.32049180327868854 0.2290909090909091 0.3014207650273224 0.24465454545454546 0.30333333333333334 0.2550181818181818 0.31699453551912565 0.2524 0.35983606557377046 0.2550181818181818 0.3987978142076503 0.2640727272727273 0.43775956284153006 0.26149090909090905 0.4533333333333333 0.24465454545454546 0.4591803278688525 0.23298181818181815 0.4514207650273224
3 0.47392727272727275 0.509016393442623 0.49454545454545457 0.5021857923497268 0.5247272727272728 0.5027322404371585 0.5490909090909091 0.4989071038251366 0.5539272727272728 0.5724043715846995 0.5589090909090909 0.6344262295081967 0.5549090909090909 0.6546448087431694 0.5488363636363637 0.6909836065573771 0.5404727272727272 0.7106557377049181 0.5219272727272727 0.7062841530054644 0.5077454545454545 0.6997267759562842 0.500109090909091 0.6751366120218579 0.49538181818181815 0.6467213114754098 0.48956363636363637 0.6363387978142077 0.4859272727272727 0.6265027322404372 0.4775636363636364 0.6013661202185793 0.4706545454545455 0.575136612021858 0.4677454545454545 0.5532786885245902 0.4677454545454545 0.5183060109289617
3 0.30334545454545453 0.28153005464480874 0.29563636363636364 0.3284153005464481 0.30207272727272727 0.3984153005464481 0.3032727272727273 0.45683060109289614 0.3150181818181818 0.4899453551912568 0.33967272727272724 0.48409836065573775 0.3642909090909091 0.4451366120218579 0.3720727272727272 0.34579234972677597 0.35927272727272724 0.3010928961748634 0.3331636363636364 0.2561748633879782
3 0.5534545454545454 0.4972677595628415 0.5546545454545455 0.562568306010929 0.5592727272727274 0.6218579234972678 0.5632727272727273 0.6622950819672131 0.5735636363636363 0.6680327868852459 0.584 0.6994535519125683 0.6124727272727273 0.7062841530054644 0.6208363636363636 0.6953551912568307 0.6252 0.6811475409836066 0.6273818181818182 0.655464480874317 0.633090909090909 0.6158469945355192 0.6378181818181818 0.5579234972677596 0.6372 0.5008196721311475 0.6244727272727273 0.49863387978142076 0.5982909090909091 0.4991803278688524 0.5910181818181818 0.49863387978142076 0.5735636363636363 0.5002732240437159 0.5614545454545454 0.4972677595628415
3 0.6927272727272727 0.31311475409836065 0.7035272727272727 0.25704918032786883 0.7197454545454546 0.22786885245901642 0.7564727272727273 0.2506010928961749 0.7767272727272727 0.29453551912568304 0.7814545454545455 0.34863387978142074 0.7856363636363637 0.409672131147541 0.7712727272727272 0.43224043715846994 0.7607272727272727 0.42240437158469946 0.7478181818181818 0.4291803278688525 0.7261818181818182 0.4344262295081967 0.7089454545454545 0.4259016393442623 0.7035272727272727 0.4161748633879781 0.7000363636363636 0.3614207650273224