3 0.2488793103448276 0.368961038961039 0.24715517241379312 0.4248051948051948 0.2488793103448276 0.4442857142857143 0.25146551724137933 0.4728571428571428 0.25862068965517243 0.4857142857142857 0.2704310344827586 0.49103896103896105 0.29137931034482756 0.48311688311688317 0.2971551724137931 0.4676623376623376 0.2971551724137931 0.43259740259740265 0.29370689655172416 0.4157142857142857 0.2868103448275862 0.39883116883116887 0.28077586206896554 0.3767532467532468 0.260948275862069 0.3507792207792208 0.25663793103448274 0.3442857142857143
3 0.6350862068965517 0.517012987012987 0.6247413793103448 0.542987012987013 0.625603448275862 0.5663636363636364 0.625 0.6207792207792208 0.6359482758620689 0.6702597402597402 0.6876724137931034 0.7248051948051948 0.6945689655172413 0.7066233766233766 0.6919827586206896 0.6585714285714286 0.6885344827586207 0.6248051948051948 0.6842241379310345 0.594935064935065 0.6799137931034483 0.5676623376623376 0.6781896551724138 0.5455844155844155 0.6773275862068965 0.5312987012987013 0.6747413793103448 0.5014285714285714 0.6635344827586207 0.4858441558441558 0.6531896551724138 0.4988311688311688
3 0.7592241379310344 0.4118181818181818 0.7592241379310344 0.442987012987013 0.7592241379310344 0.4585714285714286 0.7557758620689655 0.49103896103896105 0.7583620689655173 0.5066233766233766 0.7661206896551724 0.5079220779220779 0.7833620689655173 0.5105194805194806 0.7902586206896551 0.49623376623376625 0.7980172413793103 0.46896103896103897 0.8014655172413793 0.43909090909090914 0.8031896551724138 0.4014285714285714 0.7997413793103448 0.3819480519480519 0.7971551724137931 0.3806493506493506
3 0.30232758620689654 0.2364935064935065 0.29370689655172416 0.27545454545454545 0.29370689655172416 0.3131168831168831 0.29370689655172416 0.35207792207792205 0.29370689655172416 0.3871428571428571 0.29801724137931035 0.4105194805194805 0.31439655172413794 0.43 0.34887931034482755 0.4377922077922078 0.37646551724137933 0.43389610389610384 0.3911206896551724 0.4248051948051948 0.3997413793103448 0.3923376623376624 0.40663793103448276 0.342987012987013 0.4152586206896552 0.28454545454545455 0.4178448275862069 0.26766233766233766 0.4152586206896552 0.242987012987013 0.39370689655172414 0.21571428571428572 0.3523275862068965 0.19883116883116883 0.3221551724137931 0.19623376623376623
3 0.2945689655172414 0.5962337662337662 0.2971551724137931 0.6585714285714286 0.29974137931034484 0.7014285714285714 0.3100862068965517 0.7287012987012987 0.34456896551724137 0.7936363636363636 0.37215517241379314 0.781948051948052 0.38249999999999995 0.7663636363636364 0.3842241379310345 0.7092207792207792 0.3868103448275862 0.633896103896104 0.3833620689655172 0.6131168831168832 0.3799137931034483 0.5936363636363636 0.3681034482758621 0.5441558441558442 0.3586206896551724 0.5142857142857143 0.3506034482758621 0.49753246753246755 0.33336206896551723 0.5235064935064936
3 0.704051724137931 0.517012987012987 0.7273275862068966 0.5157142857142857 0.7462931034482758 0.5144155844155844 0.7586206896551724 0.5116883116883116 0.7560344827586207 0.48961038961038966 0.7592241379310344 0.41961038961038966 0.7549137931034482 0.3949350649350649 0.7419827586206896 0.42740259740259734
3 0.36956896551724133 0.5442857142857143 0.37215517241379314 0.5222077922077922 0.3773275862068966 0.5183116883116883 0.3954310344827586 0.5118181818181817 0.4014655172413793 0.5105194805194806 0.40836206896551724 0.5131168831168831 0.4178448275862069 0.5325974025974026 0.42474137931034484 0.5611688311688312 0.42560344827586205 0.5923376623376624 0.42301724137931035 0.6118181818181818 0.4118103448275862 0.6248051948051948 0.3945689655172414 0.6235064935064935 0.3902586206896552 0.6235064935064935 0.38767241379310347 0.6248051948051948
3 0.6583620689655173 0.3806493506493506 0.6592241379310345 0.34818181818181815 0.6721551724137931 0.30272727272727273 0.6807758620689655 0.28584415584415584 0.6954310344827587 0.26116883116883116 0.7006034482758621 0.26116883116883116 0.7178448275862068 0.27545454545454545 0.729051724137931 0.29883116883116884 0.735948275862069 0.32870129870129866 0.7454310344827586 0.3598701298701299 0.7497413793103448 0.3936363636363636 0.7437068965517241 0.42090909090909084 0.7325 0.4481818181818182 0.721551724137931 0.47662337662337667 0.7100862068965518 0.5027272727272727 0.7006034482758621 0.5157142857142857 0.6807758620689655 0.5196103896103896 0.6764655172413793 0.5014285714285714 0.6661206896551723 0.4611688311688311
3 0.4911206896551724 0.517012987012987 0.49456896551724133 0.652077922077922 0.4997413793103448 0.6676623376623376 0.5143965517241379 0.6728571428571429 0.5221551724137931 0.6676623376623376 0.5411206896551725 0.6416883116883116 0.5480172413793103 0.6312987012987012 0.5592241379310345 0.6001298701298702 0.5626724137931034 0.5715584415584415 0.5661206896551725 0.5183116883116883 0.4988793103448276 0.5287012987012987
3 0.5962931034482759 0.4144155844155844 0.5954310344827586 0.4728571428571428 0.5824999999999999 0.5105194805194806 0.5712931034482758 0.5209090909090909 0.6075 0.5222077922077922 0.6299137931034482 0.517012987012987 0.6428448275862069 0.5131168831168831 0.6575 0.4936363636363636 0.6618103448275862 0.47545454545454546 0.6643965517241379 0.44558441558441564 0.6592241379310345 0.4144155844155844 0.6575 0.3884415584415584 0.6557758620689654 0.37805194805194803 0.6480172413793104 0.3767532467532468 0.6419827586206897 0.3767532467532468 0.6204310344827586 0.3923376623376624
3 0.25060344827586206 0.5546753246753247 0.25146551724137933 0.5715584415584415 0.25146551724137933 0.581948051948052 0.25146551724137933 0.5845454545454545 0.2549137931034483 0.5975324675324675 0.27818965517241384 0.6066233766233766 0.2885344827586207 0.6014285714285714 0.29974137931034484 0.5923376623376624 0.31353448275862067 0.5663636363636364 0.31525862068965516 0.5585714285714285 0.3204310344827586 0.5507792207792207 0.3307758620689655 0.5312987012987013 0.3402586206896552 0.5157142857142857 0.3506034482758621 0.49753246753246755 0.35922413793103447 0.48844155844155845 0.37215517241379314 0.47805194805194806 0.3738793103448276 0.46506493506493507 0.3712931034482759 0.4312987012987013 0.34801724137931034 0.43909090909090914 0.3161206896551724 0.4312987012987013 0.2988793103448276 0.40922077922077926 0.29370689655172416 0.4157142857142857 0.29629310344827586 0.4287012987012987 0.29629310344827586 0.4611688311688311 0.29137931034482756 0.48441558441558435 0.26870689655172414 0.49103896103896105
3 0.40836206896551724 0.5118181818181817 0.4195689655172414 0.5312987012987013 0.42474137931034484 0.5598701298701299 0.4281896551724138 0.6157142857142857 0.4747413793103448 0.6637662337662338 0.4962931034482759 0.665064935064935 0.49456896551724133 0.6105194805194805 0.49198275862068963 0.5274025974025974 0.49025862068965514 0.517012987012987 0.4652586206896552 0.5118181818181817 0.4281896551724138 0.5118181818181817 0.40836206896551724 0.5014285714285714
3 0.5342241379310345 0.3338961038961039 0.5187068965517242 0.36116883116883114 0.510948275862069 0.3793506493506494 0.504051724137931 0.3923376623376624 0.4885344827586207 0.4105194805194805 0.4911206896551724 0.5105194805194806 0.4988793103448276 0.5261038961038961 0.5488793103448276 0.5222077922077922 0.5738793103448275 0.517012987012987 0.5868103448275861 0.5066233766233766 0.5954310344827586 0.47805194805194806 0.5971551724137931 0.43909090909090914 0.5980172413793103 0.39883116883116887 0.5937068965517242 0.35857142857142854 0.5928448275862068 0.33519480519480516 0.5902586206896552 0.3183116883116883 0.5419827586206897 0.3144155844155844
3 0.4178448275862069 0.29753246753246754 0.4006034482758621 0.3923376623376624 0.3954310344827586 0.43259740259740265 0.3902586206896552 0.4585714285714286 0.4006034482758621 0.49623376623376625 0.42991379310344824 0.5118181818181817 0.4661206896551724 0.5118181818181817 0.49198275862068963 0.517012987012987 0.4911206896551724 0.4507792207792208 0.4911206896551724 0.417012987012987 0.4988793103448276 0.3936363636363636 0.4911206896551724 0.36116883116883114 0.48422413793103447 0.3364935064935065 0.46784482758620693 0.30922077922077923 0.4575 0.29883116883116884
3 0.20836206896551726 0.5416883116883117 0.21698275862068966 0.5663636363636364 0.22732758620689655 0.5767532467532467 0.23793103448275862 0.5753246753246752 0.24913793103448276 0.5740259740259741 0.2531896551724138 0.555974025974026 0.2583620689655172 0.5325974025974026 0.26525862068965517 0.5092207792207792 0.26698275862068965 0.49753246753246755 0.260948275862069 0.4936363636363636 0.2549137931034483 0.49103896103896105 0.25232758620689655 0.48194805194805196 0.2428448275862069 0.4728571428571428 0.24112068965517242 0.4728571428571428 0.23939655172413793 0.4793506493506493 0.23336206896551726 0.4858441558441558 0.22129310344827588 0.49753246753246755 0.21784482758620688 0.5014285714285714
3 0.6767241379310345 0.5363636363636364 0.6793103448275862 0.5636363636363636 0.6827586206896552 0.5857142857142857 0.6896551724137931 0.6155844155844156 0.7187068965517242 0.6131168831168832 0.7560344827586207 0.6402597402597402 0.7758620689655172 0.6090909090909091 0.7850862068965516 0.5741558441558442 0.7971551724137931 0.5364935064935066 0.7893965517241379 0.5222077922077922 0.7807758620689654 0.5144155844155844 0.7678448275862069 0.5157142857142857 0.750603448275862 0.5157142857142857 0.7480172413793104 0.5157142857142857 0.7376724137931034 0.517012987012987 0.7017241379310345 0.5155844155844156 0.678448275862069 0.5220779220779221
3 0.5678448275862069 0.5222077922077922 0.5643965517241379 0.5767532467532467 0.5669827586206896 0.6053246753246753 0.5773275862068965 0.6248051948051948 0.6100862068965517 0.6390909090909092 0.6230172413793104 0.6325974025974026 0.6230172413793104 0.5676623376623376 0.6230172413793104 0.5494805194805195 0.6204310344827586 0.5196103896103896 0.5876724137931034 0.5209090909090909