3 0.5027333333333334 0.4225 0.4996 0.47509999999999997 0.49899999999999994 0.49485 0.5052666666666668 0.5117499999999999 0.5146333333333333 0.5221 0.5428333333333333 0.52395 0.5704 0.52395 0.5998333333333333 0.5202 0.623 0.50515 0.6330333333333333 0.45539999999999997 0.6305000000000001 0.415 0.628 0.38775 0.6273666666666667 0.37549999999999994 0.6236333333333334 0.36235 0.6079666666666667 0.3248 0.6023333333333333 0.30879999999999996 0.5967 0.29475 0.5866666666666667 0.28345 0.5766666666666667 0.2825 0.5528666666666667 0.29095 0.5528666666666667 0.29095 0.5353 0.31445 0.5127666666666667 0.36424999999999996
3 0.8309333333333333 0.32665 0.8228 0.33325000000000005 0.8171666666666667 0.34450000000000003 0.8065 0.3652 0.7933666666666667 0.3962 0.7902333333333333 0.40185000000000004 0.7889666666666667 0.4253 0.7852 0.45159999999999995 0.7846 0.46665 0.7858333333333334 0.48450000000000004 0.7914666666666667 0.4986 0.7939666666666667 0.5089 0.8015 0.5202 0.8159000000000001 0.52115 0.8240333333333334 0.5164500000000001 0.8340666666666666 0.4939 0.8415666666666667 0.44880000000000003 0.8459666666666666 0.42155000000000004 0.8453333333333333 0.39244999999999997 0.8428333333333333 0.3699 0.8384333333333334 0.3492 0.8371999999999999 0.3389
3 0.8874000000000001 0.52165 0.8936666666666667 0.5514 0.8988666666666667 0.5694 0.9041 0.5843 0.9349000000000001 0.5945 0.9479333333333333 0.6093500000000001 0.9583666666666666 0.59995 0.9620333333333334 0.56475 0.9630666666666667 0.53265 0.9578666666666668 0.51695 0.9516000000000001 0.50835 0.9427 0.49975 0.9354 0.4919 0.9187000000000001 0.4841 0.9124333333333334 0.47859999999999997 0.9093000000000001 0.50365
3 0.8284 0.51385 0.8299666666666667 0.54045 0.8362333333333334 0.57175 0.8446 0.5921500000000001 0.8550333333333333 0.6078 0.8722666666666666 0.6125 0.8852999999999999 0.6211 0.902 0.6219 0.9030333333333335 0.59995 0.9041 0.589 0.9015 0.5749 0.8957333333333334 0.5569 0.8852999999999999 0.52165 0.8706999999999999 0.52635 0.8613 0.524 0.8571333333333333 0.5146000000000001
3 0.2402 0.4919 0.23813333333333334 0.5107 0.22089999999999999 0.5428000000000001 0.21723333333333333 0.5788 0.2188 0.60465 0.22300000000000003 0.6203 0.23343333333333333 0.6383 0.24333333333333335 0.6399 0.26003333333333334 0.61405 0.2642333333333333 0.6015 0.2725666666666667 0.5843 0.2778 0.56865 0.27986666666666665 0.55455 0.2840666666666667 0.51225 0.29656666666666665 0.48485 0.29656666666666665 0.46765 0.2845666666666667 0.48485 0.2637 0.51225 0.25066666666666665 0.50915
3 0.4187 0.5303 0.4234 0.5788 0.42863333333333337 0.6093500000000001 0.44166666666666665 0.64615 0.4578666666666667 0.6712 0.4834333333333333 0.6657 0.4938666666666667 0.6297 0.4996 0.5483 0.49803333333333333 0.5075999999999999 0.4928333333333333 0.49895 0.4860333333333333 0.5107 0.47350000000000003 0.52165 0.4187 0.5247999999999999
3 0.9181999999999999 0.41850000000000004 0.9159666666666667 0.4422 0.9129666666666666 0.47490000000000004 0.9174666666666667 0.485 0.931 0.48955 0.9332333333333335 0.48955 0.9445000000000001 0.49515 0.9602999999999999 0.49405 0.9708333333333333 0.47825 0.9806 0.4501 0.9835999999999999 0.41850000000000004 0.9881 0.3734 0.9888666666666668 0.34185000000000004 0.9858666666666667 0.33735 0.9760666666666666 0.35085 0.9527999999999999 0.37229999999999996 0.9377666666666666 0.38695 0.9212333333333333 0.40950000000000003
3 0.20963333333333334 0.33604999999999996 0.19523333333333334 0.38020000000000004 0.19836666666666666 0.46005 0.20463333333333333 0.51925 0.21403333333333333 0.5296 0.23093333333333332 0.52115 0.23843333333333333 0.5033 0.24033333333333332 0.4892 0.23906666666666665 0.46854999999999997 0.2372 0.446 0.2378333333333333 0.415 0.2372 0.39335000000000003 0.23406666666666667 0.3746 0.2322 0.3586 0.22966666666666669 0.3483 0.2240333333333333 0.33795000000000003 0.21526666666666666 0.3323
3 0.09676666666666667 0.3475 0.09946666666666666 0.43005000000000004 0.10936666666666667 0.46655 0.12200000000000001 0.48955 0.13103333333333333 0.4882 0.14816666666666667 0.4882 0.15536666666666665 0.46655 0.15626666666666666 0.45575000000000004 0.15266666666666664 0.44625 0.14906666666666665 0.4192 0.14816666666666667 0.40299999999999997 0.14816666666666667 0.39485 0.14093333333333333 0.37455 0.13283333333333333 0.35969999999999996 0.12380000000000001 0.35424999999999995
3 0.2434666666666667 0.2985 0.23843333333333333 0.3248 0.23593333333333333 0.3586 0.23593333333333333 0.37270000000000003 0.2372 0.39149999999999996 0.2397 0.40275 0.2397 0.41875 0.2397 0.43284999999999996 0.24033333333333332 0.4629 0.24033333333333332 0.48075 0.2441 0.49575 0.24973333333333333 0.50705 0.26163333333333333 0.5127 0.2854333333333333 0.4826 0.29733333333333334 0.46475 0.29733333333333334 0.41969999999999996 0.2992 0.39149999999999996 0.29356666666666664 0.35109999999999997 0.2898 0.33045 0.2848 0.3135 0.26413333333333333 0.29755 0.2622333333333333 0.2966 0.2597333333333333 0.2938
3 0.8716333333333334 0.36615000000000003 0.8572333333333334 0.37835 0.8484666666666666 0.38865 0.8466 0.39899999999999997 0.8472 0.415 0.8472 0.43375 0.8415666666666667 0.4629 0.8390666666666666 0.47509999999999997 0.8340666666666666 0.49670000000000003 0.8334333333333334 0.50515 0.8440666666666666 0.50515 0.8559666666666668 0.5014 0.8622333333333334 0.49015000000000003 0.8697666666666667 0.4657 0.8697666666666667 0.43755000000000005 0.8697666666666667 0.41875
3 0.7595333333333334 0.29285 0.7489 0.3107 0.737 0.32854999999999995 0.7263333333333334 0.35485 0.7188333333333333 0.3746 0.7138 0.3849 0.7119333333333334 0.38865 0.7119333333333334 0.40369999999999995 0.7094333333333334 0.47605 0.7232000000000001 0.49765 0.737 0.5155 0.7451333333333333 0.5183 0.7626666666666667 0.5089 0.7714333333333333 0.4864 0.7814666666666666 0.4629 0.7864666666666666 0.4366 0.7877 0.40935000000000005 0.7877 0.3849 0.7877 0.36615000000000003 0.7871 0.34450000000000003 0.7846 0.3276 0.7802 0.3126 0.7770666666666667 0.29475 0.7770666666666667 0.29475
3 0.6676666666666667 0.5013000000000001 0.6687000000000001 0.58745 0.6859333333333333 0.6132500000000001 0.6989666666666666 0.6375500000000001 0.7114999999999999 0.65945 0.7370666666666666 0.672 0.747 0.6712 0.7490666666666667 0.6258 0.7475333333333333 0.6156 0.7444 0.57805 0.7444 0.56785 0.7344666666666667 0.53105 0.7261333333333333 0.5193 0.7198666666666667 0.5013000000000001 0.7114999999999999 0.488 0.7073333333333333 0.4794 0.6989666666666666 0.488 0.6875 0.49034999999999995 0.6822666666666667 0.49424999999999997 0.6702666666666667 0.49585
3 0.12553333333333333 0.49725 0.11030000000000001 0.53585 0.10706666666666666 0.5581499999999999 0.11286666666666667 0.5859000000000001 0.12226666666666666 0.59565 0.14403333333333335 0.5771999999999999 0.16466666666666666 0.55055 0.17013333333333333 0.5288 0.17483333333333334 0.5065 0.1625 0.494 0.15453333333333333 0.48965000000000003 0.15236666666666668 0.48965000000000003 0.13893333333333333 0.48965000000000003 0.128 0.4915
3 0.5883333333333334 0.52635 0.588 0.5954999999999999 0.6212000000000001 0.69 0.6488666666666667 0.70015 0.6608666666666666 0.69075 0.6614 0.6727500000000001 0.6650666666666667 0.625 0.6655666666666666 0.5984 0.6666333333333334 0.58745 0.6671333333333332 0.4966 0.652 0.4919 0.6374 0.4833 0.6332333333333333 0.47314999999999996 0.6295666666666667 0.4739 0.6243333333333334 0.5021
3 0.36233333333333334 0.4841 0.35400000000000004 0.5075999999999999 0.34876666666666667 0.5334 0.3461666666666666 0.5608 0.3524333333333333 0.643 0.35400000000000004 0.6609999999999999 0.3634 0.67435 0.378 0.6829500000000001 0.38166666666666665 0.68375 0.39053333333333334 0.672 0.39993333333333336 0.6531999999999999 0.41296666666666665 0.62815 0.4202666666666667 0.6093500000000001 0.4234 0.5921500000000001 0.4187 0.5256000000000001 0.39626666666666666 0.524 0.3827 0.5177499999999999 0.3748666666666666 0.506 0.3665 0.47155
3 0.20679999999999998 0.52715 0.2016 0.5529999999999999 0.1969 0.57335 0.19426666666666667 0.5921500000000001 0.19376666666666667 0.61795 0.19376666666666667 0.6328499999999999 0.21723333333333333 0.58745 0.22036666666666666 0.54515 0.2303 0.52325 0.2141 0.5295000000000001
3 0.6656 0.29285 0.6480333333333334 0.3417 0.6374 0.37835 0.6330333333333333 0.3962 0.6292666666666666 0.4131 0.6305000000000001 0.43939999999999996 0.6330333333333333 0.4629 0.6361666666666667 0.4817 0.6467999999999999 0.4892 0.6580666666666666 0.4939 0.6775 0.49485 0.6906333333333333 0.48825 0.6950333333333333 0.48825 0.7075333333333333 0.47700000000000004 0.7100666666666667 0.4535 0.7106666666666667 0.41405000000000003 0.7081666666666666 0.368 0.7056666666666667 0.34545000000000003 0.7012999999999999 0.32384999999999997 0.6981666666666666 0.30975 0.6906333333333333 0.29285 0.6862666666666667 0.2891
3 0.318 0.3248 0.30106666666666665 0.38775 0.29606666666666664 0.461 0.30233333333333334 0.47885 0.3154666666666667 0.49200000000000005 0.3324 0.49670000000000003 0.3480666666666667 0.49295 0.36306666666666665 0.48075 0.37496666666666667 0.42815 0.37810000000000005 0.39899999999999997 0.37623333333333336 0.38775 0.36933333333333335 0.3652 0.36433333333333334 0.34450000000000003 0.36056666666666665 0.33045 0.34180000000000005 0.3135 0.33426666666666666 0.3126
3 0.176 0.5146000000000001 0.16923333333333335 0.5357500000000001 0.16193333333333332 0.55455 0.1588 0.5671 0.15826666666666667 0.5882000000000001 0.17756666666666668 0.5937 0.1901 0.5913499999999999 0.19273333333333334 0.5796 0.20366666666666666 0.53265 0.20523333333333332 0.5201 0.20473333333333335 0.5146000000000001 0.19533333333333333 0.5201 0.18176666666666666 0.5075999999999999
3 0.7365666666666667 0.52245 0.7365666666666667 0.535 0.7402 0.55455 0.7495999999999999 0.5749 0.7595333333333334 0.5835 0.7663 0.60075 0.7715333333333334 0.61795 0.783 0.64535 0.8007666666666666 0.64535 0.8122333333333333 0.63125 0.8132666666666666 0.59525 0.8039 0.5303 0.8023333333333333 0.51855 0.7939666666666667 0.50915 0.7856333333333333 0.4841 0.7835333333333333 0.4598 0.7751666666666667 0.47784999999999994 0.762 0.5105
3 0.8028333333333333 0.52635 0.8065 0.54985 0.8112 0.57805 0.8138 0.59525 0.8232 0.6085499999999999 0.8326 0.6258 0.8456333333333333 0.63125 0.8472 0.61795 0.8472 0.59685 0.8456333333333333 0.59055 0.8393666666666667 0.57645 0.8331000000000001 0.5529999999999999 0.8289333333333334 0.535 0.8284 0.52165 0.8273666666666667 0.51695 0.8169333333333334 0.52165 0.8054666666666667 0.5209
3 0.3994 0.3079 0.38123333333333337 0.37645 0.3775 0.40465 0.3662 0.46854999999999997 0.37373333333333336 0.5014 0.3818666666666667 0.5174 0.39626666666666666 0.5249 0.43196666666666667 0.5249 0.44889999999999997 0.52395 0.4727 0.5221 0.48146666666666665 0.5164500000000001 0.49146666666666666 0.49955 0.4958666666666666 0.48450000000000004 0.5015 0.44784999999999997 0.49649999999999994 0.4065 0.49146666666666666 0.38865 0.4852 0.37174999999999997 0.4764333333333334 0.3464 0.4720666666666667 0.33604999999999996 0.46580000000000005 0.31915 0.4576666666666667 0.30035 0.4451333333333333 0.28535 0.4363666666666667 0.28535 0.4332333333333333 0.28535 0.4069333333333333 0.2985
3 0.29969999999999997 0.47859999999999997 0.28563333333333335 0.50835 0.28300000000000003 0.5436 0.2819666666666667 0.5740999999999999 0.28040000000000004 0.59525 0.28040000000000004 0.6203 0.28300000000000003 0.6524 0.2877 0.66805 0.2971 0.67825 0.31223333333333336 0.6657 0.3216333333333333 0.64535 0.32996666666666663 0.6265999999999999 0.3404333333333333 0.59525 0.3430333333333333 0.57645 0.3467 0.55455 0.3519 0.50995 0.3607666666666667 0.48255000000000003 0.35136666666666666 0.48955 0.33466666666666667 0.4966 0.31693333333333334 0.4935
3 0.8573333333333333 0.5042 0.8603333333333334 0.5211 0.8678666666666667 0.5256000000000001 0.8821333333333333 0.52225 0.8979333333333334 0.5132 0.9084333333333332 0.5053 0.9114333333333333 0.4805 0.9122000000000001 0.43655 0.9137000000000001 0.4174 0.9114333333333333 0.39594999999999997 0.9062 0.3689 0.8716 0.41284999999999994 0.8723666666666666 0.42755000000000004 0.8685999999999999 0.46020000000000005 0.8671 0.47715
3 0.49803333333333333 0.5075999999999999 0.5 0.5575 0.49666666666666665 0.5885 0.5043333333333334 0.6154999999999999 0.5163333333333333 0.6509999999999999 0.5323333333333333 0.675 0.5523333333333333 0.6759000000000001 0.5643333333333334 0.6735500000000001 0.5711 0.6476999999999999 0.5742333333333334 0.62425 0.5876666666666667 0.593 0.5883333333333334 0.5215 0.5711 0.5247999999999999 0.5418666666666667 0.5247999999999999 0.5163 0.52245 0.5037666666666667 0.51225 0.4996 0.4974
3 0.14906666666666665 0.40025 0.14906666666666665 0.41245 0.14996666666666666 0.42595 0.14996666666666666 0.4341 0.15536666666666665 0.4476 0.15806666666666666 0.4571 0.15446666666666667 0.47195 0.15716666666666665 0.48685 0.16799999999999998 0.49905 0.17883333333333332 0.5058 0.1806333333333333 0.5058 0.19236666666666666 0.5139 0.20136666666666667 0.51525 0.2031666666666667 0.50445 0.19866666666666666 0.4476 0.19596666666666665 0.40299999999999997 0.19326666666666667 0.38134999999999997 0.18153333333333332 0.36915 0.1626 0.3678 0.15356666666666666 0.36645000000000005 0.14273333333333332 0.3651 0.13733333333333334 0.3651