3 0.30281368821292776 0.5433 0.29456273764258556 0.5558 0.2883650190114069 0.58085 0.2829657794676806 0.6031 0.28916349809885933 0.62485 0.2966159695817491 0.65205 0.305703422053232 0.66675 0.32019011406844106 0.65805 0.3288593155893536 0.645 0.33425855513307984 0.62815 0.33756653992395436 0.6178 0.33756653992395436 0.6015 0.3354752851711027 0.5803 0.3354752851711027 0.5716 0.33505703422053235 0.56015 0.33300380228136883 0.5579999999999999 0.32927756653992396 0.55745 0.31152091254752856 0.5607 0.3061216730038023 0.5449499999999999
3 0.7225475285171102 0.44025 0.7094296577946768 0.4512 0.7046768060836502 0.45744999999999997 0.7004942965779467 0.4747 0.7004942965779467 0.48174999999999996 0.6993155893536122 0.4982 0.6999239543726237 0.51305 0.7011026615969581 0.524 0.7147908745247149 0.5381 0.7183650190114069 0.53265 0.7284790874524715 0.5193 0.7284790874524715 0.506 0.7314828897338402 0.48719999999999997 0.7314828897338402 0.4747 0.7314828897338402 0.452
3 0.46490494296577944 0.56235 0.46653992395437266 0.60475 0.4785171102661597 0.64445 0.48513307984790877 0.6558499999999999 0.5016730038022814 0.66675 0.512851711026616 0.6526000000000001 0.5174144486692016 0.6439 0.519467680608365 0.6265 0.5231939163498098 0.60965 0.5256653992395437 0.59605 0.5260836501901142 0.5819 0.5273003802281369 0.5716 0.5277186311787072 0.55745
3 0.30460076045627377 0.4661 0.30403041825095056 0.53735 0.3111406844106464 0.55925 0.3361596958174905 0.55455 0.3605703422053232 0.55535 0.3635361216730038 0.55455 0.3706844106463878 0.5529999999999999 0.36832699619771864 0.53655 0.36711026615969583 0.50365 0.3647528517110266 0.4598 0.3379467680608365 0.42145000000000005 0.32840304182509505 0.4254
3 0.33756653992395436 0.5629 0.33505703422053235 0.57375 0.3367300380228137 0.58245 0.33756653992395436 0.59495 0.34250950570342203 0.6194500000000001 0.34665399239543726 0.63355 0.36193916349809885 0.6547499999999999 0.37558935361216733 0.66565 0.3912927756653992 0.67545 0.40247148288973383 0.6515000000000001 0.40288973384030413 0.63845 0.40326996197718634 0.6292 0.40288973384030413 0.6074499999999999 0.4020532319391635 0.58845 0.4016349809885931 0.57215 0.4003802281368821 0.5629 0.3946007604562738 0.56235 0.37102661596958175 0.5553 0.3611026615969582 0.5553 0.3482889733840304 0.5558
3 0.24368821292775666 0.5482 0.2391634980988593 0.6178 0.24410646387832702 0.63465 0.2540304182509506 0.63735 0.2631178707224335 0.63085 0.26684410646387835 0.62595 0.2767680608365019 0.6134499999999999 0.2792395437262357 0.6064 0.28547528517110266 0.58955 0.2883650190114069 0.5754 0.29372623574144485 0.5569 0.28752851711026617 0.5558 0.27015209125475287 0.55255 0.26231939163498097 0.54385 0.2523954372623574 0.52155 0.24908745247148292 0.5449499999999999
3 0.7013688212927757 0.53025 0.7013688212927757 0.5509499999999999 0.7084030418250951 0.56835 0.7212167300380229 0.5928 0.7331939163498099 0.5900500000000001 0.74106463878327 0.59225 0.7460076045627376 0.57755 0.7468441064638783 0.5558 0.742319391634981 0.5379 0.7385931558935361 0.53135 0.7282509505703422 0.5232 0.7162737642585552 0.5367999999999999 0.7046768060836502 0.5292
3 0.3706844106463878 0.4465 0.3659315589353612 0.4692 0.3724714828897338 0.55375 0.39448669201520914 0.5639500000000001 0.4284410646387833 0.5624 0.44809885931558935 0.55845 0.4540304182509506 0.5561 0.4552471482889734 0.45045 0.44631178707224334 0.43165 0.4326235741444867 0.41365 0.42307984790874525 0.40659999999999996 0.4147528517110266 0.4105 0.4040304182509506 0.41600000000000004 0.39509505703422054 0.42145000000000005
3 0.5856273764258556 0.5590999999999999 0.5860076045627377 0.5754 0.5843726235741444 0.60695 0.5839543726235742 0.6204999999999999 0.5947148288973384 0.63575 0.6141444866920153 0.6596500000000001 0.6285931558935361 0.6651 0.6348288973384031 0.66185 0.63893536121673 0.6526000000000001 0.63893536121673 0.6314 0.6368821292775665 0.6074499999999999 0.6339923954372624 0.59225 0.6306844106463878 0.57705 0.6290114068441065 0.5656 0.6249049429657795 0.5558 0.6219771863117871 0.5531 0.6108365019011407 0.53845 0.6054752851711027 0.5449499999999999 0.5938783269961977 0.55145 0.5901520912547529 0.552
3 0.61 0.53655 0.6213307984790875 0.5529999999999999 0.6457414448669202 0.5529999999999999 0.6600380228136882 0.5389 0.6623954372623574 0.4802 0.6636121673003802 0.4481 0.6618250950570342 0.43475 0.6582509505703422 0.41600000000000004 0.6504942965779468 0.40659999999999996 0.6445627376425855 0.4019 0.6356273764258554 0.4152 0.626083650190114 0.42695 0.6123954372623575 0.4426 0.6106083650190114 0.44884999999999997 0.6058555133079848 0.45744999999999997 0.6040684410646388 0.4645
3 0.674486692015209 0.54875 0.6806844106463878 0.59495 0.6964258555133079 0.6074499999999999 0.7038403041825095 0.60695 0.7154372623574144 0.60475 0.7112927756653992 0.5879 0.7046768060836502 0.5667 0.7009505703422053 0.55145 0.7013688212927757 0.54005 0.7013688212927757 0.5367999999999999 0.7009505703422053 0.5281 0.6980608365019012 0.51615 0.6798859315589354 0.54875
3 0.1909125475285171 0.4575 0.18494296577946767 0.48955 0.1903041825095057 0.53735 0.20102661596958174 0.55065 0.21174904942965778 0.54045 0.22064638783269963 0.5295000000000001 0.22064638783269963 0.50995 0.2165019011406844 0.488 0.2147148288973384 0.4802 0.2111406844106464 0.4645 0.19863117870722435 0.45280000000000004
3 0.1873384030418251 0.5381 0.17958174904942964 0.54515 0.17600760456273765 0.55535 0.1736121673003802 0.56785 0.17897338403041826 0.5851 0.18555133079847907 0.59605 0.19269961977186312 0.5929 0.19980988593155893 0.5835 0.20460076045627376 0.5796 0.20874524714828896 0.56865 0.217680608365019 0.55535 0.217680608365019 0.5459499999999999 0.21885931558935362 0.53655 0.20159695817490494 0.54905 0.19387832699619773 0.54435
3 0.25163498098859316 0.43165 0.24684410646387833 0.46845 0.2480608365019011 0.5068 0.2552091254752852 0.52795 0.26353612167300383 0.54435 0.27783269961977186 0.5529999999999999 0.28733840304182506 0.54435 0.30163498098859315 0.5256000000000001 0.30460076045627377 0.4661 0.30281368821292776 0.4551 0.2950950570342205 0.44104999999999994 0.2814068441064639 0.4191 0.27365019011406844 0.41755000000000003 0.2671102661596958 0.4199 0.2605703422053232 0.42615000000000003
3 0.6659695817490494 0.4661 0.6606083650190114 0.53265 0.6796577946768061 0.5483 0.6820532319391635 0.54125 0.6885931558935361 0.53105 0.6987072243346008 0.5146000000000001 0.7004942965779467 0.48645000000000005 0.6981368821292776 0.46295000000000003 0.6981368821292776 0.43945 0.6939543726235741 0.43165 0.6885931558935361 0.42695
3 0.5409505703422054 0.46685000000000004 0.5463117870722434 0.46140000000000003 0.556425855513308 0.4426 0.5623954372623574 0.4293 0.5808365019011407 0.4238 0.6028897338403042 0.44884999999999997 0.6106083650190114 0.5209 0.6088212927756654 0.54045 0.6022813688212928 0.5459499999999999 0.5897718631178708 0.54905 0.576083650190114 0.5514 0.5504942965779468 0.55455 0.5480988593155893 0.542
3 0.5289733840304183 0.5607 0.5265019011406844 0.5792 0.5256653992395437 0.5928 0.5244106463878326 0.61615 0.5269201520912548 0.62865 0.5343346007604562 0.64225 0.5401520912547528 0.65205 0.5570722433460076 0.6694499999999999 0.5711406844106465 0.664 0.5757034220532319 0.6575 0.582319391634981 0.63955 0.5827376425855513 0.6265 0.5843726235741444 0.6015 0.5856273764258556 0.57375 0.5836501901140685 0.5535 0.5517110266159696 0.5542 0.5463498098859315 0.5460499999999999
3 0.45939163498098856 0.4473 0.4778707224334601 0.4011 0.49927756653992394 0.40345 0.5219011406844106 0.4113 0.5373764258555134 0.4465 0.5463117870722434 0.54435 0.5350190114068442 0.5569 0.47665399239543726 0.5608 0.4552471482889734 0.55925 0.45581749049429654 0.4974 0.456425855513308 0.45354999999999995
3 0.22007604562737643 0.4379 0.2135361216730038 0.4747 0.22365019011406845 0.5247999999999999 0.2355513307984791 0.542 0.2480608365019011 0.54515 0.25041825095057035 0.52245 0.24863117870722434 0.4966 0.2480608365019011 0.47235 0.24745247148288974 0.46215000000000006
3 0.4016349809885931 0.5656 0.405361216730038 0.6406499999999999 0.4152851711026616 0.65805 0.43965779467680605 0.66455 0.44505703422053233 0.6629 0.4557794676806084 0.6558499999999999 0.45992395437262357 0.63955 0.46490494296577944 0.6215999999999999 0.46490494296577944 0.6053000000000001 0.46365019011406844 0.5868 0.4632319391634981 0.57595 0.4632319391634981 0.5590999999999999 0.4537262357414449 0.55965 0.45330798479087453 0.5569 0.4442205323193916 0.5607
3 0.22167300380228136 0.526 0.21806083650190114 0.5607 0.21102661596958175 0.56725 0.21064638783269962 0.5694 0.20897338403041826 0.58135 0.2126996197718631 0.5971500000000001 0.21889733840304182 0.6118 0.23254752851711025 0.60965 0.23832699619771863 0.6004 0.24079847908745247 0.58135 0.2412167300380228 0.5645 0.24247148288973386 0.552 0.24247148288973386 0.5460499999999999 0.2358555133079848 0.54275
3 0.6265399239543726 0.5553 0.6285931558935361 0.5656 0.6360456273764259 0.58355 0.641444866920152 0.6031 0.6521673003802282 0.61565 0.6670722433460076 0.6275999999999999 0.6815209125475286 0.6412 0.6844106463878327 0.63575 0.6831939163498099 0.61615 0.6815209125475286 0.59605 0.6765779467680608 0.5667 0.6749049429657795 0.55475 0.6749049429657795 0.54875 0.6633460076045627 0.5346 0.6600380228136882 0.54005 0.6459695817490494 0.5553