3 0.25324324324324327 0.375 0.24509652509652508 0.4348453608247423 0.24714285714285716 0.501701030927835 0.25123552123552123 0.5294329896907216 0.25814671814671813 0.5310309278350516 0.27362934362934366 0.5190721649484537 0.29355212355212357 0.4831958762886598 0.30741312741312743 0.4500515463917526 0.31351351351351353 0.43211340206185567 0.31393822393822396 0.4174226804123711 0.31351351351351353 0.40654639175257734 0.31065637065637064 0.39293814432989693 0.30741312741312743 0.3815463917525773 0.30374517374517374 0.37556701030927836
3 0.642972972972973 0.37664948453608244 0.6503088803088803 0.4071134020618557 0.6596525096525097 0.4348453608247423 0.6816602316602317 0.4756185567010309 0.708918918918919 0.4940721649484536 0.726023166023166 0.5022164948453609 0.7317374517374517 0.48974226804123716 0.7301158301158301 0.43046391752577323 0.7293050193050192 0.39948453608247425 0.7211583011583012 0.37448453608247423 0.7146332046332047 0.3608762886597938 0.7125868725868726 0.3592783505154639 0.6999613899613899 0.36360824742268044 0.6421621621621622 0.37448453608247423
3 0.12648648648648647 0.22943298969072165 0.12764478764478765 0.2466494845360825 0.13644787644787645 0.3249484536082474 0.14934362934362935 0.3492268041237113 0.16517374517374517 0.3594329896907217 0.18335907335907337 0.3265463917525773 0.1806949806949807 0.29329896907216496 0.17575289575289577 0.2686082474226804 0.1722007722007722 0.26309278350515464
3 0.5647876447876448 0.40654639175257734 0.5680308880308881 0.46582474226804127 0.5957142857142856 0.4891752577319588 0.6217760617760617 0.5022164948453609 0.6315830115830117 0.49355670103092786 0.6384942084942085 0.45984536082474226 0.642972972972973 0.4266494845360825 0.642972972972973 0.39185567010309275 0.6388803088803089 0.37664948453608244 0.6364478764478765 0.3739175257731959 0.6230115830115831 0.3652577319587629 0.6213899613899614 0.39458762886597937
3 0.49416988416988417 0.26469072164948454 0.49003861003861005 0.37427835051546393 0.4912355212355213 0.3883505154639175 0.5088030888030888 0.41814432989690725 0.5527799227799227 0.40716494845360823 0.6208108108108108 0.39463917525773196 0.6213899613899614 0.3664432989690722 0.6202316602316602 0.33670103092783504 0.6178764478764479 0.3030412371134021 0.6126254826254826 0.26623711340206185 0.6114285714285714 0.23804123711340205 0.6061389961389961 0.21381443298969072 0.5961776061776062 0.20283505154639175 0.5557142857142857 0.2012886597938144 0.524054054054054 0.22005154639175256
3 0.36455598455598454 0.2474742268041237 0.3598841698841699 0.28268041237113406 0.3598841698841699 0.3116494845360825 0.3598841698841699 0.3460824742268041 0.36864864864864866 0.38056701030927836 0.3803861003861004 0.4024742268041237 0.42555984555984555 0.41500000000000004 0.46424710424710425 0.4087113402061856 0.47891891891891897 0.4008762886597938 0.49003861003861005 0.38680412371134026 0.4883011583011583 0.35391752577319585 0.48243243243243245 0.29675257731958765 0.47714285714285715 0.2701546391752577 0.45308880308880306 0.22711340206185568 0.43023166023166026 0.21221649484536084 0.4038610038610038 0.2036082474226804 0.3856756756756757 0.21144329896907219
3 0.15266409266409267 0.35273195876288665 0.1550965250965251 0.38536082474226807 0.15308880308880307 0.4081958762886598 0.16571428571428573 0.422319587628866 0.17667953667953668 0.41690721649484536 0.18362934362934363 0.3880927835051547 0.18444015444015446 0.3739175257731959 0.18648648648648647 0.35216494845360824 0.18768339768339767 0.3375257731958763 0.182007722007722 0.33262886597938146 0.1661003861003861 0.35871134020618556
3 0.8606563706563707 0.1652577319587629 0.8383783783783784 0.1684020618556701 0.819034749034749 0.19268041237113404 0.8032046332046332 0.22943298969072165 0.8037837837837838 0.25762886597938145 0.8084555984555984 0.2639175257731959 0.8201930501930502 0.27329896907216494 0.8313513513513513 0.2858247422680413 0.8413127413127414 0.2858247422680413 0.8577220077220078 0.2756185567010309 0.865945945945946 0.2615463917525773
3 0.7474903474903475 0.17231958762886598 0.727027027027027 0.24896907216494843 0.7285714285714285 0.2829896907216495 0.7274131274131275 0.2891752577319588 0.7462934362934363 0.316340206185567 0.7562934362934363 0.3249484536082474 0.7779536679536679 0.3406185567010309 0.8061389961389961 0.2912886597938144 0.8025868725868726 0.22788659793814434 0.802007722007722 0.19499999999999998 0.7955598455598456 0.17309278350515464 0.7855984555984556 0.1558762886597938
3 0.6513127413127413 0.22943298969072165 0.6337065637065636 0.2670103092783505 0.6237451737451738 0.29365979381443297 0.6225868725868726 0.3022680412371134 0.6243243243243243 0.34845360824742266 0.6301930501930502 0.3641237113402062 0.6419305019305019 0.3727319587628866 0.6923552123552124 0.36489690721649487 0.7122779922779923 0.3586082474226804 0.7193436293436294 0.3390721649484536 0.7216602316602316 0.3171134020618557 0.7293436293436294 0.2788659793814433 0.7274131274131275 0.2561855670103093 0.7152123552123553 0.24510309278350514 0.6982239382239382 0.2161340206185567 0.6888416988416989 0.21381443298969072 0.6794594594594594 0.21381443298969072 0.6554054054054054 0.22005154639175256
3 0.1872972972972973 0.3461855670103093 0.17953667953667954 0.45170103092783503 0.17953667953667954 0.4848453608247423 0.1872972972972973 0.49082474226804124 0.2055984555984556 0.4641752577319587 0.2227027027027027 0.44298969072164945 0.23613899613899614 0.4217525773195876 0.2475675675675676 0.4087113402061856 0.25405405405405407 0.37015463917525776 0.2516216216216216 0.3652577319587629 0.23575289575289576 0.33371134020618554 0.23003861003861004 0.34783505154639177 0.2223166023166023 0.36577319587628865 0.2121235521235521 0.37175257731958766 0.18768339768339767 0.33804123711340206
3 0.4002702702702703 0.41469072164948456 0.39698841698841697 0.4451546391752577 0.4018918918918919 0.4777835051546392 0.42633204633204635 0.49953608247422676 0.45277992277992274 0.5033505154639175 0.4637837837837838 0.5022164948453609 0.4723552123552124 0.4842783505154639 0.4764092664092664 0.45603092783505156 0.4784555984555985 0.43860824742268045 0.47559845559845565 0.4234020618556701 0.4723552123552124 0.4060309278350515 0.46459459459459457 0.41036082474226804 0.42633204633204635 0.41690721649484536 0.3982239382239382 0.4076288659793814
3 0.8111583011583011 0.2777319587628866 0.8201158301158301 0.2874742268041237 0.8315057915057915 0.31902061855670105 0.8420849420849421 0.3293298969072165 0.8535135135135136 0.355979381443299 0.8701930501930502 0.38917525773195877 0.882007722007722 0.4071134020618557 0.8974903474903474 0.4087113402061856 0.8962548262548262 0.3951546391752577 0.8970656370656371 0.3597938144329897 0.8962548262548262 0.325 0.895057915057915 0.28149484536082475 0.8933976833976833 0.26463917525773195 0.8897297297297297 0.25108247422680413 0.8649034749034749 0.21896907216494843 0.866949806949807 0.2603092783505155 0.8588030888030889 0.2755154639175258 0.8416988416988417 0.2863917525773196 0.8306949806949807 0.28855670103092784 0.8209266409266409 0.27443298969072166 0.8095366795366795 0.26628865979381444 0.8058687258687258 0.27010309278350514
3 0.7146332046332047 0.36036082474226805 0.7362162162162162 0.4005670103092783 0.7537451737451737 0.4299484536082474 0.7745173745173745 0.4565463917525773 0.7944401544401544 0.47123711340206187 0.8001544401544401 0.460360824742268 0.800965250965251 0.43319587628865985 0.7985328185328185 0.38917525773195877 0.7924324324324324 0.36902061855670104 0.7838610038610039 0.35164948453608247 0.7814285714285714 0.344020618556701 0.7484555984555984 0.3206701030927835 0.7374517374517374 0.29835051546391755 0.7235907335907336 0.30051546391752576
3 0.32003861003861006 0.39185567010309275 0.31799227799227797 0.4195876288659794 0.32328185328185327 0.44242268041237115 0.3322393822393822 0.4647422680412371 0.3473359073359073 0.4968041237113402 0.35301158301158303 0.5044329896907217 0.375019305019305 0.4940721649484536 0.38436293436293434 0.4647422680412371 0.39617760617760617 0.4451546391752577 0.399034749034749 0.42288659793814437 0.39845559845559847 0.40824742268041236 0.37992277992277995 0.40154639175257734 0.3689189189189189 0.38262886597938145 0.35953667953667956 0.34840206185567013 0.34976833976833976 0.35000000000000003 0.34895752895752896 0.3685051546391752 0.3375675675675676 0.3821134020618556
3 0.4784555984555985 0.40654639175257734 0.4788416988416988 0.44948453608247424 0.48413127413127416 0.4745360824742268 0.49637065637065636 0.4891752577319588 0.5322007722007722 0.4968041237113402 0.5566409266409266 0.4788659793814433 0.563976833976834 0.460360824742268 0.5643629343629343 0.44680412371134026 0.5617760617760618 0.4067010309278351 0.508996138996139 0.4174226804123711 0.48903474903474903 0.38752577319587633
3 0.2672200772200772 0.23103092783505155 0.25606177606177605 0.26469072164948454 0.24903474903474904 0.30618556701030925 0.24552123552123553 0.32963917525773195 0.2508108108108108 0.36252577319587626 0.2607722007722008 0.37427835051546393 0.28714285714285714 0.3750515463917526 0.30239382239382234 0.3750515463917526 0.31706563706563706 0.3907216494845361 0.3375675675675676 0.3821134020618556 0.3498841698841699 0.3641237113402062 0.3493050193050193 0.33278350515463917 0.34756756756756757 0.3030412371134021 0.3381853281853282 0.27329896907216494 0.33054054054054055 0.25608247422680414 0.31764478764478765 0.228659793814433 0.30532818532818534 0.2161340206185567 0.29478764478764474 0.21381443298969072 0.2730888030888031 0.21381443298969072
3 0.17633204633204633 0.19654639175257732 0.17455598455598456 0.26309278350515464 0.181003861003861 0.2928865979381443 0.1827799227799228 0.32963917525773195 0.21208494208494208 0.3719587628865979 0.2244015444015444 0.36175257731958765 0.2384942084942085 0.32809278350515464 0.2513899613899614 0.29757731958762884 0.25606177606177605 0.26309278350515464 0.24142857142857144 0.23412371134020618 0.22675675675675674 0.2020618556701031 0.2167953667953668 0.18402061855670104 0.20447876447876448 0.16448453608247424 0.19509652509652511 0.15742268041237112 0.17984555984555983 0.16056701030927834
3 0.778996138996139 0.34242268041237117 0.7871428571428571 0.35329896907216496 0.7985328185328185 0.38097938144329896 0.8095366795366795 0.4011340206185567 0.8335521235521235 0.4364432989690722 0.8372200772200772 0.42288659793814437 0.8355984555984556 0.3924226804123711 0.8343629343629343 0.34783505154639177 0.8343629343629343 0.32448453608247424 0.8249806949806949 0.3048969072164948 0.8184942084942085 0.28530927835051545 0.8115444015444016 0.27608247422680415 0.8087258687258687 0.27659793814432987 0.8083011583011582 0.29185567010309277 0.7969111969111969 0.31030927835051547