3 0.7267028985507246 0.5103278688524591 0.7303260869565217 0.5541530054644809 0.7355072463768116 0.5721857923497268 0.7728985507246376 0.590983606557377 0.777572463768116 0.6011475409836066 0.7874275362318841 0.5987978142076502 0.790036231884058 0.5760655737704918 0.7874275362318841 0.5573224043715846 0.7853623188405797 0.547103825136612 0.777572463768116 0.5353551912568306 0.7765217391304348 0.5016939890710382 0.7697826086956522 0.4875956284153006 0.7692391304347826 0.4766666666666667 0.7448550724637681 0.5166120218579235
3 0.6244565217391305 0.35693989071038246 0.6274637681159421 0.39415300546448084 0.6326811594202899 0.4178142076502732 0.6288768115942028 0.4978688524590164 0.673804347826087 0.5114207650273225 0.7021376811594202 0.4910928961748634 0.7051449275362319 0.46967213114754097 0.703695652173913 0.42688524590163934 0.7021376811594202 0.39530054644808743 0.696159420289855 0.36486338797814205 0.6879347826086957 0.34792349726775956 0.6842028985507247 0.3434426229508197 0.658768115942029 0.3434426229508197 0.6334420289855073 0.3456830601092896
3 0.2881159420289855 0.35360655737704916 0.2768115942028986 0.3873770491803279 0.2693478260869565 0.4978688524590164 0.288768115942029 0.5181967213114754 0.30597826086956526 0.5181967213114754 0.33007246376811594 0.5109289617486339 0.35144927536231885 0.5016393442622951 0.35688405797101447 0.473224043715847 0.3547101449275363 0.43606557377049177 0.35833333333333334 0.39617486338797814 0.3455797101449275 0.3817486338797814 0.34260869565217394 0.36486338797814205 0.3358695652173913 0.3434426229508197 0.3225 0.3344262295081967 0.3089492753623188 0.3287978142076503 0.29333333333333333 0.32989071038251366
3 0.40688405797101446 0.5245901639344263 0.4084782608695652 0.5706010928961749 0.41938405797101447 0.6152459016393442 0.4261594202898551 0.6386885245901639 0.4448188405797101 0.6708196721311476 0.46246376811594203 0.6724043715846995 0.46818840579710147 0.6724043715846995 0.4806521739130435 0.6520218579234972 0.4868840579710145 0.6144262295081967 0.4905072463768116 0.5940983606557377 0.49101449275362324 0.5455737704918033 0.4915579710144927 0.5283060109289618 0.4931159420289855 0.5189617486338798 0.4873913043478261 0.5048633879781421 0.4635144927536232 0.5267759562841531
3 0.16775362318840578 0.37497267759562847 0.19927536231884058 0.3989071038251366 0.20615942028985507 0.42513661202185793 0.20978260869565216 0.45901639344262296 0.21231884057971015 0.5 0.20507246376811594 0.5080327868852459 0.19094202898550725 0.5091803278688525 0.1773913043478261 0.49562841530054647 0.16884057971014493 0.473224043715847 0.17217391304347826 0.42688524590163934
3 0.7783695652173913 0.5034972677595628 0.7792028985507247 0.5373224043715847 0.7971376811594203 0.5576502732240437 0.8150724637681159 0.574535519125683 0.8426811594202899 0.5689071038251367 0.8472101449275363 0.5350819672131147 0.8375 0.5148087431693988 0.826304347826087 0.47759562841530057 0.811340579710145 0.4651912568306011 0.796304347826087 0.505792349726776
3 0.8763768115942029 0.29273224043715845 0.8538768115942028 0.3434426229508197 0.8635869565217391 0.4178142076502732 0.8621014492753624 0.4302185792349727 0.8733695652173914 0.4336065573770492 0.8846014492753623 0.42573770491803276 0.8912318840579709 0.38852459016393437 0.8890217391304348 0.33666666666666667 0.8830434782608696 0.30060109289617487
3 0.2657608695652174 0.5032786885245901 0.26003623188405794 0.5338251366120218 0.2564130434782609 0.5784153005464481 0.25224637681159423 0.6144262295081967 0.24811594202898551 0.6489071038251366 0.2496376811594203 0.6927322404371584 0.27094202898550723 0.6919672131147541 0.28391304347826085 0.6755191256830602 0.3160869565217391 0.6238251366120219 0.3228623188405797 0.5917486338797815 0.32028985507246377 0.5163934426229508 0.2858695652173913 0.5180327868852459 0.26782608695652177 0.4969945355191257
3 0.1671014492753623 0.4766666666666667 0.14170289855072463 0.47978142076502733 0.14478260869565218 0.5079781420765027 0.13442028985507246 0.5424043715846995 0.13181159420289856 0.5666666666666667 0.1364855072463768 0.5933333333333334 0.14221014492753623 0.6105464480874317 0.15880434782608696 0.612896174863388 0.18322463768115943 0.6081967213114754 0.1934782608695652 0.5721311475409836 0.19931159420289854 0.5565027322404372 0.20293478260869566 0.5126775956284153 0.1951449275362319 0.5087431693989071 0.17699275362318842 0.4969945355191257
3 0.7193478260869565 0.3287978142076503 0.7043840579710144 0.3907650273224044 0.7059420289855073 0.4369945355191257 0.7067028985507247 0.4674316939890711 0.7133333333333333 0.49562841530054647 0.7328623188405797 0.5102732240437158 0.7455072463768115 0.5159016393442623 0.7694202898550725 0.47196721311475415 0.7753985507246377 0.3502185792349727 0.746231884057971 0.29721311475409834
3 0.07873188405797102 0.3513114754098361 0.0757608695652174 0.4291256830601093 0.08253623188405798 0.4403825136612022 0.10264492753623188 0.44491803278688524 0.11612318840579709 0.4415300546448087 0.11985507246376811 0.3817486338797814 0.11246376811594203 0.360327868852459 0.10050724637681159 0.34683060109289615 0.08771739130434783 0.3287978142076503
3 0.12442028985507247 0.3580874316939891 0.12068840579710145 0.42688524590163934 0.11985507246376811 0.460655737704918 0.12365942028985508 0.47196721311475415 0.14384057971014494 0.47759562841530057 0.16177536231884057 0.476448087431694 0.16844202898550725 0.47420765027322404 0.1714130434782609 0.42349726775956287 0.16543478260869565 0.3783606557377049 0.1326449275362319 0.34907103825136615
3 0.12094202898550725 0.4727322404371585 0.12039855072463768 0.48841530054644805 0.10742753623188406 0.5134426229508197 0.10326086956521739 0.5330054644808744 0.10481884057971014 0.5439890710382513 0.11365942028985508 0.5557377049180328 0.11782608695652175 0.5557377049180328 0.1297463768115942 0.5494535519125683 0.13442028985507246 0.5439890710382513 0.14065217391304347 0.5291256830601093 0.14271739130434782 0.5040437158469945 0.14271739130434782 0.47590163934426233
3 0.4869202898550724 0.38852459016393437 0.4935869565217391 0.34005464480874315 0.5152536231884058 0.3062295081967213 0.5310507246376811 0.3039890710382514 0.5542028985507247 0.30060109289617487 0.59 0.3039890710382514 0.6146739130434783 0.3456830601092896 0.6206521739130435 0.369344262295082 0.6311231884057971 0.4110928961748634 0.6281521739130435 0.460655737704918 0.6259057971014492 0.49562841530054647 0.6206521739130435 0.5034972677595628 0.6019927536231884 0.5215300546448087 0.5534057971014493 0.5272131147540984 0.5220652173913044 0.5249180327868853 0.5011231884057971 0.5170491803278688 0.49514492753623185 0.4843715846994536 0.49130434782608695 0.4573770491803279 0.48612318840579705 0.4121857923497268
3 0.6654347826086956 0.5166120218579235 0.664927536231884 0.5854644808743169 0.6706159420289856 0.6160109289617487 0.688804347826087 0.6504371584699453 0.7189130434782608 0.6724043715846995 0.7318840579710145 0.6645355191256831 0.7391666666666666 0.6457377049180328 0.7396739130434783 0.6066120218579235 0.7355072463768116 0.5729508196721311 0.7308333333333333 0.558087431693989 0.7272101449275362 0.5103278688524591 0.7131884057971014 0.49464480874316935 0.7043840579710144 0.4899453551912568
3 0.5782246376811594 0.5283060109289618 0.5782246376811594 0.6066120218579235 0.5927536231884057 0.6473224043715846 0.6109420289855073 0.6809836065573771 0.6353260869565217 0.686448087431694 0.643623188405797 0.682568306010929 0.6581884057971015 0.6480874316939891 0.6643840579710145 0.6183606557377049 0.6659420289855073 0.6034972677595628 0.6659420289855073 0.5878142076502731 0.6633695652173913 0.5197267759562841 0.664927536231884 0.511912568306011 0.6301449275362319 0.49934426229508194 0.6265217391304347 0.4978142076502732 0.6015942028985507 0.5197267759562841
3 0.8143478260869564 0.3389071038251366 0.8083695652173913 0.39639344262295084 0.8105072463768116 0.44377049180327865 0.8306884057971015 0.4471584699453552 0.8419202898550725 0.4415300546448087 0.8568478260869565 0.4336065573770492 0.8614130434782609 0.41448087431693986 0.8590942028985508 0.38852459016393437 0.8531159420289856 0.34907103825136615 0.8472101449275363 0.3321857923497268 0.8345289855072464 0.3096174863387978
3 0.2122826086956522 0.5025136612021858 0.2039855072463768 0.5087431693989071 0.2018840579710145 0.5479234972677596 0.19931159420289854 0.5713661202185792 0.20032608695652174 0.6042622950819672 0.2107246376811594 0.6527868852459016 0.22264492753623188 0.6520218579234972 0.23043478260869565 0.6144262295081967 0.25018115942028984 0.574535519125683 0.25485507246376815 0.5612021857923497 0.2569202898550724 0.5518032786885246 0.257427536231884 0.5369398907103825 0.26003623188405794 0.5228415300546448 0.25536231884057975 0.5189617486338798 0.232536231884058 0.5259562841530054
3 0.7723913043478261 0.3986885245901639 0.7680072463768116 0.4888524590163934 0.7813768115942029 0.5034972677595628 0.7948188405797102 0.5024043715846994 0.8083695652173913 0.47535519125683057 0.8121014492753623 0.44491803278688524 0.8083695652173913 0.3986885245901639 0.811340579710145 0.34683060109289615 0.8001449275362319 0.34907103825136615 0.7873550724637681 0.37387978142076506
3 0.3218115942028985 0.5173770491803279 0.3223188405797101 0.5862841530054645 0.33894927536231884 0.6301092896174864 0.35605072463768117 0.6677049180327869 0.38202898550724634 0.6770491803278689 0.39032608695652177 0.6324590163934426 0.4043478260869565 0.5956830601092896 0.4059057971014493 0.5259562841530054 0.3706159420289855 0.515792349726776 0.3565942028985507 0.5040437158469945
3 0.3583695652173913 0.36147540983606563 0.35605072463768117 0.4482513661202186 0.3613768115942029 0.49562841530054647 0.37025362318840577 0.5148087431693988 0.4128623188405797 0.5249180327868853 0.463768115942029 0.5249180327868853 0.48612318840579705 0.5034972677595628 0.4921739130434783 0.48207650273224045 0.4929347826086957 0.4651912568306011 0.48760869565217396 0.4291256830601093 0.48463768115942024 0.3986885245901639 0.47496376811594204 0.3626229508196721 0.4689855072463768 0.3344262295081967 0.456231884057971 0.3163934426229508 0.430072463768116 0.3084699453551913 0.4136956521739131 0.31185792349726776 0.3905072463768116 0.3208743169398907 0.3739855072463768 0.32989071038251366
3 0.20108695652173914 0.39617486338797814 0.2088768115942029 0.4415300546448087 0.21188405797101448 0.47306010928961745 0.21409420289855075 0.5001092896174864 0.23123188405797102 0.5260655737704918 0.2536594202898551 0.5181967213114754 0.26858695652173914 0.4910928961748634 0.2738405797101449 0.4325136612021858 0.2761594202898551 0.38513661202185795 0.2582246376811594 0.3389071038251366 0.2514130434782609 0.3039890710382514 0.22822463768115941 0.29043715846994533 0.2003623188405797 0.3103825136612022
3 0.49413043478260865 0.5142622950819672 0.49101449275362324 0.5948633879781421 0.5029710144927536 0.6426229508196721 0.5247826086956522 0.682568306010929 0.5398188405797102 0.6840983606557377 0.5449999999999999 0.6833333333333333 0.5610869565217392 0.6653551912568306 0.5668115942028985 0.6449726775956284 0.5694202898550724 0.6066120218579235 0.5709782608695653 0.5690163934426229 0.5714855072463768 0.5244262295081967 0.5418840579710145 0.5283060109289618 0.5185507246376811 0.5228415300546448
3 0.8150724637681159 0.44491803278688524 0.8105072463768116 0.4674316939890711 0.826304347826087 0.4787431693989071 0.8314492753623188 0.4944808743169399 0.8352536231884058 0.5114207650273225 0.8472101449275363 0.5260655737704918 0.8590942028985508 0.5249180327868853 0.8650724637681159 0.5215300546448087 0.8710507246376812 0.48661202185792346 0.8696376811594203 0.4584153005464481 0.8546376811594203 0.43136612021857923 0.8306884057971015 0.44939890710382513