3 0.11116279069767442 0.3391954022988506 0.11209302325581395 0.3703448275862069 0.09751937984496124 0.4041379310344827 0.0710077519379845 0.5110344827586207 0.08286821705426356 0.5475862068965517 0.09023255813953489 0.5489655172413793 0.18232558139534882 0.5624137931034483 0.19054263565891472 0.5597701149425288 0.20333333333333334 0.5272413793103448 0.2106201550387597 0.5070114942528735 0.21883720930232559 0.4582758620689655 0.20333333333333334 0.43528735632183907 0.1924031007751938 0.3919540229885058 0.1796124031007752 0.34057471264367817 0.17775193798449612 0.3216091954022989 0.13031007751937984 0.32298850574712645
3 0.02813953488372093 0.34195402298850575 0.030852713178294574 0.5002298850574713 0.03635658914728682 0.5150574712643678 0.061007751937984495 0.5110344827586207 0.06922480620155039 0.5110344827586207 0.09201550387596899 0.42712643678160916 0.09930232558139536 0.3703448275862069 0.09751937984496124 0.33379310344827584 0.07193798449612403 0.35413793103448277 0.060077519379844964 0.348735632183908 0.04364341085271318 0.33379310344827584 0.033643410852713176 0.3257471264367816
3 0.24527131782945738 0.36218390804597705 0.2215503875968992 0.4636781609195403 0.2234108527131783 0.5326436781609196 0.25077519379844965 0.5624137931034483 0.2982170542635659 0.5745977011494253 0.34930232558139535 0.5610344827586207 0.37302325581395346 0.517816091954023 0.3831007751937985 0.4596551724137931 0.3766666666666667 0.4027586206896552 0.3693798449612403 0.3649425287356322 0.35201550387596897 0.348735632183908 0.3274418604651163 0.348735632183908 0.31007751937984496 0.3459770114942529 0.26899224806201555 0.34735632183908044
3 0.8365891472868218 0.5167816091954023 0.8296124031007751 0.5351724137931034 0.8296124031007751 0.55816091954023 0.8303875968992248 0.5949425287356321 0.8520930232558139 0.6190804597701149 0.9210852713178294 0.6179310344827585 0.9373643410852713 0.576551724137931 0.9435658914728682 0.5167816091954023 0.9187596899224806 0.4949425287356322 0.9110077519379844 0.49034482758620684 0.8831007751937985 0.5110344827586207 0.8575193798449613 0.48459770114942524
3 0.6751162790697675 0.4366666666666667 0.6641860465116279 0.46264367816091956 0.6635658914728682 0.48735632183908045 0.6652713178294574 0.5242528735632184 0.6827906976744186 0.55183908045977 0.683875968992248 0.5551724137931034 0.7222480620155038 0.5713793103448276 0.7375193798449613 0.5583908045977012 0.765891472868217 0.5367816091954023 0.7651162790697674 0.48160919540229885 0.7635658914728682 0.4528735632183908 0.7562015503875968 0.4009195402298851 0.7375193798449613 0.38310344827586207 0.7265891472868218 0.3814942528735632 0.6992248062015504 0.39114942528735636 0.6795348837209302 0.4139080459770115
3 0.8065116279069768 0.4220689655172414 0.7714728682170542 0.43172413793103454 0.7671317829457364 0.4674712643678161 0.7671317829457364 0.511264367816092 0.7682170542635659 0.5367816091954023 0.8284496124031008 0.535632183908046 0.8524806201550388 0.4886206896551724 0.8503100775193798 0.44632183908045975 0.8361240310077519 0.42367816091954025
3 0.40868217054263567 0.5547126436781609 0.4001550387596899 0.6317241379310345 0.407906976744186 0.708735632183908 0.41953488372093023 0.7351724137931035 0.4551937984496124 0.7570114942528735 0.47147286821705425 0.7363218390804598 0.493953488372093 0.7110344827586207 0.5110077519379845 0.6777011494252874 0.5241860465116279 0.6466666666666666 0.5241860465116279 0.6328735632183908 0.5210852713178294 0.6006896551724138 0.5110077519379845 0.5754022988505747 0.5046511627906977 0.5551724137931034
3 0.266046511627907 0.5788505747126437 0.2745736434108527 0.6455172413793103 0.2807751937984496 0.708735632183908 0.3071317829457364 0.7248275862068966 0.35441860465116276 0.7351724137931035 0.3668217054263566 0.7317241379310344 0.36837209302325585 0.6489655172413793 0.36837209302325585 0.5317241379310345 0.3489922480620155 0.5593103448275861 0.2916279069767442 0.576551724137931 0.266046511627907 0.5708045977011494
3 0.16062015503875968 0.5627586206896552 0.16527131782945736 0.6018390804597701 0.16217054263565892 0.6512643678160919 0.16837209302325581 0.6960919540229885 0.17689922480620154 0.7248275862068966 0.22186046511627908 0.7340229885057471 0.24046511627906977 0.7179310344827586 0.24899224806201548 0.6937931034482758 0.25286821705426354 0.6581609195402298 0.25286821705426354 0.6271264367816092 0.25286821705426354 0.605287356321839 0.25286821705426354 0.58 0.2474418604651163 0.5662068965517241 0.22263565891472867 0.5305747126436782 0.21953488372093025 0.5133333333333333 0.20713178294573642 0.5202298850574713 0.19085271317829458 0.5604597701149425
3 0.5327906976744187 0.3960919540229885 0.5295348837209303 0.45448275862068965 0.5240310077519379 0.5048275862068966 0.5395348837209302 0.5482758620689655 0.5565891472868216 0.5620689655172414 0.57984496124031 0.5781609195402299 0.5992248062015504 0.5793103448275861 0.6094573643410853 0.5778160919540231 0.6335658914728682 0.5599999999999999 0.6635658914728682 0.5482758620689655 0.6620155038759691 0.5080459770114942 0.6641860465116279 0.4836781609195402 0.6609302325581395 0.44632183908045975 0.6434108527131783 0.40252873563218394 0.6324806201550388 0.37655172413793103 0.6193023255813953 0.3635632183908046 0.5831782945736435 0.3635632183908046 0.5613178294573643 0.36517241379310345 0.5536434108527132 0.37011494252873567
3 0.6753488372093024 0.5535632183908046 0.6745736434108527 0.58 0.6815503875968992 0.6213793103448276 0.6978294573643411 0.654712643678161 0.7389147286821705 0.6627586206896552 0.7722480620155039 0.6708045977011494 0.8063565891472868 0.6524137931034483 0.8234108527131783 0.6213793103448276 0.8272868217054263 0.5754022988505747 0.8172093023255814 0.5639080459770115 0.8017054263565891 0.5570114942528736 0.7838759689922481 0.5570114942528736 0.7737984496124031 0.5501149425287356 0.7629457364341086 0.5409195402298851 0.7241860465116279 0.5708045977011494
3 0.9050387596899225 0.3733333333333333 0.882093023255814 0.39114942528735636 0.8722480620155039 0.4220689655172414 0.857984496124031 0.4593103448275862 0.857984496124031 0.47885057471264364 0.8831782945736435 0.5096551724137931 0.9127131782945737 0.48701149425287354 0.9248062015503876 0.4610344827586207 0.9335658914728683 0.43505747126436783 0.9335658914728683 0.3960919540229885 0.928062015503876 0.37655172413793103 0.928062015503876 0.37011494252873567
3 0.08930232558139535 0.5558620689655173 0.08620155038759689 0.6627586206896552 0.09085271317829458 0.6926436781609195 0.1055813953488372 0.7225287356321839 0.13116279069767442 0.7179310344827586 0.14046511627906977 0.712183908045977 0.1551937984496124 0.690344827586207 0.16217054263565892 0.6535632183908046 0.16372093023255815 0.605287356321839 0.15984496124031009 0.5604597701149425 0.08930232558139535 0.5489655172413793
3 0.5823255813953488 0.5868965517241379 0.5637209302325581 0.5995402298850574 0.5637209302325581 0.6133333333333333 0.5629457364341086 0.6455172413793103 0.5831007751937984 0.7041379310344827 0.614108527131783 0.7317241379310344 0.6443410852713178 0.7248275862068966 0.6683720930232558 0.6926436781609195 0.676124031007752 0.6593103448275862 0.6799999999999999 0.6110344827586206 0.6722480620155039 0.5926436781609196 0.6613953488372093 0.5811494252873564 0.6536434108527132 0.5742528735632184 0.6358139534883721 0.55816091954023 0.6094573643410853 0.58 0.5831007751937984 0.5777011494252874
3 0.39705426356589146 0.3895402298850575 0.39488372093023255 0.5 0.40364341085271316 0.5437931034482759 0.41472868217054265 0.5563218390804597 0.502170542635659 0.5567816091954023 0.5164341085271318 0.5226436781609195 0.5327906976744187 0.45448275862068965 0.5229457364341085 0.41551724137931034 0.5065116279069768 0.37494252873563216 0.4955813953488372 0.3635632183908046 0.47589147286821704 0.35218390804597705 0.4496124031007752 0.3587356321839081 0.42550387596899225 0.3571264367816092