3 0.37736666666666663 0.43355 0.3799666666666667 0.44665 0.37516666666666665 0.48515 0.37606666666666666 0.5014 0.3782333333333333 0.5105 0.38693333333333335 0.51575 0.40256666666666663 0.51115 0.41126666666666667 0.5085999999999999 0.4169333333333333 0.5021 0.4156333333333333 0.4916 0.4169333333333333 0.46225 0.4147666666666667 0.442 0.40166666666666667 0.4265
3 0.37483333333333335 0.5128499999999999 0.3728333333333333 0.52085 0.37183333333333335 0.53735 0.37116666666666664 0.55535 0.37183333333333335 0.57735 0.37616666666666665 0.5903499999999999 0.39949999999999997 0.59485 0.3998333333333333 0.5853499999999999 0.40016666666666667 0.55135 0.4008333333333333 0.53535 0.40116666666666667 0.5238499999999999 0.39949999999999997 0.51735 0.3965 0.51535
3 0.5861333333333334 0.42829999999999996 0.5748 0.45439999999999997 0.5778666666666668 0.47135 0.5778666666666668 0.489 0.5800333333333333 0.5021 0.5766666666666667 0.5125 0.5803333333333334 0.523 0.5900333333333333 0.5229 0.6086666666666667 0.517 0.6209333333333333 0.48965000000000003 0.6209333333333333 0.47595 0.6165666666666667 0.4557 0.6139666666666667 0.442 0.6026666666666667 0.43200000000000005
3 0.5322 0.49810000000000004 0.5356666666666666 0.516 0.5452333333333333 0.51835 0.574 0.5195000000000001 0.5791666666666667 0.50335 0.5761333333333334 0.46165 0.5713333333333334 0.4446 0.5663333333333334 0.431 0.5522 0.4218 0.5365333333333333 0.43420000000000003 0.5347999999999999 0.44525 0.5330666666666666 0.46225 0.5326333333333333 0.47465
3 0.42866666666666664 0.42700000000000005 0.4221666666666667 0.43939999999999996 0.4178 0.44854999999999995 0.41650000000000004 0.45840000000000003 0.41650000000000004 0.49034999999999995 0.41736666666666666 0.5085999999999999 0.42866666666666664 0.5229 0.44086666666666663 0.52615 0.4552 0.52615 0.4683333333333333 0.517 0.4730333333333333 0.50595 0.4717333333333334 0.4936 0.47129999999999994 0.47725 0.47086666666666666 0.4603 0.4704333333333333 0.44525 0.46649999999999997 0.4355 0.45649999999999996 0.4192 0.44956666666666667 0.41395000000000004 0.4426 0.41265 0.44 0.41200000000000003
3 0.5914999999999999 0.53435 0.5918333333333333 0.54335 0.5914999999999999 0.56035 0.5946666666666667 0.5845 0.6213333333333334 0.5615 0.63 0.5529999999999999 0.6265 0.5398499999999999 0.6235 0.52485 0.6191666666666666 0.5228499999999999 0.6101666666666667 0.52585 0.5985 0.5288499999999999
3 0.5491666666666667 0.53135 0.5581666666666666 0.53135 0.5621666666666667 0.53085 0.5801666666666667 0.53035 0.5835 0.53735 0.5871666666666667 0.54535 0.5908333333333333 0.5618500000000001 0.5895 0.57285 0.5864999999999999 0.58685 0.5701666666666667 0.5863499999999999 0.5621666666666667 0.58685 0.5531666666666666 0.5853499999999999 0.5475 0.58185 0.5421666666666667 0.57685 0.5498333333333333 0.56035
3 0.4943666666666667 0.42314999999999997 0.48173333333333335 0.4329 0.4782666666666666 0.442 0.47346666666666665 0.45375 0.47086666666666666 0.4629 0.47129999999999994 0.47725 0.4726 0.48965000000000003 0.47346666666666665 0.49810000000000004 0.47346666666666665 0.5079 0.4774 0.5216 0.4843333333333334 0.5268 0.5035000000000001 0.52945 0.5204333333333333 0.5242 0.5261 0.5164 0.5326333333333333 0.4955 0.5313333333333333 0.47200000000000003 0.5295666666666666 0.4603 0.5243666666666666 0.44854999999999995 0.52 0.43420000000000003 0.5008666666666667 0.4199
3 0.4015 0.5228499999999999 0.40016666666666667 0.56535 0.4015 0.58335 0.4081666666666667 0.5953499999999999 0.4295 0.60285 0.43083333333333335 0.58735 0.4348333333333333 0.57185 0.43616666666666665 0.55785 0.43416666666666665 0.54185 0.4345 0.52335 0.42816666666666664 0.52235 0.41883333333333334 0.51335
3 0.5091666666666667 0.52935 0.5091666666666667 0.5428499999999999 0.5111666666666667 0.57885 0.5178333333333334 0.59085 0.5351666666666667 0.58685 0.5421666666666667 0.57885 0.5495 0.55885 0.5488333333333334 0.53085 0.5448333333333333 0.52535 0.5335000000000001 0.52485 0.5315 0.52335 0.5238333333333334 0.52335
3 0.35673333333333335 0.41705 0.3506666666666667 0.43005000000000004 0.3397666666666667 0.44445 0.3402 0.45744999999999997 0.3419666666666667 0.48355 0.3554333333333333 0.50055 0.3728333333333333 0.4966 0.37456666666666666 0.49075 0.37893333333333334 0.44770000000000004 0.3776 0.41700000000000004 0.36893333333333334 0.40985
3 0.4348333333333333 0.52535 0.43383333333333335 0.54235 0.4351666666666667 0.55335 0.4371666666666667 0.56135 0.43383333333333335 0.57935 0.4401666666666667 0.58885 0.4675 0.59185 0.4695 0.57785 0.4708333333333333 0.55835 0.4725 0.53685 0.4711666666666666 0.51985 0.4685 0.51735 0.4548333333333333 0.52735
3 0.4728333333333333 0.53585 0.4711666666666666 0.57685 0.4741666666666667 0.5913499999999999 0.49616666666666664 0.59935 0.5025 0.58885 0.5045 0.57085 0.5075 0.55285 0.5091666666666667 0.5378499999999999 0.5085000000000001 0.52735 0.5041666666666667 0.52835 0.48616666666666664 0.5288499999999999 0.4741666666666667 0.52085