3 0.6781198910081744 0.6638461538461539 0.6764850136239783 0.7531221719457013 0.6773024523160763 0.8045248868778281 0.7058038147138964 0.8518552036199094 0.7302452316076294 0.9222171945701357 0.7465395095367848 0.9154751131221719 0.7677111716621253 0.8437556561085973 0.7668937329700272 0.6665610859728507 0.7603814713896457 0.6448868778280543 0.750599455040872 0.6367873303167421 0.7392098092643052 0.6367873303167421 0.7277929155313352 0.6367873303167421 0.7204632152588557 0.6489592760180994 0.7090735694822888 0.6489592760180994 0.6927792915531336 0.6530316742081448
3 0.21373297002724795 0.47307692307692306 0.20855585831062673 0.4777828054298643 0.19441416893732968 0.5106334841628959 0.19111716621253405 0.560814479638009 0.18637602179836513 0.6156108597285068 0.18449591280653949 0.6452941176470589 0.19534059945504087 0.6438009049773755 0.20901907356948227 0.622579185520362 0.21514986376021797 0.609366515837104 0.23825613079019073 0.5138461538461538 0.24059945504087193 0.5114932126696833 0.24059945504087193 0.5083710407239819 0.21844686648501363 0.4723529411764706
3 0.1999182561307902 0.3202262443438914 0.198283378746594 0.4149321266968326 0.20397820163487737 0.44601809954751126 0.21294277929155314 0.46497737556561086 0.2153950953678474 0.46497737556561086 0.2178474114441417 0.3878733031674208 0.2186648501362398 0.32158371040723976
3 0.6691553133514987 0.2755656108597285 0.6447138964577657 0.29859728506787325 0.6170027247956403 0.36755656108597284 0.6072479564032698 0.42303167420814475 0.6080381471389646 0.539366515837104 0.6209809264305177 0.5583710407239819 0.684741144414169 0.5692307692307692 0.7098910081743869 0.563710407239819 0.7302452316076294 0.563710407239819 0.7408446866485013 0.5420814479638009 0.7473569482288828 0.4920361990950226 0.7473569482288828 0.4365610859728507 0.7432697547683923 0.385158371040724 0.7408446866485013 0.3553846153846154 0.7310626702997276 0.29316742081447966 0.723732970027248 0.2823529411764706 0.7049863760217984 0.26475113122171945 0.6870572207084469 0.26746606334841627
3 0.5013351498637603 0.26610859728506786 0.4825885558583107 0.29316742081447966 0.46223433242506806 0.35135746606334844 0.45978201634877386 0.3932579185520362 0.4565395095367848 0.4879638009049774 0.4565395095367848 0.5136651583710407 0.46103542234332423 0.5366515837104072 0.49618528610354223 0.5529411764705883 0.5525885558583107 0.551131221719457 0.5863760217983651 0.551131221719457 0.5966485013623978 0.4676923076923077 0.5950136239782017 0.41895927601809957 0.5941961852861035 0.38108597285067874 0.5844141689373297 0.34728506787330315 0.5673297002724795 0.3053393665158371 0.5388010899182561 0.252579185520362
3 0.613133514986376 0.6664253393665158 0.5848228882833787 0.6927601809954751 0.5825613079019074 0.7782352941176471 0.5837057220708447 0.8036199095022624 0.5893732970027248 0.8308597285067874 0.5995367847411445 0.8703167420814479 0.6063215258855587 0.896606334841629 0.6193460490463215 0.9116289592760181 0.6334877384196186 0.9135294117647058 0.6465122615803816 0.8975565610859729 0.6606539509536785 0.8740723981900452 0.6685558583106267 0.8514932126696833 0.6742234332425068 0.8280090497737557 0.6736512261580381 0.7557013574660633 0.6736512261580381 0.7124886877828055 0.6719618528610355 0.6918099547511312 0.6674386920980926 0.6730316742081448 0.6493188010899182 0.6701809954751132 0.6397002724795641 0.660814479638009 0.6238692098092643 0.6598642533936652
3 0.28381471389645774 0.2688235294117647 0.2773024523160763 0.41895927601809957 0.28310626702997277 0.5095022624434389 0.29373297002724796 0.5411764705882353 0.32752043596730246 0.5375565610859728 0.3474114441416894 0.4972850678733032 0.35144414168937327 0.44199095022624435 0.34735694822888286 0.360814479638009 0.3065395095367847 0.2687782805429864
3 0.8444141689373297 0.532579185520362 0.8320708446866485 0.5610407239819004 0.8426702997275204 0.5799547511312216 0.8459128065395095 0.6097285067873304 0.8475476839237057 0.6340723981900452 0.8540599455040871 0.6841176470588235 0.8548773841961853 0.696289592760181 0.8581471389645776 0.7193212669683258 0.8891008174386922 0.7990950226244343 0.8956130790190736 0.8004524886877828 0.9029427792915531 0.762579185520362 0.9062125340599455 0.7206334841628959 0.9062125340599455 0.685475113122172 0.8988828337874659 0.6476018099547511 0.8947956403269754 0.6205429864253393 0.8834059945504087 0.5691402714932127 0.8588555858310626 0.5597285067873303 0.8508174386920981 0.539366515837104
3 0.7815803814713895 0.3202262443438914 0.7571389645776567 0.3635294117647059 0.7465395095367848 0.3946153846153846 0.7481743869209809 0.4636199095022624 0.7465395095367848 0.4933936651583711 0.7685286103542235 0.5204524886877828 0.7994822888283379 0.5258371040723981 0.8231607629427794 0.5244343891402715 0.8346049046321526 0.47330316742081446 0.8410354223433243 0.41760180995475116 0.8418528610354223 0.3892307692307692 0.8394005449591281 0.35266968325791853 0.8296185286103543 0.3161538461538462 0.8198637602179836 0.29859728506787325 0.814141689373297 0.2945248868778281 0.7994822888283379 0.30126696832579186 0.786457765667575 0.3080542986425339
3 0.8850136239782017 0.5732126696832579 0.8964305177111717 0.6367873303167421 0.912724795640327 0.696289592760181 0.9249318801089917 0.7057918552036199 0.93716621253406 0.63 0.9388010899182562 0.5934841628959275 0.9290190735694822 0.5461538461538462 0.9159945504087194 0.5271945701357467 0.9005177111716621 0.5326244343891402
3 0.2377656675749319 0.5169683257918553 0.2170299727520436 0.6046606334841629 0.21844686648501363 0.682081447963801 0.2438964577656676 0.6547058823529411 0.2491008174386921 0.6140723981900453 0.2740871934604905 0.5639819004524886 0.29294277929155316 0.545972850678733 0.2919891008174387 0.5388235294117647 0.28302452316076293 0.5036651583710408 0.27972752043596727 0.46610859728506787 0.25662125340599456 0.4824434389140272
3 0.22681198910081743 0.2850678733031674 0.2186648501362398 0.32158371040723976 0.2170299727520436 0.4690497737556561 0.24310626702997276 0.5082805429864253 0.2553133514986376 0.4852488687782805 0.2782016348773842 0.465158371040724 0.2764850136239782 0.4243891402714932 0.2790190735694823 0.33348416289592764 0.2561307901907357 0.3080542986425339 0.2349591280653951 0.27692307692307694
3 0.8434877384196185 0.39190045248868777 0.8394005449591281 0.47307692307692306 0.8483651226158039 0.4893212669683258 0.85 0.5366515837104072 0.8597820163487739 0.559683257918552 0.8842234332425067 0.5691402714932127 0.8939782016348773 0.5475113122171946 0.9086648501362399 0.5095927601809955 0.9184196185286103 0.47036199095022624 0.9216893732970027 0.4067873303167421 0.9249318801089917 0.385158371040724 0.9249318801089917 0.3418552036199095 0.9216893732970027 0.28773755656108596 0.913542234332425 0.27285067873303165 0.8874659400544959 0.30398190045248874 0.8622070844686649 0.37570135746606337
3 0.27643051771117166 0.5600452488687783 0.2509809264305177 0.6132126696832579 0.23825613079019073 0.68289592760181 0.23918256130790191 0.7314932126696833 0.2585286103542234 0.7737556561085973 0.2905722070844687 0.7354298642533936 0.30520435967302456 0.7142533936651584 0.3056675749318801 0.6734841628959276 0.31367847411444144 0.6007692307692308 0.31509536784741143 0.5889140271493213 0.3226430517711172 0.5741176470588235 0.3278201634877384 0.5702262443438914 0.32405994550408723 0.560814479638009 0.32168937329700276 0.547420814479638 0.3193460490463215 0.545158371040724 0.30896457765667573 0.545158371040724 0.30378746594005446 0.545158371040724 0.2924523160762943 0.5467420814479638
3 0.33027247956403266 0.553710407239819 0.3161307901907357 0.5866063348416289 0.3047956403269755 0.6805429864253394 0.29970027247956404 0.8233484162895928 0.31103542234332426 0.8956561085972851 0.32629427792915533 0.902262443438914 0.35288828337874656 0.8749773755656108 0.3619346049046322 0.8157918552036199 0.36419618528610354 0.7970135746606334 0.37553133514986375 0.7613122171945701 0.383433242506812 0.7368778280542986 0.3885286103542234 0.7171493212669684 0.3953133514986376 0.6918099547511312 0.39588555858310626 0.6561085972850679 0.400408719346049 0.6401357466063349 0.38855585831062667 0.604524886877828 0.37381471389645776 0.5912669683257918 0.36929155313351497 0.5790497737556561 0.3653405994550409 0.5555656108597286 0.3506267029972752 0.5461990950226244 0.3404359673024523 0.548054298642534
3 0.3783106267029973 0.27963800904977376 0.35959128065395096 0.32294117647058823 0.34899182561307907 0.364841628959276 0.35144414168937327 0.4379185520361991 0.34899182561307907 0.4906787330316742 0.39046321525885563 0.5149321266968325 0.4174386920980926 0.5001357466063349 0.44675749318801095 0.49877828054298645 0.45163487738419617 0.4798642533936651 0.4573297002724796 0.39597285067873306 0.4288283378746594 0.3175113122171946 0.4182288828337875 0.28638009049773755 0.40438692098092643 0.2471493212669683
3 0.9184196185286103 0.5299095022624435 0.9298365122615804 0.5461538461538462 0.9404359673024523 0.5934841628959275 0.9388010899182562 0.6259728506787331 0.9428610354223432 0.639502262443439 0.951825613079019 0.6367873303167421 0.9550953678474114 0.6367873303167421 0.9583378746594005 0.6313574660633484 0.96566757493188 0.6191855203619909 0.9738147138964577 0.5772398190045248 0.9738147138964577 0.5488235294117647 0.9681198910081744 0.5380090497737556 0.9550953678474114 0.5258371040723981 0.9485558583106267 0.5218099547511312 0.9347138964577657 0.5136651583710407
3 0.40719346049046323 0.6326244343891403 0.39645776566757496 0.6542081447963801 0.3970299727520436 0.6983710407239819 0.39588555858310626 0.7603619909502262 0.39871934604904635 0.8157918552036199 0.40493188010899184 0.8496380090497738 0.4077656675749319 0.8721719457013575 0.42531335149863764 0.9013122171945701 0.4377384196185286 0.8919004524886879 0.4592370572207084 0.8609049773755656 0.4813079019073569 0.7932579185520362 0.48697547683923703 0.7528506787330317 0.49433242506811986 0.7049773755656109 0.49544959128065397 0.6730316742081448 0.48978201634877383 0.6589140271493212 0.47283378746594007 0.6438914027149322 0.46264305177111714 0.6438914027149322 0.45869209809264305 0.6326244343891403 0.4479291553133515 0.6241628959276018 0.42416893732970024 0.6232126696832578
3 0.9233242506811989 0.37434389140271496 0.9347138964577657 0.3404977375565611 0.9469482288828337 0.3175113122171946 0.9575204359673025 0.30941176470588233 0.961607629427793 0.33239819004524884 0.9640599455040872 0.364841628959276 0.9632425068119891 0.39733031674208147 0.9632425068119891 0.4352036199095023 0.9624250681198909 0.48122171945701353 0.9567029972752044 0.5095927601809955 0.9347138964577657 0.5123076923076924 0.9273841961852861 0.49742081447963804 0.9192370572207085 0.48660633484162896 0.9184196185286103 0.47307692307692306
3 0.810899182561308 0.5638009049773756 0.7997275204359673 0.5950226244343891 0.7889100817438691 0.6015837104072398 0.7791280653950954 0.6232579185520363 0.7709809264305176 0.6462443438914027 0.772615803814714 0.716606334841629 0.7807629427792916 0.758552036199095 0.7856403269754768 0.78289592760181 0.7970572207084469 0.8234841628959276 0.8043869209809263 0.8410407239819004 0.8198637602179836 0.8735294117647059 0.8369754768392371 0.8992307692307692 0.8540599455040871 0.8938009049773755 0.8540599455040871 0.8261538461538462 0.8573297002724796 0.7450226244343892 0.8573297002724796 0.7219909502262444 0.8540599455040871 0.6827601809954751 0.85 0.6530316742081448 0.8426702997275204 0.5813122171945702 0.8312534059945504 0.563710407239819
3 0.498283378746594 0.6805429864253394 0.4909264305177111 0.7857466063348416 0.5005449591280654 0.847737556561086 0.5090190735694823 0.9050678733031675 0.5429700272479564 0.9060180995475112 0.5622070844686649 0.8674660633484164 0.5791825613079019 0.7998190045248869 0.5797547683923706 0.7585067873303167 0.5842779291553134 0.6823981900452489 0.5746594005449591 0.6748868778280543 0.5508991825613079 0.6683257918552036 0.537874659400545 0.6664253393665158 0.5248773841961852 0.6664253393665158 0.5118528610354224 0.6645701357466064 0.5067574931880109 0.6645701357466064