3 0.30519999999999997 0.2732 0.2846 0.28896 0.27068000000000003 0.31383999999999995 0.26156 0.3326 0.25672 0.35444 0.25492 0.37807999999999997 0.26036000000000004 0.40596 0.29248 0.44232 0.304 0.449 0.34096 0.46052 0.35248 0.46232 0.39676 0.46292 0.40824 0.46052 0.43188 0.45504 0.45492 0.45139999999999997 0.48644 0.43868 0.5137200000000001 0.41988 0.54284 0.40052 0.5786 0.38172 0.59616 0.35444 0.5992000000000001 0.33684 0.5925199999999999 0.31683999999999996 0.59012 0.29928 0.58708 0.28472000000000003 0.5786 0.26716 0.56648 0.24836000000000003 0.5398 0.22228 0.51068 0.21076 0.48704000000000003 0.20836000000000002 0.44764 0.20592 0.42888 0.20896 0.41187999999999997 0.21564 0.39856 0.22652 0.38160000000000005 0.23624 0.35856 0.24716 0.33068000000000003 0.25504 0.31372000000000005 0.26168
0 0.626 0.45448 0.6224 0.45888 0.6204 0.46488 0.6207999999999999 0.47088 0.6247999999999999 0.47487999999999997 0.6267999999999999 0.47728 0.6276 0.47888 0.63 0.48128 0.6307999999999999 0.47768 0.6312000000000001 0.47288 0.6304 0.46648 0.6304 0.46288 0.6304 0.45848 0.63 0.45527999999999996
0 0.25228 0.12048 0.25076 0.12756 0.24875999999999998 0.13363999999999998 0.2558 0.14524 0.26188 0.15431999999999998 0.26792 0.16544 0.273 0.17959999999999998 0.27804 0.18668 0.29572000000000004 0.18364 0.31239999999999996 0.18364 0.32095999999999997 0.18008000000000002 0.31339999999999996 0.17708000000000002 0.29116000000000003 0.17708000000000002 0.28208 0.17504 0.275 0.16748 0.26996 0.15788 0.26644 0.14676 0.25632 0.13663999999999998 0.25632 0.1306 0.25532 0.12704000000000001
3 0.44124 0.45504 0.41652 0.47104 0.40052 0.49795999999999996 0.38888 0.51908 0.38160000000000005 0.5438 0.38160000000000005 0.5678 0.39324000000000003 0.594 0.40268 0.6078 0.41868 0.63836 0.43251999999999996 0.666 0.44051999999999997 0.674 0.4594 0.69144 0.47616 0.70308 0.49288 0.7154400000000001 0.51544 0.72492 0.5357999999999999 0.7292799999999999 0.55252 0.7329199999999999 0.58236 0.73364 0.62088 0.7270800000000001 0.65 0.7118 0.68928 0.698 0.7242000000000001 0.68344 0.7525599999999999 0.67108 0.7802 0.6557999999999999 0.80128 0.63036 0.80928 0.59324 0.8042 0.54672 0.79836 0.52632 0.778 0.47032 0.76928 0.44632 0.76128 0.42375999999999997 0.74456 0.40196 0.72636 0.38668 0.68856 0.36632 0.66164 0.36196 0.6150800000000001 0.36632 0.5736 0.38088 0.5496 0.39612 0.50888 0.42452 0.49216000000000004 0.43324 0.46816 0.44488
0 0.7264400000000001 0.833 0.72392 0.83908 0.71836 0.84008 0.71888 0.84364 0.72088 0.85068 0.7213999999999999 0.8512000000000001 0.7254400000000001 0.84768 0.7284400000000001 0.84412 0.73048 0.83756 0.73048 0.833
0 0.69056 0.8022 0.682 0.80576 0.67844 0.80876 0.68756 0.81484 0.69612 0.81636 0.7012 0.8108 0.70016 0.80576 0.69716 0.80272 0.69308 0.80272
3 0 0.12736 0.007679999999999999 0.13068000000000002 0.026879999999999998 0.13240000000000002 0.06092 0.12804 0.088 0.11844 0.1168 0.10712 0.13424 0.09752 0.15780000000000002 0.08704 0.17704 0.07831999999999999 0.21192 0.05036 0.21980000000000002 0.039880000000000006 0.22328 0.00412 0.22191999999999998 0 0.0033599999999999997 0 0 0.053520000000000005
3 0.53332 0.7314400000000001 0.5086 0.75836 0.49112 0.78236 0.47875999999999996 0.80564 0.47512 0.85948 0.48532 0.89732 0.50204 0.93512 0.5406 0.9773200000000001 0.55516 0.9853200000000001 0.5915199999999999 0.99624 0.6179199999999999 1 0.65884 1 0.67952 0.9984 0.71008 0.9889600000000001 0.73772 0.98096 0.7639199999999999 0.97876 0.81044 0.97584 0.81556 0.97148 0.83956 0.9584 0.8599199999999999 0.94096 0.87664 0.91696 0.8977200000000001 0.8652799999999999 0.8948400000000001 0.84056 0.89336 0.79548 0.8897200000000001 0.7685599999999999 0.8832000000000001 0.7402000000000001 0.8722799999999999 0.71984 0.8540800000000001 0.7002 0.8308 0.68636 0.80756 0.67328 0.78352 0.66308 0.7697200000000001 0.6638 0.75444 0.674 0.72752 0.68564 0.697 0.698 0.67008 0.70236 0.6547999999999999 0.70892 0.63152 0.71984 0.61552 0.7270800000000001 0.5813200000000001 0.73364 0.5624 0.7350800000000001 0.53988 0.73364
0 0.40968 0.27727999999999997 0.4026 0.2874 0.40664 0.3 0.41524 0.31972 0.42128 0.33436 0.42936 0.34496 0.442 0.36216000000000004 0.46172 0.36568 0.47332 0.36316000000000004 0.45916 0.35256 0.44704 0.35152 0.43544 0.33992 0.42584 0.32576 0.42532 0.31316000000000005 0.4228 0.30556 0.41524 0.30104000000000003 0.4132 0.28887999999999997 0.41724 0.28284 0.42736 0.28232 0.43544 0.27727999999999997 0.42888 0.27272 0.41675999999999996 0.27172
3 0.13424 0.09836 0.11592 0.12108 0.10371999999999999 0.14724 0.10284 0.17256 0.1098 0.20924 0.12552 0.23016 0.15172 0.25288 0.18224 0.26336000000000004 0.22152000000000002 0.27032 0.2704 0.2686 0.30532 0.26596 0.36556 0.24416 0.38476 0.23016 0.41096 0.21447999999999998 0.44064 0.18480000000000002 0.44588 0.14812 0.44324 0.12279999999999999 0.438 0.10012 0.43104000000000003 0.08004 0.41704 0.05996 0.39612 0.04424 0.36816000000000004 0.03464 0.34636 0.03028 0.30883999999999995 0.02504 0.28264 0.02244 0.24424 0.02768 0.21108000000000002 0.046880000000000005 0.18575999999999998 0.06431999999999999 0.17264 0.07916
1 0.54588 0.51452 0.5286799999999999 0.53852 0.51388 0.54812 0.48948 0.56012 0.46988 0.57732 0.45508 0.58972 0.44868 0.6089199999999999 0.45627999999999996 0.6329199999999999 0.47587999999999997 0.66132 0.50548 0.67292 0.5254800000000001 0.68092 0.54868 0.68812 0.57268 0.68892 0.60468 0.67852 0.644 0.6688 0.66388 0.68412 0.67828 0.68572 0.68668 0.66572 0.67348 0.65052 0.6706799999999999 0.6297200000000001 0.66988 0.6069199999999999 0.65188 0.60212 0.64348 0.58892 0.6586799999999999 0.56972 0.67428 0.55652 0.69788 0.53772 0.7202799999999999 0.53612 0.7402799999999999 0.53852 0.7422799999999999 0.51332 0.71788 0.5129199999999999 0.69468 0.51132 0.67388 0.50892 0.66028 0.50252 0.6446799999999999 0.49172000000000005 0.62948 0.49172000000000005 0.6110800000000001 0.50092 0.60468 0.50252 0.59788 0.49651999999999996 0.58508 0.49851999999999996 0.56868 0.50332 0.56068 0.50292