3 0.76389 0.6138524590163934 0.7683 0.6802049180327869 0.77713 0.745068306010929 0.78707 0.7918306010928962 0.81909 0.8536612021857923 0.85663 0.8808196721311475 0.89858 0.891379781420765 0.9405399999999999 0.8853415300546449 0.96041 0.8446174863387979 0.98139 0.7978551912568306 0.98691 0.7405464480874318 0.99464 0.6802049180327869 1 0.6641803278688525 1 0.5069262295081967 0.99795 0.4992213114754098 0.96041 0.4660382513661202 0.9206599999999999 0.4554781420765028 0.8610399999999999 0.4524590163934426 0.81247 0.4765983606557377 0.78928 0.5067622950819672 0.7683 0.5429508196721311
3 0.22951 0.5836748633879781 0.25712 0.6621174863387979 0.29245 0.6922814207650273 0.3333 0.7164071038251366 0.38961 0.7299863387978143 0.4415 0.7330054644808742 0.47793 0.7345081967213114 0.50885 0.7284836065573771 0.53424 0.7043442622950821 0.5508 0.6696584699453552 0.56626 0.6153551912568306 0.57288 0.5520081967213115 0.57509 0.4901639344262295 0.57509 0.43285519125683064 0.58392 0.3815710382513661 0.59938 0.3634699453551913 0.61152 0.35442622950819674 0.606 0.31218579234972677 0.58723 0.27297814207650273 0.55411 0.23525956284153007 0.51878 0.21565573770491805 0.47241000000000005 0.19907103825136613 0.41942 0.2035928961748634 0.37415 0.20961748633879781 0.32336000000000004 0.2307377049180328 0.30789999999999995 0.25185792349726777 0.28141000000000005 0.2880601092896175 0.26264 0.34234972677595626 0.25601 0.39213114754098366 0.24497 0.4418989071038252 0.23283 0.5082650273224044
0 0.47039 0.4464617486338798 0.46697000000000005 0.4429508196721312 0.4644 0.4441256830601093 0.46482999999999997 0.4514344262295082 0.46952999999999995 0.45728142076502737 0.4721 0.46136612021857926 0.47381 0.4672131147540984 0.47808999999999996 0.4593306010928962 0.4843 0.45640710382513655 0.49222000000000005 0.4604918032786885 0.49563999999999997 0.4672131147540984 0.5003500000000001 0.4745218579234973 0.50356 0.470724043715847 0.50249 0.462827868852459 0.50848 0.45756830601092896 0.5146799999999999 0.4558196721311476 0.5198200000000001 0.4523087431693989 0.51532 0.4473360655737705 0.5095500000000001 0.44879781420765025 0.5037699999999999 0.4558196721311476 0.49692000000000003 0.4546448087431694 0.49179 0.4499726775956284 0.48258999999999996 0.4499726775956284 0.47637999999999997 0.4523087431693989 0.46889 0.4499726775956284
0 0.04195 0.34662568306010927 0.038810000000000004 0.3558196721311475 0.039130000000000005 0.3654508196721311 0.03928 0.3714344262295082 0.0421 0.36866120218579235 0.04382 0.3643715846994536 0.04523 0.35881147540983604 0.04492 0.3536748633879781
3 0 0.5476775956284152 0.03189 0.5866939890710382 0.06722 0.6138524590163934 0.10696 0.6274180327868852 0.15444 0.6409972677595628 0.19529 0.6319398907103825 0.22179 0.6047950819672131 0.22619999999999998 0.5731284153005464 0.23172 0.5535109289617487 0.23945 0.49620218579234976 0.24828 0.44642076502732236 0.26374000000000003 0.34084699453551914 0.27477999999999997 0.2940846994535519 0.30349 0.2593989071038251 0.31453 0.2397950819672131 0.30569999999999997 0.2035928961748634 0.27477999999999997 0.1658879781420765 0.22619999999999998 0.13420765027322404 0.18203999999999998 0.11912568306010929 0.13456 0.13420765027322404 0.10255 0.13722677595628416 0.0628 0.14476775956284152 0.03189 0.1734289617486339 0.0009 0.22090163934426227
0 0.32147000000000003 0.4308743169398907 0.31808 0.42371584699453557 0.31315 0.41657103825136615 0.31007 0.41993169398907104 0.315 0.4287704918032787 0.3187 0.4380327868852459 0.32209 0.44519125683060107 0.32579 0.4569808743169399 0.3338 0.4641256830601093 0.34273000000000003 0.47045081967213115 0.35105000000000003 0.4717076502732241 0.35598 0.46918032786885244 0.35258999999999996 0.46202185792349726 0.34797 0.4552868852459016 0.3415 0.44897540983606554 0.33411 0.44392076502732236 0.32825 0.44098360655737706 0.32239999999999996 0.434672131147541
0 0.47116 0.422896174863388 0.46945 0.42407103825136616 0.46795 0.426120218579235 0.46881 0.42874316939890705 0.47137 0.42933060109289617 0.4733 0.42670765027322405 0.47373000000000004 0.42378415300546446 0.47287 0.4202732240437158
0 0.35411000000000004 0.5069398907103825 0.35099 0.5106010928961748 0.34713 0.5142486338797815 0.3449 0.5209426229508196 0.34624 0.5266256830601093 0.34802 0.5286612021857924 0.34920999999999996 0.5217622950819673 0.35144 0.5166803278688524 0.3556 0.5134426229508197 0.35872000000000004 0.5168852459016393 0.36019999999999996 0.519931693989071 0.36347 0.5158743169398907 0.36318 0.5107923497267759 0.3608 0.5099863387978142 0.35975999999999997 0.5053142076502732 0.35797 0.5040983606557377 0.3556 0.5065300546448087
0 0.42573 0.40454918032786885 0.42462 0.418688524590164 0.4224 0.4257650273224044 0.42684 0.4338524590163934 0.43571 0.42627049180327864 0.43941 0.4141530054644809 0.442 0.39495901639344266 0.44015 0.3787841530054645 0.43349 0.3590846994535519 0.42832 0.3414071038251366 0.42388 0.32170765027322407 0.41944 0.30352459016393446 0.41944 0.28129781420765027 0.41686 0.271707650273224 0.41205 0.27423497267759567 0.41464 0.290396174863388 0.41649 0.3262568306010929 0.4224 0.34241803278688526 0.43017 0.38282786885245906 0.4224 0.3893989071038252 0.41426999999999997 0.3964754098360656 0.41316 0.40303278688524585 0.42351 0.40151639344262297 0.43017 0.40303278688524585
0 0.6639400000000001 0.5348770491803279 0.66123 0.5333333333333333 0.6574 0.5351912568306011 0.65695 0.5410382513661203 0.65988 0.5425819672131148 0.66439 0.5404234972677595
0 0.6486000000000001 0.5404234972677595 0.64432 0.5401092896174864 0.64342 0.5428825136612022 0.64342 0.5471994535519126 0.64725 0.5481284153005465 0.64928 0.5471994535519126
0 0.69753 0.5385792349726776 0.6844600000000001 0.5401092896174864 0.67701 0.5431967213114755 0.6752100000000001 0.5484289617486339 0.68062 0.5487431693989071 0.6860299999999999 0.5481284153005465 0.6919 0.5465846994535519 0.6997899999999999 0.5459699453551913
3 0.57399 0.5369262295081967 0.58061 0.582172131147541 0.58723 0.6274180327868852 0.6015900000000001 0.683224043715847 0.62919 0.7149043715846993 0.67114 0.7390300546448088 0.70868 0.7375273224043716 0.73739 0.7118852459016394 0.75064 0.6696584699453552 0.7605700000000001 0.6168579234972678 0.7683 0.561051912568306 0.77934 0.5143032786885247 0.79922 0.4856420765027323 0.80032 0.440396174863388 0.7937000000000001 0.3936338797814207 0.75064 0.3498907103825137 0.71089 0.3317896174863388 0.6479600000000001 0.3317896174863388 0.6093200000000001 0.35290983606557375 0.58282 0.3815710382513661 0.57288 0.43435792349726776