0 0.24742663656884875 0.3823046875 0.23363431151241534 0.3813671875 0.22117381489841986 0.3888671875 0.22063205417607223 0.4010546875 0.23390519187358919 0.4033984375 0.24282167042889388 0.4076171875 0.24796839729119638 0.4019921875 0.24959367945823926 0.3944921875
0 0.4087584650112867 0.4712890625 0.4031151241534989 0.4666015625 0.3981489841986456 0.4740234375 0.40018058690744923 0.4822265625 0.40650112866817156 0.4884765625 0.40785553047404066 0.4876953125 0.41011286681715575 0.4787109375
0 0.7751467268623025 0.922421875 0.7637697516930023 0.94546875 0.7585778781038375 0.958984375 0.7523927765237021 0.975859375 0.7553273137697517 0.9966796875 0.759548532731377 0.9994921875 0.7673363431151242 0.9977734375 0.7709255079006772 0.9808984375 0.7800225733634312 0.96234375 0.7839277652370202 0.9471484375 0.7809932279909707 0.9387109375
0 0.3003160270880361 0.54359375 0.2886681715575621 0.56984375 0.2854176072234763 0.58296875 0.2867720090293454 0.59046875 0.29544018058690746 0.57546875 0.297607223476298 0.57640625 0.2965237020316027 0.59234375 0.29462753950338605 0.603125 0.297607223476298 0.61578125 0.3003160270880361 0.62984375 0.3057336343115124 0.63546875 0.30546275395033856 0.6396875 0.3011286681715576 0.6565625 0.2997742663656885 0.670625 0.30465011286681715 0.68234375 0.30979683972911964 0.6875 0.31331828442437926 0.685625 0.31521444695259593 0.6584375 0.31331828442437926 0.62140625 0.307900677200903 0.6096875 0.3100677200902935 0.603125 0.30952595936794586 0.58109375 0.3065462753950339 0.5675 0.3038374717832957 0.55546875
0 0.7917155756207676 0.76828125 0.7832731376975169 0.77953125 0.7735214446952596 0.781796875 0.7657110609480812 0.784609375 0.7585778781038375 0.7801171875 0.7549887133182844 0.7913671875 0.754334085778781 0.7969921875 0.7520767494356659 0.8037109375 0.7458916478555305 0.81609375 0.7481715575620768 0.821171875 0.7575846501128668 0.8194921875 0.7624604966139954 0.81609375 0.7663656884875847 0.8138671875 0.7715801354401806 0.8116015625 0.7764559819413093 0.8093359375 0.7790519187358916 0.7975390625 0.7823024830699774 0.7919140625 0.7946501128668171 0.793046875 0.797900677200903 0.7834765625 0.7985553047404063 0.773359375
0 0.3302483069977427 0.3139453125 0.3334988713318285 0.3378125 0.33404063205417606 0.36546875 0.3291647855530474 0.3841796875 0.3264785553047404 0.3991796875 0.3294356659142212 0.4080859375 0.3364785553047404 0.3954296875 0.3437923250564334 0.3804296875 0.3478555304740406 0.36078125 0.3483972911963883 0.340625 0.3454176072234763 0.3233203125 0.34352144469525964 0.3111328125 0.3410835214446952 0.3069140625 0.3359367945823928 0.3050390625 0.3329571106094808 0.3073828125
3 0.685372460496614 0.3612109375 0.7574266365688488 0.334921875 0.8222799097065462 0.3944921875 0.8855079006772009 0.458203125 0.9439503386004515 0.53578125 0.9911963882618511 0.5842578125 1 0.99984375 0.9859142212189616 1 0.5220316027088036 1 0.5196839729119639 0.9250390625 0.5164785553047404 0.839140625 0.5380812641083521 0.7768359375 0.5693002257336343 0.700625 0.5717155756207675 0.6590625 0.5765011286681715 0.5994921875 0.5909255079006771 0.5385546875 0.6061399548532731 0.4762109375 0.6205417607223476 0.4305078125 0.6541534988713319 0.386171875
3 0.11221218961625283 0.0675390625 0.09618510158013543 0.15203125 0.07618510158013544 0.2642578125 0.052957110609480815 0.354296875 0.037742663656884876 0.3930859375 0.027336343115124152 0.4720703125 0.03455981941309255 0.5565625 0.07216704288939052 0.624453125 0.11060948081264109 0.706171875 0.1578329571106095 0.768515625 0.20345372460496614 0.8253125 0.23787810383747177 0.8253125 0.28031602708803616 0.8363671875 0.3171331828442438 0.84609375 0.38519187358916473 0.891796875 0.4332054176072235 0.891796875 0.48525959367945826 0.86546875 0.5316704288939051 0.757421875 0.562099322799097 0.6618359375 0.5813092550790068 0.519140625 0.5957336343115125 0.4748046875 0.5989164785553047 0.4346484375 0.592528216704289 0.3833984375 0.5572911963882619 0.265625 0.5212641083521444 0.178359375 0.4820541760722348 0.107734375 0.43722347629796837 0.0633984375 0.3747855530474041 0.0329296875 0.3187358916478555 0.0051953125 0.27311512415349887 0.0010546875 0.21306997742663658 0.0066015625 0.15544018058690745 0.009375
0 0.7530474040632055 0.9044140625 0.7439503386004515 0.9432421875 0.7406997742663657 0.9719140625 0.7423250564334086 0.98484375 0.750451467268623 0.958984375 0.7575846501128668 0.9376171875 0.7627990970654628 0.92296875 0.7653950338600451 0.9190234375 0.7640857787810384 0.91453125 0.7598645598194131 0.9100390625
0 0.6769751693002257 0.7671484375 0.6675620767494357 0.759296875 0.6633182844243792 0.7553515625 0.6600677200902935 0.753671875 0.6565011286681716 0.756484375 0.6568171557562077 0.76265625 0.6620316027088036 0.770546875 0.6746952595936794 0.778984375 0.6795711060948082 0.7755859375
0 0.8798194130925507 0.8909375 0.8684424379232506 0.8819140625 0.8531602708803612 0.871796875 0.8411286681715576 0.87515625 0.8369074492099323 0.883046875 0.8362528216704288 0.8987890625 0.8440632054176073 0.9105859375 0.8538148984198646 0.9179296875 0.8677878103837472 0.9190234375 0.8811060948081264 0.9269140625 0.887607223476298 0.9291796875 0.8941083521444695 0.9297265625 0.9002934537246049 0.9291796875 0.9038600451467269 0.92296875 0.9035440180586907 0.9190234375 0.9009480812641084 0.9105859375 0.8951015801354402 0.9016015625
0 0.441941309255079 0.4716796875 0.43832957110609483 0.4685546875 0.43516930022573364 0.4685546875 0.43155756207674945 0.4775390625 0.4358465011286682 0.4814453125 0.44284424379232507 0.4892578125 0.4453273137697517 0.4935546875 0.4473589164785553 0.4935546875 0.4480361173814898 0.4873046875 0.44600451467268626 0.4814453125