3 0.08484 0.361981981981982 0.08592 0.4236636636636637 0.0935 0.46423423423423427 0.10106 0.48534534534534535 0.1108 0.49345345345345343 0.12918000000000002 0.4804804804804805 0.1108 0.4301501501501502 0.11512 0.3700900900900901 0.10538 0.3570870870870871 0.08376 0.35873873873873874
3 0.17998 0.5519219219219219 0.20593999999999998 0.5421621621621622 0.21458000000000002 0.5535435435435436 0.2189 0.5746246246246246 0.2135 0.6022222222222222 0.20378 0.6363363363363364 0.20486000000000001 0.6622822822822823 0.18647999999999998 0.6817717717717717 0.17026 0.6947747747747748 0.1616 0.6817717717717717 0.15836 0.6493093093093093 0.15944 0.5616516516516517 0.18106 0.5486486486486486
0 0.4158 0.36066066066066066 0.4134 0.3615615615615616 0.4126 0.36816816816816816 0.4158 0.37417417417417415 0.42019999999999996 0.3717717717717718 0.42419999999999997 0.36186186186186187 0.43160000000000004 0.35645645645645646 0.437 0.3525525525525526 0.44439999999999996 0.35105105105105106 0.45139999999999997 0.35285285285285284 0.45580000000000004 0.3567567567567567 0.4618 0.35615615615615615 0.4648 0.35375375375375373 0.4702 0.35405405405405405 0.4772 0.3504504504504505 0.4722 0.34444444444444444 0.4636 0.33633633633633636 0.4566 0.33543543543543547 0.4476 0.33813813813813814 0.44160000000000005 0.34054054054054056 0.4328 0.34354354354354355 0.42919999999999997 0.34864864864864864 0.42360000000000003 0.3471471471471471 0.42060000000000003 0.35285285285285284 0.41919999999999996 0.35945945945945945
3 0.7551599999999999 0.2921621621621622 0.73354 0.323003003003003 0.72922 0.34897897897897895 0.72058 0.37819819819819817 0.7249 0.4269069069069069 0.70976 0.45288288288288286 0.73678 0.46912912912912913 0.75842 0.46912912912912913 0.76598 0.4723723723723724 0.78112 0.45288288288288286 0.7843600000000001 0.40903903903903904 0.78652 0.36036036036036034 0.78328 0.31327327327327326 0.7767999999999999 0.2905405405405405 0.75734 0.2905405405405405
3 0.7508400000000001 0.5145645645645646 0.76382 0.5048348348348348 0.78112 0.5178078078078078 0.80598 0.5259459459459459 0.82652 0.538918918918919 0.83302 0.5502702702702703 0.8373400000000001 0.5681381381381382 0.82868 0.5924924924924925 0.82328 0.6103603603603603 0.81356 0.6217117117117117 0.8005800000000001 0.6136036036036037 0.77354 0.5291891891891892 0.7508400000000001 0.5145645645645646
3 0.54974 0.30027027027027026 0.50866 0.33762762762762766 0.49786 0.3636036036036036 0.49894 0.3993093093093093 0.50326 0.4772372372372372 0.57894 0.4804804804804805 0.59516 0.4723723723723724 0.60814 0.4723723723723724 0.61786 0.45288288288288286 0.6211 0.4057957957957958 0.61462 0.3668468468468468 0.6038 0.3295195195195195 0.5821799999999999 0.31003003003003 0.54974 0.3035435435435435
3 0.14972 0.3506006006006006 0.14538 0.37495495495495496 0.14538 0.42204204204204204 0.16268000000000002 0.45936936936936934 0.16268000000000002 0.4772372372372372 0.16702 0.48696696696696695 0.20162 0.4902102102102102 0.2135 0.4674774774774774 0.20702 0.4301501501501502 0.2038 0.3831831831831832 0.14972 0.34735735735735734
3 0.15296 0.5226726726726727 0.13241999999999998 0.5161861861861862 0.1108 0.5178078078078078 0.10106 0.5324324324324324 0.0935 0.5584084084084083 0.08807999999999999 0.611981981981982 0.0935 0.6200900900900901 0.10754000000000001 0.624954954954955 0.11512 0.6038438438438439 0.11944 0.564894894894895 0.13241999999999998 0.5454054054054054 0.14972 0.5356756756756756 0.15836 0.5275675675675676
3 0.6870599999999999 0.2872972972972973 0.6600199999999999 0.28567567567567564 0.6340800000000001 0.3343843843843844 0.62218 0.3733333333333333 0.61786 0.37819819819819817 0.6211 0.41066066066066065 0.61678 0.45450450450450447 0.61246 0.4658558558558558 0.62542 0.47075075075075073 0.6686799999999999 0.45936936936936934 0.6935399999999999 0.4577477477477478 0.70976 0.4561261261261261 0.72382 0.4317717717717718 0.72382 0.3993093093093093 0.71408 0.3636036036036036 0.70868 0.3295195195195195 0.6902999999999999 0.28243243243243243
3 0.8622000000000001 0.5291891891891892 0.88058 0.5259459459459459 0.89248 0.512942942942943 0.89788 0.508078078078078 0.9097799999999999 0.5194294294294294 0.91086 0.5324324324324324 0.91518 0.5421621621621622 0.9119400000000001 0.5860060060060059 0.91086 0.6103603603603603 0.90654 0.6217117117117117 0.88816 0.6038438438438439 0.88924 0.56003003003003 0.8654400000000001 0.5324324324324324
3 0.65462 0.534054054054054 0.66976 0.5308108108108108 0.69894 0.5324324324324324 0.70976 0.5421621621621622 0.7259800000000001 0.5535435435435436 0.72814 0.6103603603603603 0.72814 0.6428228228228229 0.7249 0.6866366366366367 0.713 0.6963963963963964 0.67732 0.6931531531531532 0.6686799999999999 0.6622822822822823 0.65354 0.6233333333333333 0.64598 0.6168468468468469 0.6600199999999999 0.5502702702702703 0.65138 0.5308108108108108
3 0.49786 0.5421621621621622 0.51732 0.5372972972972972 0.5292 0.5405405405405406 0.5519 0.538918918918919 0.57138 0.534054054054054 0.57786 0.547027027027027 0.57894 0.5762462462462462 0.5757000000000001 0.598978978978979 0.56488 0.6557957957957958 0.56164 0.6882582582582583 0.55732 0.698018018018018 0.54002 0.7045045045045045 0.52596 0.6963963963963964 0.5065 0.6785285285285285 0.50434 0.6557957957957958
3 0.82328 0.5372972972972972 0.8470599999999999 0.5259459459459459 0.85788 0.5259459459459459 0.87626 0.5519219219219219 0.88924 0.5681381381381382 0.8870800000000001 0.6103603603603603 0.88058 0.624954954954955 0.8632799999999999 0.6265765765765766 0.84924 0.6006006006006006 0.83626 0.5860060060060059 0.8373400000000001 0.5616516516516517 0.82436 0.5405405405405406
3 0.57786 0.5308108108108108 0.60056 0.5324324324324324 0.6340800000000001 0.5324324324324324 0.64922 0.5291891891891892 0.6600199999999999 0.5551651651651652 0.6503 0.5908708708708709 0.6384 0.6412012012012013 0.6211 0.6752852852852853 0.59948 0.6687987987987988 0.5692 0.6281981981981982 0.58002 0.5713813813813814 0.57678 0.5324324324324324
3 0.2135 0.3213813813813814 0.19728 0.33924924924924926 0.20378 0.38633633633633635 0.2081 0.43501501501501505 0.21458000000000002 0.473993993993994 0.2189 0.48696696696696695 0.2362 0.48858858858858856 0.2773 0.48372372372372374 0.29026 0.473993993993994 0.27622 0.4236636636636637 0.28054 0.3912012012012012 0.26648 0.3717117117117117 0.26108 0.3506006006006006 0.24486000000000002 0.3311411411411411 0.21458000000000002 0.3181381381381381
3 0.30972000000000005 0.5632732732732733 0.3312 0.5456456456456457 0.35406 0.5454054054054054 0.345 0.5654654654654655 0.35298 0.6363363363363364 0.32918000000000003 0.6785285285285285 0.30972000000000005 0.7077477477477477 0.29026 0.7045045045045045 0.28486 0.6769069069069069 0.26972 0.6314414414414414 0.27514 0.5941141141141141 0.3054 0.5616516516516517
3 0.11944 0.3538438438438438 0.11512 0.3717117117117117 0.11188 0.4317717717717718 0.13026 0.48696696696696695 0.15836 0.4804804804804805 0.1616 0.45936936936936934 0.14538 0.42042042042042044 0.1443 0.3733333333333333 0.11835999999999999 0.3570870870870871
3 0.3718 0.5420420420420421 0.43119999999999997 0.5372372372372373 0.43139999999999995 0.5486486486486486 0.42325999999999997 0.573003003003003 0.42974 0.6428228228228229 0.41244 0.6736636636636637 0.39082 0.6947747747747748 0.35298 0.6509309309309309 0.3519 0.6281981981981982 0.3454 0.566966966966967 0.3542 0.5441441441441441
3 0.43406 0.5502702702702703 0.46974 0.5519219219219219 0.4808 0.5408408408408408 0.49676 0.538918918918919 0.49894 0.5551651651651652 0.49786 0.5681381381381382 0.50326 0.6509309309309309 0.48056 0.6817717717717717 0.45244 0.6947747747747748 0.43082 0.646066066066066 0.42360000000000003 0.5726726726726726 0.42974 0.5519219219219219
0 0.40112000000000003 0.3587087087087087 0.3983 0.35300300300300297 0.3943 0.3554054054054054 0.3955 0.36261261261261263 0.3997 0.37132132132132134 0.40112000000000003 0.3782282282282282 0.4025 0.3854354354354354 0.40612 0.38633633633633635 0.4083 0.3824324324324324 0.40612 0.3761261261261261 0.40312 0.3686186186186186 0.40292 0.3659159159159159
3 0.70002 0.5275675675675676 0.71408 0.5194294294294294 0.72922 0.5259459459459459 0.7422000000000001 0.512942942942943 0.7649 0.5275675675675676 0.77246 0.5275675675675676 0.78544 0.5681381381381382 0.7941 0.5973573573573573 0.7984199999999999 0.6136036036036037 0.78652 0.6557957957957958 0.76382 0.6574174174174173 0.74652 0.6298198198198198 0.7303 0.6103603603603603 0.7259800000000001 0.5551651651651652 0.69678 0.5308108108108108
3 0.82868 0.323003003003003 0.80598 0.3570870870870871 0.79084 0.3765765765765766 0.78544 0.3928228228228228 0.7843600000000001 0.45450450450450447 0.8254400000000001 0.46099099099099095 0.8395 0.41555555555555557 0.8449 0.38144144144144143 0.8449 0.33924924924924926 0.84166 0.3213813813813814 0.8341000000000001 0.3197597597597598
3 0.86652 0.3197597597597598 0.85788 0.336006006006006 0.8459800000000001 0.33924924924924926 0.8449 0.38633633633633635 0.82868 0.4561261261261261 0.8503200000000001 0.46099099099099095 0.86978 0.4512612612612613 0.87626 0.41879879879879883 0.8741 0.3912012012012012 0.86978 0.3165165165165165
3 0.13241999999999998 0.5405405405405406 0.15296 0.5454054054054054 0.1681 0.5486486486486486 0.17998 0.547027027027027 0.15944 0.5665165165165166 0.15836 0.6509309309309309 0.1443 0.6541741741741742 0.1162 0.6509309309309309 0.10864 0.6233333333333333 0.10972 0.6103603603603603 0.11944 0.5924924924924925 0.11835999999999999 0.5713813813813814 0.13241999999999998 0.5437837837837838
3 0.87194 0.4415315315315315 0.88382 0.448018018018018 0.89896 0.43987987987987986 0.90654 0.41555555555555557 0.9119400000000001 0.3652252252252252 0.91086 0.336006006006006 0.89896 0.31327327327327326 0.8914 0.3327627627627628 0.87194 0.33762762762762766 0.87518 0.4269069069069069 0.87194 0.43987987987987986
3 0.21891999999999998 0.5567867867867867 0.23838 0.5632732732732733 0.25783999999999996 0.5454054054054054 0.27514 0.5551651651651652 0.30324 0.5567867867867867 0.3108 0.5681381381381382 0.29134 0.5811411411411411 0.27622 0.5908708708708709 0.2708 0.6168468468468469 0.2708 0.6314414414414414 0.25134 0.6541741741741742 0.2427 0.6817717717717717 0.2189 0.6963963963963964 0.20702 0.6622822822822823 0.20486000000000001 0.6395795795795796 0.2189 0.5778678678678679 0.21674000000000002 0.5519219219219219
3 0.3054 0.3246246246246246 0.28918 0.33762762762762766 0.28378 0.3652252252252252 0.28054 0.39444444444444443 0.27622 0.41555555555555557 0.29242 0.473993993993994 0.29675999999999997 0.47885885885885887 0.3054 0.4804804804804805 0.33892 0.473993993993994 0.37351999999999996 0.4756156156156156 0.3865 0.4463963963963964 0.38432 0.3912012012012012 0.36812 0.36036036036036034 0.35082 0.336006006006006 0.33892 0.3311411411411411 0.32702 0.3165165165165165 0.30756 0.3197597597597598
0 0.46242 0.3994294294294294 0.45302 0.3946246246246246 0.44622 0.39252252252252257 0.43722000000000005 0.3976276276276276 0.43301999999999996 0.40033033033033033 0.43922000000000005 0.40003003003003007 0.44942000000000004 0.4039339339339339 0.45762 0.4039339339339339 0.46002 0.4033333333333333