3 0.29259009009009007 0.595 0.30033783783783785 0.685703125 0.3129279279279279 0.76796875 0.3410135135135135 0.8301171875 0.37200450450450445 0.86203125 0.4204279279279279 0.885546875 0.4678828828828829 0.90234375 0.5182432432432432 0.912421875 0.5579504504504504 0.8838671875 0.6005630630630631 0.8469140625 0.6209009009009009 0.811640625 0.6577027027027027 0.734375 0.6702927927927929 0.6739453125 0.6693243243243243 0.6101171875 0.6596396396396397 0.5294921875 0.6470495495495496 0.4690234375 0.6209009009009009 0.3934375 0.587972972972973 0.369921875 0.5453603603603603 0.3581640625 0.509527027027027 0.34640625 0.47659909909909914 0.32625 0.44270270270270273 0.309453125 0.41655405405405405 0.296015625 0.39718468468468465 0.3010546875 0.3632882882882883 0.32625 0.3536036036036036 0.3413671875 0.3458558558558559 0.403515625 0.3448873873873874 0.4589453125 0.3293918918918919 0.511015625 0.31099099099099103 0.537890625
0 0.4764414414414414 0.5657421875 0.4699099099099099 0.5641796875 0.466981981981982 0.5645703125 0.46112612612612613 0.5633984375 0.4552702702702702 0.5676953125 0.4581981981981982 0.5712109375 0.46427927927927926 0.5731640625 0.46900900900900905 0.5755078125 0.4692342342342342 0.5825390625 0.4723873873873874 0.5848828125 0.4764414414414414 0.5848828125 0.4795945945945946 0.5813671875 0.4798198198198198 0.5786328125 0.4798198198198198 0.5716015625
1 0.4897297297297297 0.4148828125 0.4747747747747748 0.4278515625 0.4593693693693694 0.442421875 0.443963963963964 0.461875 0.4313513513513514 0.4966796875 0.42295045045045043 0.5137109375 0.4089414414414414 0.5404296875 0.4070720720720721 0.574453125 0.4122072072072072 0.6108984375 0.4122072072072072 0.6530078125 0.4052027027027027 0.6983984375 0.39772522522522524 0.724296875 0.38463963963963965 0.7445703125 0.3785810810810811 0.7688671875 0.3753153153153153 0.7866796875 0.38416666666666666 0.81015625 0.4075225225225225 0.829609375 0.4308783783783784 0.838515625 0.4593693693693694 0.845 0.4733783783783784 0.8482421875 0.49439189189189187 0.8466015625 0.499527027027027 0.807734375 0.5023423423423423 0.763984375 0.5154054054054054 0.724296875 0.5228828828828829 0.6967578125 0.5336261261261261 0.6659765625 0.5516891891891892 0.6413671875 0.5570720720720721 0.60515625 0.5570720720720721 0.5725 0.5570720720720721 0.5468359375 0.5375900900900901 0.5398828125 0.5268018018018018 0.525859375 0.5268018018018018 0.5048828125 0.5261486486486486 0.458203125 0.5227927927927928 0.44421875 0.514054054054054 0.4278515625 0.5046171171171171 0.418515625
0 0.4608333333333334 0.4933203125 0.45475225225225224 0.5046484375 0.4511486486486487 0.5120703125 0.4511486486486487 0.5222265625 0.4606081081081081 0.5233984375 0.4648873873873874 0.5288671875 0.46804054054054056 0.5378515625 0.4714189189189189 0.5386328125 0.4747972972972973 0.5374609375 0.47727477477477476 0.5355078125 0.48177927927927927 0.5347265625 0.48605855855855856 0.5308203125 0.4867342342342343 0.5257421875 0.48493243243243245 0.5194921875 0.4808783783783784 0.5155859375 0.4786261261261261 0.5148046875 0.47164414414414413 0.5151953125 0.4657882882882883 0.5124609375 0.4633108108108108 0.5062109375 0.466463963963964 0.5015234375 0.4660135135135135 0.4956640625
0 0.5798423423423423 0.56609375 0.5742117117117117 0.567265625 0.5672297297297297 0.568828125 0.5661036036036036 0.575078125 0.5733108108108108 0.577421875 0.5802927927927928 0.57703125 0.5820945945945946 0.57625 0.5836711711711711 0.573515625 0.5827702702702703 0.56921875
3 0.6213963963963963 0.826171875 0.6413063063063064 0.9505078125 0.6564189189189189 0.996875 0.7452702702702703 1 0.8831756756756757 1 0.8831756756756757 0.986796875 0.9098873873873874 0.9061328125 0.914572072072072 0.85765625 0.9308108108108107 0.8112890625 0.9342792792792792 0.7527734375 0.9366216216216217 0.6559765625 0.9273423423423424 0.6278125 0.9029504504504505 0.6115625 0.8715315315315315 0.589453125 0.8308333333333333 0.5753125 0.7866666666666666 0.5471484375 0.7436261261261261 0.5330078125 0.7227027027027026 0.5370703125 0.7141441441441441 0.5418359375 0.6889639639639639 0.57 0.6771621621621622 0.5904296875 0.6694144144144145 0.6222265625 0.6712837837837838 0.664375 0.6610135135135136 0.725859375 0.6399324324324325 0.7696875 0.6194369369369369 0.806953125
0 0.534527027027027 0.454765625 0.5311486486486486 0.463359375 0.5313738738738739 0.468828125 0.5329504504504504 0.47 0.534527027027027 0.46921875 0.536554054054054 0.4621875 0.5379054054054054 0.456328125
3 0.09774774774774775 0.358203125 0.10346846846846847 0.4812109375 0.12202702702702703 0.57359375 0.1551126126126126 0.623984375 0.20031531531531532 0.6519921875 0.23905405405405405 0.64078125 0.26245495495495497 0.6169921875 0.29795045045045043 0.5778125 0.3124774774774775 0.5344140625 0.3310585585585586 0.5036328125 0.34556306306306306 0.454609375 0.3488063063063063 0.362265625 0.3415315315315315 0.324453125 0.329436936936937 0.255859375 0.3003828828828829 0.2125 0.24954954954954955 0.17890625 0.2229054054054054 0.171875 0.18578828828828828 0.1691015625 0.1664189189189189 0.17328125 0.1631981981981982 0.2194921875 0.1422072072072072 0.2810546875 0.12768018018018018 0.324453125 0.109009009009009 0.342578125
3 0 0.3532421875 0.00015765765765765767 0.3664453125 0.0631081081081081 0.359453125 0.08490990990990992 0.3524609375 0.11072072072072071 0.34125 0.1300900900900901 0.3202734375 0.16157657657657656 0.2194921875 0.1664189189189189 0.1425 0.16076576576576576 0.1047265625 0.1446171171171171 0.059921875 0.1309009009009009 0.0319140625 0.11556306306306306 0.0109375 0.09903153153153153 0 0 0
0 0.8121621621621622 0.83984375 0.8122072072072072 0.8499609375 0.8110810810810811 0.8597265625 0.8119819819819819 0.8663671875 0.8135585585585586 0.8675390625 0.8167117117117118 0.8585546875 0.8182882882882883 0.8476171875 0.8173873873873875 0.8405859375 0.816036036036036 0.8323828125 0.8122072072072072 0.8319921875
0 0.8696396396396396 0.8300390625 0.8651351351351352 0.8323828125 0.8649099099099099 0.8398046875 0.8685135135135135 0.8433203125 0.8723423423423423 0.8433203125 0.8732432432432433 0.8386328125 0.8723423423423423 0.8343359375
0 0.8149099099099099 0.6898046875 0.8140090090090091 0.6987890625 0.8115315315315316 0.7081640625 0.8119819819819819 0.7179296875 0.8144594594594595 0.7230078125 0.816036036036036 0.7140234375 0.8164864864864865 0.7058203125 0.8176126126126125 0.7030859375 0.8180630630630631 0.6980078125 0.8178378378378378 0.6913671875