3 0.5859583333333334 0.4475 0.5777291666666666 0.46346666666666664 0.5824374999999999 0.5424 0.6176666666666667 0.5771666666666667 0.6293958333333334 0.5997 0.6505416666666667 0.5668333333333334 0.6620833333333334 0.5276666666666667 0.6634583333333333 0.4860333333333333 0.6575833333333333 0.46443333333333336 0.6528958333333333 0.45313333333333333 0.6481875 0.4475 0.6435 0.44 0.6341041666666667 0.4428 0.6360416666666667 0.4426666666666667 0.6308333333333334 0.44666666666666666 0.6264583333333333 0.43810000000000004 0.6241249999999999 0.43623333333333336 0.6058333333333333 0.43833333333333335
3 0.7979166666666667 0.5066999999999999 0.7979166666666667 0.5254666666666666 0.8002708333333334 0.5348666666666667 0.8032083333333334 0.5602333333333334 0.8090833333333334 0.5865333333333334 0.8108333333333333 0.5940666666666666 0.8284583333333334 0.5987666666666667 0.8296250000000001 0.5997 0.8343125 0.5997 0.8325625 0.5762 0.8302083333333333 0.5565 0.8302083333333333 0.5461666666666667 0.8272708333333333 0.533 0.8249375000000001 0.5283 0.822 0.5245333333333334 0.8155416666666666 0.5254666666666666 0.81025 0.5236000000000001 0.8061458333333333 0.5104666666666666
3 0.27718750000000003 0.49649999999999994 0.2669166666666667 0.5607 0.2669166666666667 0.5951333333333333 0.2669166666666667 0.6178333333333333 0.26789583333333333 0.6358666666666667 0.27914583333333337 0.6546333333333333 0.2947916666666667 0.6421 0.314375 0.6217666666666667 0.3236666666666667 0.6053333333333333 0.3315 0.5951333333333333 0.3344375 0.5881000000000001 0.3305208333333333 0.5528666666666667 0.33491666666666664 0.5293666666666667 0.32758333333333334 0.5090333333333333 0.3182916666666667 0.4957333333333333 0.3060625 0.48866666666666664 0.291875 0.47613333333333335 0.28502083333333333 0.4871
3 0.10739583333333333 0.4166333333333333 0.09908333333333334 0.45580000000000004 0.09908333333333334 0.4871 0.1000625 0.5129333333333334 0.10837500000000001 0.5027666666666667 0.11522916666666667 0.49963333333333326 0.12110416666666667 0.47850000000000004 0.12795833333333334 0.4518666666666667 0.13285416666666666 0.4378 0.13870833333333332 0.4299666666666667 0.14854166666666666 0.4096666666666667 0.16416666666666666 0.40646666666666664 0.1685625 0.40646666666666664 0.16220833333333334 0.40099999999999997 0.14752083333333335 0.39863333333333334 0.12941666666666665 0.40099999999999997 0.12158333333333333 0.4057 0.10935416666666667 0.4127333333333333
0 0.09872916666666667 0.28476666666666667 0.09729166666666668 0.2991666666666667 0.10089583333333334 0.30723333333333336 0.11314583333333333 0.3078 0.12502083333333333 0.30606666666666665 0.137625 0.3083666666666667 0.15020833333333333 0.3049 0.17145833333333332 0.29266666666666663 0.1765 0.2888 0.1872916666666667 0.2813 0.19954166666666667 0.26689999999999997 0.19810416666666666 0.26286666666666664 0.18145833333333333 0.2553333333333333 0.16677083333333334 0.25020000000000003 0.15814583333333332 0.24443333333333334 0.15272916666666667 0.24443333333333334 0.13977083333333334 0.2525 0.12933333333333333 0.25883333333333336 0.1116875 0.2657333333333333
0 0.9009583333333333 0.5771999999999999 0.893875 0.5748666666666667 0.8897083333333333 0.5745333333333333 0.8847083333333334 0.5735333333333333 0.8840833333333333 0.5778666666666668 0.8874166666666666 0.5841999999999999 0.8928333333333334 0.5871999999999999 0.8961666666666667 0.5945333333333334 0.8997083333333333 0.5972 0.9015833333333333 0.5955333333333334 0.90325 0.5918666666666667 0.9042916666666667 0.5865333333333334 0.9030416666666666 0.5828666666666668
0 0.8402291666666667 0.4844 0.830875 0.5137666666666667 0.8290624999999999 0.5207 0.8384375 0.5390999999999999 0.8484999999999999 0.5471666666666667 0.8549791666666666 0.5408333333333334 0.8683125 0.5471666666666667 0.8758750000000001 0.5581333333333334 0.8755000000000001 0.5633 0.8837916666666668 0.5488999999999999 0.8881041666666667 0.5374 0.8823541666666667 0.5189666666666667 0.8755000000000001 0.508 0.8686666666666666 0.5011 0.8571458333333334 0.48613333333333336 0.8477916666666666 0.48899999999999993
0 0.8404375000000001 0.34726666666666667 0.8414375 0.35486666666666666 0.8424375000000001 0.36086666666666667 0.8454375 0.36286666666666667 0.8484375 0.35886666666666667 0.8469374999999999 0.3520666666666667 0.8456875 0.35006666666666664 0.8421875 0.34686666666666666
0 0.7999375000000001 0.31926666666666664 0.7896875 0.3172666666666667 0.7769375000000001 0.31766666666666665 0.7661874999999999 0.32006666666666667 0.7589375 0.3232666666666667 0.7561875 0.3304666666666667 0.7624375000000001 0.33566666666666667 0.7744375 0.3360666666666666 0.7781874999999999 0.34246666666666664 0.7809375000000001 0.3520666666666667 0.7874375 0.34886666666666666 0.7964375 0.3404666666666667 0.8019375 0.3440666666666667 0.8044375 0.34726666666666667 0.8084375 0.34646666666666665 0.8116875 0.34126666666666666 0.8096875 0.3372666666666667 0.8064374999999999 0.3340666666666667 0.8034374999999999 0.3308666666666667 0.8034374999999999 0.32606666666666667
0 0.856875 0.2946666666666667 0.8589583333333334 0.30366666666666664 0.8697916666666666 0.302 0.8766666666666667 0.302 0.8864583333333333 0.307 0.8972916666666666 0.30866666666666664 0.9035416666666667 0.2946666666666667 0.904375 0.2776666666666667 0.8989583333333333 0.27 0.8885416666666667 0.274 0.8754166666666666 0.27699999999999997 0.8670833333333333 0.28 0.8606250000000001 0.2833333333333333 0.8591666666666666 0.286
3 0.317 0.3163 0.3000833333333333 0.35150000000000003 0.29502083333333334 0.38126666666666664 0.2924791666666666 0.41236666666666666 0.2924791666666666 0.4380666666666666 0.29333333333333333 0.4651333333333333 0.29754166666666665 0.48136666666666666 0.3110833333333333 0.49083333333333334 0.317 0.4921666666666667 0.32714583333333336 0.5016666666666667 0.3335416666666667 0.5076666666666667 0.33937500000000004 0.5073333333333333 0.34489583333333335 0.49623333333333336 0.3525 0.4921666666666667 0.36012500000000003 0.4854 0.3651875 0.48136666666666666 0.37195833333333334 0.4759333333333333 0.37364583333333334 0.47459999999999997 0.3761875 0.4624333333333333 0.3905625 0.4069666666666667 0.3905625 0.39613333333333334 0.3905625 0.38126666666666664 0.3880208333333333 0.3663666666666667 0.3846458333333333 0.34606666666666663 0.38125 0.33253333333333335 0.37533333333333335 0.3217333333333333 0.3702708333333333 0.3136 0.36772916666666666 0.3122666666666667 0.3575833333333333 0.3028 0.35420833333333335 0.30143333333333333 0.34489583333333335 0.30143333333333333 0.3322083333333333 0.30143333333333333
3 0.5125416666666667 0.45580000000000004 0.496875 0.46909999999999996 0.49541666666666667 0.4706666666666666 0.49393750000000003 0.48946666666666666 0.49491666666666667 0.5192 0.49785416666666665 0.5489666666666667 0.514 0.5865333333333334 0.5267291666666667 0.6029666666666667 0.5438541666666666 0.6131333333333333 0.5531458333333333 0.6108 0.5614791666666666 0.5849666666666667 0.5727291666666667 0.5591333333333334 0.5805625 0.5411333333333334 0.577125 0.46909999999999996 0.5707708333333333 0.4620666666666667 0.5702708333333334 0.4620666666666667 0.5673333333333334 0.4597 0.5570625 0.4565666666666667 0.5536458333333333 0.4565666666666667 0.5497291666666667 0.455 0.5414166666666667 0.455 0.5350416666666666 0.4565666666666667 0.5301458333333333 0.4573666666666667 0.519875 0.45893333333333336
3 0.23560416666666667 0.5168666666666667 0.23020833333333332 0.5434666666666667 0.22922916666666668 0.5701 0.2326666666666667 0.5755666666666667 0.2497916666666667 0.5716666666666667 0.25956250000000003 0.5630333333333333 0.2654375 0.5466 0.26789583333333333 0.5372 0.27131249999999996 0.5238999999999999 0.27572916666666664 0.49649999999999994 0.26641666666666663 0.5106 0.25956250000000003 0.5137333333333334 0.25664583333333335 0.5153 0.2537083333333333 0.5168666666666667 0.24881250000000002 0.5184333333333333 0.24195833333333333 0.5153 0.23952083333333332 0.5121666666666667
3 0.6939583333333333 0.438 0.6757916666666667 0.46159999999999995 0.6663958333333333 0.4822666666666667 0.6652083333333334 0.5106666666666666 0.6683333333333333 0.537 0.6775416666666667 0.5442666666666667 0.6933958333333333 0.5677666666666668 0.7163125 0.6137999999999999 0.7268749999999999 0.6476 0.7468333333333333 0.6485666666666666 0.7497708333333333 0.6344666666666666 0.7497708333333333 0.6147333333333332 0.7468333333333333 0.5828 0.7438958333333333 0.5367666666666667 0.7438958333333333 0.5273666666666667 0.73275 0.49166666666666664 0.7303958333333332 0.4804 0.708125 0.44600000000000006 0.7020833333333333 0.437
3 0.166125 0.4237 0.14997916666666666 0.46596666666666664 0.13039583333333335 0.5223333333333333 0.13285416666666666 0.5481666666666666 0.14164583333333333 0.5708666666666666 0.176875 0.5701 0.19302083333333334 0.5552 0.19645833333333332 0.5411333333333334 0.19547916666666668 0.5254666666666666 0.19595833333333335 0.4949333333333333 0.20183333333333334 0.4753666666666667 0.20525 0.4628333333333333 0.21064583333333334 0.4542333333333334 0.21554166666666666 0.4456 0.21602083333333333 0.43856666666666666 0.21358333333333332 0.4315333333333334 0.211125 0.4315333333333334 0.20720833333333333 0.4276 0.20429166666666668 0.42446666666666666 0.19889583333333333 0.419 0.19547916666666668 0.4166333333333333 0.18568749999999998 0.4127333333333333 0.17883333333333334 0.4119333333333333 0.17589583333333333 0.4143
3 0.337375 0.5137333333333334 0.33197916666666666 0.5575666666666667 0.33491666666666664 0.5896666666666667 0.34129166666666666 0.6084666666666666 0.3559583333333334 0.6350666666666667 0.3765208333333333 0.6444666666666666 0.38825000000000004 0.6429 0.3970625 0.6209666666666667 0.40685416666666663 0.6022 0.42250000000000004 0.5841666666666666 0.42250000000000004 0.5630333333333333 0.42250000000000004 0.556 0.4122291666666667 0.49963333333333326 0.4107708333333333 0.4933666666666666 0.40439583333333334 0.49179999999999996 0.3892291666666667 0.4832 0.3853125 0.4769333333333334 0.377 0.47613333333333335 0.36966666666666664 0.47850000000000004 0.3549791666666666 0.4902333333333333 0.34422916666666664 0.4957333333333333
3 0.44583333333333336 0.3476666666666667 0.41508333333333336 0.36366666666666664 0.40239583333333334 0.3839666666666667 0.39647916666666666 0.40290000000000004 0.38887499999999997 0.42183333333333334 0.3880208333333333 0.4380666666666666 0.3880208333333333 0.4597 0.38887499999999997 0.48 0.3939375 0.4867666666666667 0.40070833333333333 0.49083333333333334 0.40408333333333335 0.4935333333333333 0.41168750000000004 0.4949 0.41168750000000004 0.4867666666666667 0.4226875 0.4854 0.42691666666666667 0.48136666666666666 0.4378958333333333 0.4759333333333333 0.45566666666666666 0.47323333333333334 0.47256250000000005 0.4705333333333333 0.4827083333333333 0.46646666666666664 0.499625 0.4597 0.5052083333333334 0.4246666666666667 0.5004791666666667 0.4002 0.49879166666666663 0.3947666666666667 0.4920208333333333 0.3839666666666667 0.4827083333333333 0.3731333333333333 0.45820833333333333 0.3677333333333333
3 0.7362708333333334 0.47663333333333335 0.7321666666666666 0.48133333333333334 0.7315625 0.49166666666666664 0.7386250000000001 0.5142 0.7450833333333333 0.5367666666666667 0.7527083333333333 0.5442666666666667 0.7703125 0.5781000000000001 0.785 0.6043999999999999 0.7938124999999999 0.6232 0.8055416666666667 0.6344666666666666 0.8067291666666667 0.5959333333333333 0.8049583333333333 0.5668333333333334 0.79675 0.5273666666666667 0.79675 0.5132666666666666 0.7943958333333333 0.4982333333333333 0.7914583333333333 0.49166666666666664 0.7885208333333333 0.4832 0.7867708333333333 0.4757 0.7797083333333333 0.46443333333333336 0.7726666666666666 0.45313333333333333 0.7703125 0.4475 0.7626875 0.4475 0.7538750000000001 0.45409999999999995 0.7433125 0.46346666666666664
3 0.1626875 0.40959999999999996 0.1485 0.41040000000000004 0.14018750000000002 0.42446666666666666 0.12697916666666667 0.45389999999999997 0.11464583333333334 0.5027666666666667 0.11699999999999999 0.5225 0.12872916666666667 0.5488 0.13108333333333333 0.5488 0.12814583333333332 0.5234333333333333 0.16395833333333334 0.4266666666666667 0.16866666666666666 0.4229 0.176875 0.41069999999999995 0.17160416666666667 0.40506666666666663
3 0.86 0.28 0.8537083333333333 0.31503333333333333 0.8507708333333334 0.34040000000000004 0.8478333333333333 0.3582666666666667 0.8483333333333333 0.37233333333333335 0.8501666666666666 0.3958333333333333 0.8507708333333334 0.4202666666666667 0.8583958333333332 0.4315333333333334 0.8654375000000001 0.4353 0.8760208333333334 0.41933333333333334 0.8865833333333334 0.4118 0.9100625 0.41086666666666666 0.9218125 0.4184 0.9306249999999999 0.4202666666666667 0.9429375 0.42496666666666666 0.9447083333333333 0.4202666666666667 0.9482291666666666 0.4118 0.9523333333333334 0.378 0.9529375000000001 0.3657666666666667 0.9570416666666667 0.3498 0.9576250000000001 0.34040000000000004 0.9587916666666667 0.3282 0.9147916666666667 0.2783333333333333 0.8829166666666667 0.263
3 0.8466458333333333 0.4343666666666667 0.8358333333333333 0.49366666666666664 0.8277083333333334 0.522 0.8331458333333334 0.5320666666666667 0.8437083333333334 0.5452 0.8589791666666666 0.5593 0.8701458333333334 0.5743333333333334 0.8736666666666667 0.5781000000000001 0.8760208333333334 0.5658666666666666 0.8789374999999999 0.5555333333333333 0.8801249999999999 0.5480333333333334 0.8901041666666667 0.5442666666666667 0.8977291666666667 0.5433333333333333 0.9071250000000001 0.5405 0.92475 0.5442666666666667 0.9265000000000001 0.5452 0.9353125 0.5489666666666667 0.9353125 0.5339333333333334 0.9411875 0.5029333333333333 0.9347291666666667 0.46346666666666664 0.9341458333333333 0.45409999999999995 0.9335625000000001 0.44373333333333337 0.9288541666666668 0.4343666666666667 0.9253333333333333 0.43060000000000004 0.9182916666666666 0.4202666666666667 0.9124166666666667 0.4127333333333333 0.9065416666666667 0.40900000000000003 0.8901041666666667 0.4127333333333333 0.8807083333333333 0.41650000000000004 0.8754166666666666 0.4202666666666667 0.8660208333333334 0.43906666666666666 0.8537083333333333 0.4277666666666667 0.8507708333333334 0.42306666666666665
3 0.0735 0.2703333333333333 0.07433333333333333 0.3028 0.07772916666666667 0.35150000000000003 0.08702083333333334 0.4056 0.10729166666666666 0.41233333333333333 0.12270833333333334 0.4046666666666667 0.14625000000000002 0.40099999999999997 0.165 0.39966666666666667 0.18020833333333333 0.4103333333333333 0.1918541666666667 0.4056 0.19608333333333333 0.3947666666666667 0.2029166666666667 0.3933333333333333 0.20541666666666666 0.37166666666666665 0.20958333333333332 0.357 0.21291666666666667 0.338 0.21479166666666666 0.319 0.20708333333333334 0.29196666666666665 0.20708333333333334 0.27573333333333333 0.20539583333333333 0.26896666666666663 0.198625 0.2581333333333333 0.17072916666666668 0.25003333333333333 0.16041666666666668 0.24166666666666667 0.141125 0.24459999999999998 0.134375 0.2459666666666667 0.11914583333333333 0.25543333333333335 0.11068750000000001 0.26626666666666665 0.10477083333333333 0.2770666666666667 0.09885416666666667 0.28113333333333335
3 0.7468333333333333 0.3394666666666667 0.7309791666666666 0.37329999999999997 0.7227708333333334 0.4005333333333333 0.7221666666666666 0.4334 0.7262916666666667 0.4681666666666666 0.7274583333333333 0.4728666666666667 0.7339166666666667 0.4757 0.7415416666666667 0.4681666666666666 0.7486041666666666 0.45973333333333327 0.75975 0.45126666666666665 0.7691458333333333 0.4475 0.7785416666666667 0.46346666666666664 0.785 0.4804 0.7949791666666666 0.49916666666666665 0.8061458333333333 0.5151333333333333 0.8126041666666667 0.5273666666666667 0.8213958333333333 0.5245333333333334 0.8266875 0.5198333333333333 0.8325625 0.5066999999999999 0.8396041666666666 0.4794333333333334 0.843125 0.45876666666666666 0.8460625 0.4447 0.8466458333333333 0.4240333333333333 0.8478333333333333 0.41086666666666666 0.8478333333333333 0.3883333333333333 0.8484166666666667 0.3620333333333333 0.8475 0.3496666666666667 0.8420833333333333 0.343 0.8243333333333334 0.35356666666666664 0.8131875 0.34323333333333333 0.8120208333333333 0.3300666666666667 0.8108333333333333 0.32536666666666664 0.802625 0.31503333333333333 0.7926249999999999 0.31316666666666665 0.78325 0.31223333333333336 0.7673958333333334 0.316
0 0.2145625 0.44639999999999996 0.20477083333333335 0.4628333333333333 0.19547916666666668 0.4926 0.19595833333333335 0.5356333333333333 0.1974375 0.556 0.20135416666666667 0.5677333333333333 0.21064583333333334 0.5630333333333333 0.22189583333333335 0.5536666666666666 0.22727083333333334 0.5442666666666667 0.23314583333333333 0.5160666666666667 0.23510416666666664 0.5082333333333333 0.23216666666666666 0.4949333333333333 0.22922916666666668 0.48633333333333334 0.22335416666666666 0.45893333333333336 0.22141666666666668 0.45110000000000006
0 0.5310833333333334 0.37123333333333336 0.512 0.39863333333333334 0.5076041666666666 0.4260333333333333 0.5095625 0.4518666666666667 0.5168958333333333 0.45813333333333334 0.529125 0.455 0.5315833333333333 0.4393666666666667 0.5315833333333333 0.4276 0.5393958333333334 0.4143 0.5575 0.4033333333333333 0.5805 0.3916 0.5873541666666667 0.38453333333333334 0.5956666666666667 0.37516666666666665 0.6025208333333333 0.3642 0.6025208333333333 0.3579333333333333 0.598125 0.3430666666666667 0.5922499999999999 0.33366666666666667 0.5922499999999999 0.33366666666666667 0.5868541666666667 0.33366666666666667 0.5731666666666667 0.33913333333333334 0.5668124999999999 0.3407 0.5545625 0.3415 0.5496875 0.34463333333333335 0.5438124999999999 0.35323333333333334 0.5364583333333334 0.3642
3 0.22708333333333333 0.2966666666666667 0.22145833333333334 0.3609666666666667 0.21722916666666667 0.3839666666666667 0.21554166666666666 0.42046666666666666 0.2175 0.44433333333333336 0.22604166666666667 0.46166666666666667 0.22874999999999998 0.48600000000000004 0.2341666666666667 0.5086666666666666 0.2502083333333333 0.52 0.2620416666666667 0.5138333333333334 0.27895833333333336 0.4935333333333333 0.2873958333333333 0.48406666666666665 0.28825 0.4651333333333333 0.28825 0.4448333333333333 0.28910416666666666 0.4259 0.28910416666666666 0.40423333333333333 0.28910416666666666 0.3920666666666667 0.28791666666666665 0.37566666666666665
3 0.41174999999999995 0.4972666666666667 0.4254375 0.5881000000000001 0.44795833333333335 0.6202 0.4548125 0.6311666666666667 0.46849999999999997 0.6233333333333333 0.47633333333333333 0.6013999999999999 0.48464583333333333 0.5834 0.4905208333333333 0.5654 0.49295833333333333 0.5544333333333333 0.49443750000000003 0.5403333333333333 0.49443750000000003 0.5270333333333334 0.49393750000000003 0.5074666666666667 0.49247916666666663 0.49179999999999996 0.49247916666666663 0.48633333333333334 0.4905208333333333 0.4745666666666667 0.48954166666666665 0.4745666666666667 0.4880833333333333 0.4722333333333333 0.4841666666666667 0.46676666666666666 0.474375 0.4698666666666667 0.44306249999999997 0.47379999999999994 0.43083333333333335 0.47850000000000004 0.42593749999999997 0.4832 0.42250000000000004 0.4855333333333333 0.41174999999999995 0.4879