0 0.51124826629681 0.43650205761316874 0.5036789181692094 0.4509190672153635 0.5039597780859917 0.46422496570644717 0.5053606102635229 0.4782716049382716 0.5098474341192788 0.5164609053497943 0.5141470180305132 0.5145404663923182 0.5118099861303744 0.4760539551897577 0.5118099861303744 0.4657064471879287 0.513491678224688 0.45683127572016463 0.5148925104022192 0.44870141746684955
0 0.48345700416088766 0.15943301326017376 0.47777739251040224 0.17244627343392774 0.47574895977808596 0.1834979423868313 0.47737170596393896 0.19383630544124372 0.4811581137309293 0.19900777320530408 0.4871047156726768 0.19597622313671698 0.4927843273231623 0.18724279835390947 0.49575589459084607 0.17708276177411977 0.49467406380027745 0.16745770461819845 0.493997919556172 0.161572930955647 0.49183772538141474 0.1590763603109282 0.48872746185852983 0.1580064014631916
0 0.42427531206657415 0.7744078646547783 0.41544036061026357 0.7739917695473251 0.4097607489597781 0.7602606310013718 0.41323162274618586 0.7544398719707361 0.4192267683772538 0.7527754915409236 0.4255339805825243 0.7577686328303612
0 0.45929264909847434 0.8226657521719251 0.44761789181692097 0.8197530864197531 0.44162621359223303 0.8226657521719251 0.44004854368932034 0.8309876543209876 0.4463557558945908 0.8368129858253315 0.44951109570041614 0.8384727937814358 0.4573994452149792 0.8280749885688158
0 0.42256588072122053 0.3217832647462277 0.4290429958391123 0.32535893918609965 0.4341123439667129 0.32870141746684955 0.43185852981969486 0.3241243712848651 0.4334535367545076 0.32028349336991313 0.43176490984743415 0.31941929583904893 0.4282905686546463 0.31929583904892544 0.4258495145631068 0.3175720164609053 0.4239736477115118 0.31743941472336534 0.42341192787794724 0.3181938728852309
0 0.4397330097087379 0.7794010059442158 0.4372087378640777 0.786886145404664 0.4368932038834951 0.7977046181984453 0.44225728155339805 0.8043621399176956 0.448880027739251 0.8035299497027891 0.45235090152565877 0.7952080475537265 0.4460402219140084 0.7810653863740283
0 0.4879091539528433 0.556026520347508 0.48288141470180307 0.5620118884316415 0.48304438280166434 0.5684316415180614 0.4871012482662968 0.5750617283950618 0.49066920943134534 0.5660768175582991 0.4952115117891817 0.5594467306812986 0.5034847434119278 0.5515317786922725 0.5117579750346741 0.545116598079561 0.5182454923717059 0.5399817101051669 0.5213280166435507 0.5372016460905349 0.5214909847434119 0.5350617283950617 0.521002080443828 0.5335619570187472 0.5171081830790568 0.5318518518518519 0.5112690707350902 0.5348468221307727 0.5021844660194175 0.5404069501600365 0.49375173370319003 0.5455418381344307 0.4854785020804438 0.5393369913123 0.47428571428571425 0.5271467764060356 0.46844313453536757 0.5200868770004573 0.46487517337031903 0.5132418838591678 0.46098127600554784 0.5145267489711934 0.46163314840499303 0.518376771833562 0.46714632454923716 0.5275720164609053 0.478502080443828 0.5399817101051669 0.4853155339805826 0.5463968907178783 0.48726074895977806 0.5511065386374028
0 0.46863037447988903 0.48745313214449015 0.46684812760055483 0.48856881572930955 0.46712898751733706 0.49117055326931874 0.46825589459084604 0.49228166438042975 0.46957004160887655 0.4921582075903063 0.4702253814147018 0.49166438042981253 0.47088418862690706 0.48980795610425243 0.47050624133148405 0.48807498856881576 0.4703190013869626 0.48782807498856884
3 0.24496879334257976 0.9960310928212164 0.22689320388349515 0.9727526291723821 0.24286754507628291 0.9045679012345679 0.2529542302357836 0.874636488340192 0.26052011095700417 0.8313991769547325 0.28195908460471564 0.7687654320987655 0.3025554785020805 0.7244170096021948 0.3197884882108183 0.7050160036579789 0.34542995839112345 0.6889437585733882 0.3580409153952843 0.6845084590763603 0.3744348127600554 0.6584545038866026 0.38914701803051316 0.652912665752172 0.4173092926490985 0.6501417466849565 0.4353848821081831 0.6606721536351167 0.45934466019417475 0.6750845907636032 0.4774202496532594 0.6867261088248742 0.5026421636615811 0.6856149977137632 0.5316470180305132 0.6872793781435756 0.5589667128987517 0.6972565157750343 0.5677947295423024 0.7288523090992227 0.5749410540915396 0.7504709647919524 0.5812447988904299 0.7648834019204389 0.587132454923717 0.7759670781893004 0.5959570041608877 0.777631458619113 0.597638696255201 0.8197622313671696 0.587132454923717 0.9167626886145405 0.5791435506241331 0.9644352994970278 0.5652739251040222 0.9999131229995427
0 0.4484292649098474 0.12538637402834935 0.45762135922330094 0.13518975765889346 0.4645180305131762 0.1392912665752172 0.46708391123439663 0.1330498399634202 0.46667822468793346 0.1260996799268404 0.4612725381414702 0.12235482395976222 0.45694521497919555 0.11700960219478738 0.45208044382801665 0.11611796982167352 0.4473474341192788 0.11914494741655235
0 0.42247572815533985 0.1726245999085505 0.4296393897364771 0.1715546410608139 0.43788488210818305 0.18688614540466394 0.4422122052704577 0.1975811614083219 0.4454576976421637 0.20079103795153178 0.44897018030513175 0.19900777320530408 0.44978155339805825 0.19063100137174213 0.4445110957004161 0.18367626886145405 0.44113037447988906 0.17779606767261086 0.43842579750346744 0.174586191129401 0.4347780859916783 0.1708413351623228 0.4301803051317615 0.16816643804298123 0.4255859916782247 0.16834476451760402 0.4232871012482663 0.16923639689071787
3 0.6375728155339806 0.5095656149977138 0.6309188626907073 0.4716872427983539 0.6186581137309293 0.43473251028806587 0.6077981969486824 0.4162551440329218 0.5941366158113731 0.406556927297668 0.5825762829403607 0.4010150891632373 0.5685644937586685 0.39870141746684956 0.546497919556172 0.39870141746684956 0.5293342579750346 0.39962505715592134 0.5107662968099861 0.4010150891632373 0.5037621359223301 0.39962505715592134 0.4799410540915396 0.37976223136716963 0.46978502080443824 0.3709876543209877 0.4494660194174757 0.3682167352537723 0.4284500693481276 0.37745313214449017 0.4123370319001387 0.39085048010973933 0.40042649098474337 0.406556927297668 0.38886615811373093 0.42041609510745315 0.3794105409153953 0.43473251028806587 0.3646983356449376 0.4596799268404207 0.3531380027739251 0.48877914951989027 0.3471809986130374 0.5109510745313215 0.34017683772538143 0.5340466392318244 0.33106796116504855 0.5474439871970737 0.3216123439667129 0.5636122542295381 0.3051490984743412 0.5964106081390032 0.2967406380027739 0.6153497942386831 0.2928883495145631 0.6315134887974394 0.2907871012482663 0.657384545038866 0.28798196948682386 0.6772473708276178 0.2911373092926491 0.6957247370827617 0.2963904299583911 0.707732053040695 0.305499306518724 0.7146639231824418 0.3240638002773925 0.7012665752171925 0.3513869625520111 0.6864837677183356 0.3566400832177531 0.6841746684956561 0.3752045769764216 0.657384545038866 0.4018273231622746 0.6504526748971193 0.4161893203883495 0.6504526748971193 0.4767891816920943 0.6860219478737997 0.5272330097087379 0.6860219478737997 0.5580582524271844 0.6952629172382259 0.5633113730929264 0.7081938728852308 0.5843273231622746 0.7012665752171925 0.597638696255201 0.7003429355281208 0.6105998613037448 0.6980338363054412 0.6183079056865465 0.6823273891175126 0.6253120665742026 0.6342844078646548 0.6330201109570042 0.591787837219936 0.6393238557558946 0.5760813900320073 0.6449306518723994 0.5483676268861454 0.6466816920943135 0.5289666209419296 0.6428259361997226 0.5141838134430727
3 0.4360540915395284 0.103493369913123 0.4085783633841886 0.13247828074988569 0.38816920943134536 0.21529492455418384 0.3638349514563107 0.3405532693187014 0.3402843273231623 0.41198445358939184 0.3402843273231623 0.45028349336991313 0.36148058252427184 0.46167352537722905 0.37639389736477114 0.4264746227709191 0.4258495145631068 0.3778235025148605 0.4603918169209431 0.36540009144947416 0.49335991678224683 0.3840329218106996 0.5122018030513177 0.39645633287608595 0.5302565880721221 0.39645633287608595 0.5176976421636615 0.38299954275262915 0.5059223300970873 0.36125743026977597 0.5059223300970873 0.32916780978509375 0.5129854368932039 0.3063923182441701 0.5333980582524271 0.2919021490626429 0.5514528432732316 0.27430269775948785 0.5506657420249653 0.25049382716049384 0.5530235783633842 0.19459076360310928 0.549882108183079 0.14283036122542295 0.5231900138696256 0.11591678097850937 0.49964285714285717 0.09521262002743484 0.4698092926490985 0.0879652491998171