0 0.6603450000000001 0.501645 0.6590716666666666 0.503315 0.6580366666666666 0.5060025 0.6580366666666666 0.50857 0.6592716666666667 0.5091675 0.6601066666666666 0.5077325 0.6601466666666667 0.505705 0.6605850000000001 0.5040924999999999 0.6608633333333334 0.5028975
0 0.6897183333333334 0.44828500000000004 0.689105 0.4483425 0.6887399999999999 0.4491775 0.6889316666666667 0.44987 0.6894316666666667 0.44964 0.6900266666666667 0.4490625
0 0.6319583333333333 0.5603075 0.6326883333333333 0.56165 0.6331516666666667 0.56175 0.6329533333333333 0.5644375 0.6319916666666666 0.56578 0.6313616666666667 0.56563 0.6315933333333333 0.56384 0.6314933333333334 0.5614025
3 0.47717333333333334 0.5994400000000001 0.4708616666666667 0.575305 0.46863333333333335 0.56621 0.4656633333333333 0.5624975 0.45860999999999996 0.5580425 0.4539066666666667 0.5558125 0.44957499999999995 0.5584125 0.4427683333333334 0.5630525 0.4369516666666667 0.573265 0.43261999999999995 0.5829175 0.4318766666666667 0.5986950000000001 0.45663000000000004 0.6165175
0 0.6397183333333333 0.5524475 0.6405483333333333 0.554685 0.6414433333333333 0.5555800000000001 0.6414433333333333 0.556875 0.6432016666666667 0.556975 0.6442966666666667 0.556575 0.645125 0.5555325 0.6451916666666667 0.5540875 0.6442633333333333 0.5531425000000001 0.6428699999999999 0.5532925 0.642405 0.5525950000000001 0.6429366666666666 0.5515025 0.6410783333333333 0.5493625 0.6400833333333333 0.5496599999999999 0.6399183333333334 0.548815 0.6388900000000001 0.5479700000000001 0.6377616666666667 0.5493125 0.6374299999999999 0.5515025 0.6375633333333334 0.5530925 0.6379283333333333 0.55364 0.6388900000000001 0.5527949999999999
0 0.3672916666666667 0.30335 0.365435 0.307065 0.36577833333333337 0.3102625 0.36742833333333336 0.309025 0.36935500000000004 0.30624 0.3699733333333334 0.3037625
3 0.507 0.62413 0.51492 0.6313675 0.5276666666666666 0.6176325 0.5297716666666666 0.61466 0.53039 0.576605 0.5319983333333334 0.5656525 0.5294 0.5513575 0.527295 0.548945 0.523335 0.5478325 0.5199933333333333 0.5480175 0.513435 0.5478325 0.509475 0.54876 0.5051433333333334 0.5495025 0.49957333333333337 0.550615 0.4945 0.5522875 0.49152999999999997 0.554515 0.48719833333333334 0.5572999999999999 0.485465 0.5597125 0.4842283333333333 0.5637949999999999 0.4843516666666667 0.56955 0.4878166666666667 0.5858875 0.4911583333333333 0.59721 0.491405 0.5988825000000001 0.4926433333333334 0.6005525 0.49957333333333337 0.6020375 0.5026683333333334 0.6061224999999999 0.50539 0.6103925
3 0.6224666666666667 0.6250575 0.6194966666666667 0.6063075 0.6155366666666666 0.6001825 0.6057583333333334 0.59814 0.6052633333333334 0.5949825 0.6077383333333333 0.5844025 0.618135 0.57475 0.6269216666666667 0.5719650000000001 0.6323666666666666 0.56621 0.638555 0.5676950000000001 0.6479600000000001 0.5773475 0.65254 0.5803175 0.6563766666666667 0.5903425 0.6576133333333333 0.598325 0.6577383333333333 0.605565 0.6401633333333333 0.6181875
3 0.39660666666666666 0.31207 0.39116 0.3000025 0.38509666666666664 0.296105 0.3770516666666667 0.29425 0.36975 0.2922075 0.3626966666666666 0.29035 0.35910666666666663 0.29035 0.35650833333333337 0.29183499999999996 0.34994833333333336 0.2925775 0.3446266666666667 0.29703250000000003 0.34004833333333334 0.30352999999999997 0.3355933333333333 0.312255 0.33225166666666667 0.31819749999999997 0.3292816666666667 0.3246925 0.3305183333333333 0.3302625 0.3342316666666667 0.3432575 0.33386 0.35291 0.33249833333333334 0.36312 0.33287 0.3722175 0.3342316666666667 0.385955 0.3355933333333333 0.396535 0.344875 0.40099 0.35118666666666665 0.40358999999999995 0.35910666666666663 0.4073025 0.36541833333333334 0.407675 0.370865 0.40656 0.3786616666666666 0.40358999999999995 0.38497333333333333 0.3983925 0.390665 0.3956075 0.39598666666666665 0.39338 0.40106166666666665 0.381685 0.40316499999999994 0.3668325 0.40341333333333335 0.34994
3 0.432125 0.527225 0.43125833333333335 0.5075475 0.43051666666666666 0.50105 0.42668 0.4945525 0.42544166666666666 0.49251 0.4207383333333333 0.48434249999999995 0.41801666666666665 0.4797025 0.41430333333333336 0.4741325 0.4096016666666667 0.47339 0.40626 0.4743175 0.4019283333333334 0.4758025 0.3956166666666666 0.47599 0.391285 0.4752475 0.3879433333333333 0.4785875 0.3846016666666667 0.480445 0.380765 0.48193 0.377795 0.4854575 0.3760616666666666 0.4902825 0.3724733333333334 0.49344 0.369875 0.4971525 0.36913166666666664 0.49845249999999997 0.37717666666666666 0.5179425 0.38484833333333335 0.5301950000000001 0.391655 0.541705 0.39376 0.5454175 0.3995766666666667 0.5363225 0.40428 0.52871 0.408115 0.527225 0.41380833333333333 0.52834 0.4165333333333333 0.5287000000000001 0.4195 0.5294500000000001 0.42358500000000004 0.53001 0.4297733333333333 0.53465
3 0.68645 0.561755 0.6854600000000001 0.5589700000000001 0.6817466666666667 0.5407775 0.6771683333333334 0.531125 0.6723416666666667 0.52704 0.6631833333333333 0.5249974999999999 0.6548916666666666 0.52704 0.65056 0.5294525 0.6433816666666666 0.5292675 0.6394216666666667 0.5305675 0.6364516666666666 0.5353925 0.6339766666666666 0.53985 0.6319966666666667 0.5470875 0.631625 0.5585975 0.6311300000000001 0.5656525 0.6363266666666667 0.5665800000000001 0.6397933333333333 0.5686224999999999 0.6489516666666667 0.577905 0.653035 0.5805025 0.65749 0.592755 0.6583566666666666 0.6029650000000001 0.6647916666666667 0.6037075 0.6737033333333333 0.5979525 0.678035 0.590715 0.6837266666666666 0.571035
3 0.7430083333333334 0.425495 0.7399133333333333 0.4043325 0.736325 0.3913375 0.7295183333333333 0.38205500000000003 0.7185033333333334 0.380015 0.7078599999999999 0.38057 0.6961033333333333 0.3822425 0.6858316666666666 0.379085 0.6811283333333333 0.380015 0.6743216666666666 0.3913375 0.67098 0.40099 0.6697416666666667 0.4117575 0.669495 0.415285 0.66504 0.4202975 0.6626883333333333 0.4249375 0.6613266666666666 0.4301375 0.6603366666666667 0.4334775 0.6613266666666666 0.4579825 0.6623166666666667 0.4622525 0.663925 0.467265 0.6647916666666667 0.46782 0.6738266666666667 0.4665225 0.6923900000000001 0.47747500000000004 0.6984549999999999 0.4854575 0.7061283333333334 0.4873125 0.710335 0.4941825 0.71739 0.499195 0.719865 0.4971525 0.73323 0.4594675
0 0.4049183333333334 0.48946249999999997 0.4027166666666667 0.4866775 0.40003500000000003 0.486265 0.4012033333333333 0.4881225 0.40299166666666664 0.490185 0.403955 0.4917325 0.40484833333333337 0.49194
0 0.6382266666666667 0.55986 0.6367666666666667 0.560855 0.6362366666666667 0.56165 0.636435 0.562895 0.6375633333333334 0.56379 0.6387566666666666 0.5643374999999999 0.6392216666666667 0.5650325 0.6389233333333333 0.5663275 0.637995 0.566875 0.6390233333333333 0.56752 0.6399516666666667 0.5681174999999999 0.64035 0.5673725 0.640615 0.5662775 0.640615 0.5643374999999999 0.6404483333333334 0.5624975 0.63962 0.560905 0.6391549999999999 0.5602575000000001
0 0.7285183333333333 0.44913749999999997 0.729435 0.45266 0.7309466666666667 0.4572575 0.73214 0.4591675 0.7330166666666668 0.45875 0.7328566666666667 0.4564225 0.7320616666666666 0.4543325 0.731265 0.4523625 0.7305883333333333 0.45075 0.7296333333333334 0.44866 0.729355 0.4486
0 0.430535 0.543995 0.4301233333333333 0.5419299999999999 0.42971000000000004 0.5404875 0.4284733333333334 0.54028 0.42806 0.5413125 0.428335 0.5423425 0.42916 0.543995
0 0.43088000000000004 0.5644199999999999 0.43198000000000003 0.56865 0.43315000000000003 0.573705 0.43459333333333333 0.571125 0.43817 0.5680299999999999 0.4394766666666667 0.566175 0.43906333333333336 0.5644199999999999 0.43658833333333336 0.5636975 0.4340433333333334 0.5644199999999999 0.43239333333333335 0.563905 0.43191166666666664 0.56277 0.43074166666666663 0.5602925
3 0.5302666666666667 0.6159600000000001 0.542765 0.6426925 0.5464783333333333 0.6438075 0.5545233333333333 0.6410225 0.56232 0.63638 0.5677650000000001 0.6285850000000001 0.5714833333333333 0.61615 0.57482 0.5990675 0.5763 0.582 0.5716016666666667 0.5790175000000001 0.5677650000000001 0.57512 0.5659083333333333 0.57382 0.5624433333333333 0.572335 0.5586066666666667 0.5719650000000001 0.5560083333333333 0.5712225 0.554275 0.5701075 0.5524183333333333 0.5686224999999999 0.5494483333333333 0.5688075 0.5456116666666667 0.5688075 0.542395 0.566025 0.5402899999999999 0.565095 0.5374433333333333 0.5654675 0.5319983333333334 0.5676950000000001
3 0.7046433333333333 0.5333525 0.7010533333333333 0.496595 0.697835 0.4839725 0.6944950000000001 0.4795175 0.6907816666666666 0.4758025 0.6837266666666666 0.47134750000000003 0.6760533333333334 0.467265 0.6732083333333333 0.4665225 0.66442 0.4685625 0.6613266666666666 0.469305 0.65551 0.4700475 0.652045 0.47246249999999995 0.649075 0.47506 0.6453616666666667 0.48063 0.644 0.4841575 0.6432583333333334 0.49975 0.643505 0.5131175 0.6438766666666667 0.5229550000000001 0.6447433333333333 0.5275974999999999 0.6511783333333334 0.528895 0.6563766666666667 0.5261125 0.6631833333333333 0.5249974999999999 0.6719700000000001 0.5262975 0.6775399999999999 0.5307525000000001 0.6821183333333334 0.53985 0.6833566666666667 0.547275 0.6917716666666667 0.5511725000000001 0.6928850000000001 0.5508025
3 0.453535 0.6239425 0.454525 0.6193025 0.46900500000000006 0.606865 0.4756883333333333 0.6016675 0.4826183333333333 0.6020375 0.48620833333333335 0.6022225 0.4911583333333333 0.6009249999999999 0.4946233333333333 0.6009249999999999 0.49709833333333336 0.6018525 0.50143 0.60538 0.50539 0.6113200000000001 0.50737 0.6257999999999999 0.50799 0.6430650000000001 0.507865 0.6452925 0.48732166666666665 0.640835 0.47061333333333333 0.6352675000000001
3 0.5696216666666667 0.6449199999999999 0.568755 0.6265425 0.5718483333333334 0.6161475000000001 0.5749433333333334 0.5977675 0.578285 0.6009249999999999 0.5829866666666667 0.5975825 0.5881850000000001 0.5973975 0.5935066666666666 0.595355 0.5989516666666667 0.594055 0.6030366666666667 0.59554 0.6048933333333334 0.59851 0.6160316666666666 0.60111 0.6188766666666667 0.605565 0.6204866666666666 0.611505 0.6219716666666667 0.6241275000000001 0.6193716666666667 0.6309975 0.5980866666666667 0.6413925 0.5870716666666667 0.646405
3 0.44809 0.55637 0.4469766666666667 0.5493175 0.43942666666666663 0.5450475 0.4358383333333334 0.541705 0.43261999999999995 0.5394774999999999 0.4275466666666667 0.5350225000000001 0.42358500000000004 0.5307525000000001 0.4198733333333333 0.5294525 0.41455166666666665 0.52834 0.40725 0.5274099999999999 0.40316499999999994 0.529825 0.3980916666666667 0.5400349999999999 0.3948733333333333 0.5474600000000001 0.3980916666666667 0.5619400000000001 0.402175 0.57475 0.40861 0.58533 0.41616000000000003 0.5909 0.43150666666666665 0.5975825 0.43200166666666673 0.58069 0.4376933333333333 0.5702925