3 0.31548418209876544 0.48438368055555553 0.29870177469135806 0.4872453703703704 0.2834452160493827 0.49525462962962963 0.27944058641975306 0.5046932870370371 0.26914351851851853 0.5353009259259259 0.26494791666666667 0.5541811342592593 0.29202739197530864 0.5693431712962963 0.30594907407407407 0.5784982638888889 0.3229224537037037 0.569056712962963 0.32635416666666667 0.5250028935185186 0.3242573302469136 0.5112731481481482 0.3221585648148148 0.49754340277777775
3 0.5971604938271604 0.4580642361111111 0.5836188271604938 0.4743721064814815 0.5685532407407408 0.4858130787037037 0.563786651234568 0.4886747685185185 0.5655015432098766 0.50984375 0.5653125 0.5281510416666667 0.5605439814814815 0.5567563657407407 0.5576832561728395 0.5636226851851852 0.5592091049382716 0.5770659722222222 0.5672183641975309 0.5867939814814815 0.5777083333333334 0.5873668981481481 0.5891493055555556 0.569916087962963 0.5981134259259259 0.5292939814814814 0.6049787808641975 0.49125 0.6065046296296296 0.47208333333333335 0.6044058641975308 0.4600694444444444 0.6011651234567902 0.4572077546296296
3 0.22375385802469136 0.39456018518518515 0.21612654320987656 0.43746817129629634 0.2155536265432099 0.4695081018518518 0.22184799382716047 0.4892476851851852 0.23061921296296295 0.49811342592592595 0.24492283950617286 0.4838107638888889 0.25255208333333334 0.4766608796296296 0.25426697530864195 0.4494849537037037 0.2544579475308642 0.4251678240740741 0.24721064814814814 0.4088628472222222 0.2363406635802469 0.38712384259259264 0.23061921296296295 0.378828125 0.22814043209876544 0.38655092592592594
3 0.2630401234567901 0.3685271990740741 0.25731867283950616 0.4011400462962963 0.2544579475308642 0.4394704861111111 0.25388695987654325 0.47780381944444444 0.2626543209876543 0.4972511574074074 0.2805844907407407 0.4963975694444444 0.2952700617283951 0.48781539351851855 0.2998456790123457 0.4795196759259259 0.3137673611111111 0.4672193287037037 0.32387538580246916 0.4440480324074074 0.3313136574074074 0.42688368055555553 0.3212056327160494 0.41658564814814814 0.30804783950617287 0.39055555555555554 0.29813078703703705 0.37110243055555553 0.28897569444444443 0.3602314814814815 0.2796315586419753 0.3576591435185185 0.27295717592592594 0.35908854166666665 0.2687615740740741 0.3622337962962963
3 0.5467110339506173 0.6432841435185185 0.5565123456790123 0.6528211805555556 0.569224537037037 0.6522251157407408 0.5706828703703704 0.6258043981481483 0.5681655092592592 0.6021643518518518 0.5645910493827161 0.5842853009259259 0.5595582561728395 0.5765364583333333 0.5559818672839506 0.5636255787037038 0.5513464506172839 0.5677951388888889 0.543798225308642 0.5703790509259259 0.5471084104938272 0.5914351851851852 0.5483005401234567 0.6097135416666667 0.5460493827160493 0.6347424768518519
3 0.4228530092592593 0.5438831018518518 0.4165605709876543 0.6111082175925925 0.422091049382716 0.6228385416666667 0.4533661265432099 0.6337065972222222 0.4752970679012346 0.5413107638888889 0.4714834104938272 0.5373061342592593 0.45546489197530865 0.5335850694444444 0.43181712962962965 0.5304398148148148 0.4215181327160494 0.5310127314814815
3 0.19781828703703705 0.36738425925925927 0.18904513888888888 0.42116319444444444 0.18713927469135802 0.4420457175925926 0.19057098765432098 0.46321469907407403 0.1999151234567901 0.46378761574074073 0.2096412037037037 0.4577806712962963 0.21460069444444443 0.4560619212962963 0.21536265432098767 0.4377546296296297 0.2212750771604938 0.40371527777777777 0.21154899691358026 0.38340277777777776 0.20391975308641974 0.36395254629629625
3 0.5023784722222222 0.6228385416666667 0.512295524691358 0.6434346064814815 0.5201138117283951 0.6523003472222222 0.5458603395061727 0.654302662037037 0.5454783950617285 0.636568287037037 0.547957175925926 0.6096788194444445 0.5466222993827161 0.5902256944444444 0.5439525462962963 0.5693431712962963 0.5275520833333334 0.5644820601851852 0.519542824074074 0.5576157407407407 0.5143923611111111 0.5599045138888888 0.5119135802469136 0.5661979166666666 0.5040952932098766 0.6088194444444445
3 0.25197916666666664 0.4780902777777778 0.24187114197530862 0.4866724537037037 0.2302391975308642 0.501261574074074 0.22222800925925926 0.5238599537037038 0.23138310185185185 0.5312962962962963 0.2521701388888889 0.5441695601851853 0.26265817901234567 0.5544675925925926 0.2720042438271605 0.5264351851851852 0.27505401234567906 0.5141348379629629 0.2662827932098766 0.4998292824074074 0.25331404320987655 0.4795196759259259
3 0.46175733024691357 0.6008101851851853 0.465570987654321 0.6139699074074074 0.47815779320987656 0.636568287037037 0.4855960648148148 0.644291087962963 0.496466049382716 0.6359953703703703 0.5042843364197531 0.607103587962963 0.5111516203703703 0.5696296296296297 0.5128665123456789 0.5510358796296296 0.5086709104938272 0.5404513888888889 0.5069560185185185 0.5315827546296297 0.5006616512345679 0.5284375 0.48273533950617287 0.5250028935185186 0.4663348765432099 0.5221440972222222 0.4623302469135802 0.5255758101851852 0.4566087962962963 0.5321556712962964 0.4615663580246914 0.5347309027777778 0.4712924382716049 0.5373061342592593 0.4751060956790123 0.5404513888888889 0.46919560185185183 0.5682002314814815
3 0.39005208333333335 0.4068605324074074 0.37517554012345683 0.43517939814814816 0.3765104166666666 0.4686487268518519 0.3814699074074074 0.4749421296296297 0.38890625 0.48352430555555553 0.40263888888888894 0.48409722222222223 0.40626157407407404 0.4892476851851852 0.4194212962962963 0.4992592592592593 0.4278105709876543 0.5029774305555555 0.43410493827160496 0.5038368055555555 0.43887345679012346 0.49182002314814816 0.4415432098765432 0.4755150462962963 0.4419232253086419 0.4577806712962963 0.44001736111111117 0.43661168981481485 0.436201774691358 0.4217361111111111 0.4268576388888889 0.4120109953703704 0.41255401234567896 0.4057175925925926 0.3974884259259259 0.4005671296296296
1 0.4147762345679012 0.4130931712962963 0.4064564043209877 0.4194791666666667 0.4026929012345679 0.42319444444444443 0.39912808641975306 0.43210648148148145 0.39665316358024694 0.43775173611111107 0.3927893518518519 0.44265335648148146 0.39559220679012347 0.44788194444444446 0.40163387345679014 0.44832754629629634 0.4065856481481481 0.450853587962963 0.4118344907407407 0.46244212962962966 0.4148051697530864 0.46674768518518517 0.420054012345679 0.4621440972222222 0.4214409722222222 0.4572424768518519 0.422926311728395 0.450853587962963 0.4222337962962963 0.4413454861111111 0.422926311728395 0.4337702546296296 0.422926311728395 0.4270862268518518 0.4199556327160494 0.42054976851851855 0.41866705246913577 0.4157957175925926
0 0.4020293209876543 0.4247077546296296 0.3974749228395062 0.4368894675925926 0.3978703703703704 0.44179108796296296 0.4021296296296296 0.44342592592592595 0.4077739197530864 0.4400086805555556 0.41312114197530864 0.4459519675925926 0.4168846450617284 0.4520428240740741 0.420054012345679 0.45233796296296297 0.4216396604938272 0.44446469907407404 0.42193672839506174 0.43644386574074073 0.421045524691358 0.4239670138888889 0.4195601851851852 0.41950810185185183 0.4183699845679012 0.4157957175925926 0.41460841049382713 0.41326967592592595 0.4051003086419753 0.4211429398148148
0 0.3922260802469136 0.4758101851851852 0.3905420524691358 0.4811574074074074 0.39272183641975306 0.48204861111111114 0.39777199074074077 0.48353587962962963 0.4022280092592593 0.48412905092592595 0.4057928240740741 0.48888310185185185 0.4100520833333333 0.4859114583333333 0.4081693672839506 0.48130787037037037 0.4064872685185185 0.4758101851851852 0.4057928240740741 0.4737297453703704 0.40183256172839504 0.4753645833333333 0.39767168209876547 0.47551215277777775
3 0.3343653549382716 0.48438368055555553 0.32730902777777776 0.4963975694444444 0.32463927469135806 0.5069820601851852 0.3275 0.5238599537037038 0.3221585648148148 0.5696296296296297 0.3234934413580247 0.5847916666666667 0.3622087191358025 0.6005237268518518 0.36983603395061726 0.5925144675925926 0.37269675925925927 0.5341579861111111 0.3749845679012346 0.5209982638888889 0.38433063271604934 0.5187094907407408 0.37212577160493826 0.5038368055555555 0.3576311728395062 0.49410879629629634 0.3456172839506173 0.4872453703703704
3 0.38433063271604934 0.5212847222222222 0.374795524691358 0.5224305555555555 0.372505787037037 0.538449074074074 0.37097993827160497 0.6028125000000001 0.4072145061728395 0.6188310185185185 0.41446180555555556 0.6102517361111112 0.4209452160493827 0.5599045138888888 0.4228530092592593 0.5398784722222222 0.420565200617284 0.5321556712962964 0.4022569444444445 0.5255758101851852
3 0.5342264660493827 0.4334635416666667 0.5168711419753087 0.4474826388888889 0.505048225308642 0.47465856481481483 0.5042843364197531 0.4872453703703704 0.5098167438271605 0.5038368055555555 0.5080999228395061 0.5198553240740741 0.508479938271605 0.5395920138888889 0.5132484567901234 0.5516087962962962 0.5283140432098766 0.5641956018518518 0.5471952160493827 0.5710590277777777 0.560162037037037 0.5599045138888888 0.5643576388888889 0.5401649305555556 0.5662654320987655 0.5152777777777777 0.5639776234567901 0.4929658564814815 0.5626427469135802 0.4623553240740741 0.5584471450617283 0.4460503472222222 0.5519618055555555 0.43117476851851855 0.5397569444444444 0.4314612268518519