3 0.5420750000000001 0.40499249812453114 0.5173675 0.4358889722430607 0.481675 0.48531882970742685 0.4734375 0.5110652663165791 0.488995 0.527543135783946 0.508215 0.5519129782445612 0.531095 0.5721680420105026 0.5599225 0.5821230307576895 0.572625 0.5682670667666917 0.5917250000000001 0.5320030007501875 0.6127725 0.5011102775693924 0.6157474999999999 0.48978244561140283 0.6070525 0.46472243060765195 0.597215 0.4424081020255064 0.58509 0.4218117029257314 0.5679299999999999 0.4104838709677419 0.55077 0.4029332333083271
0 0.621015 0.5498312078019505 0.61774 0.5502100525131283 0.61439 0.5525318829707426 0.612915 0.5545311327831959 0.612915 0.5570705176294074 0.613275 0.557880720180045 0.6138875 0.5574456114028508 0.6145 0.5555026256564141 0.615975 0.5539909977494374 0.617775 0.5520442610652663 0.619395 0.5513428357089273 0.6203675 0.5512340585146286
0 0.5812 0.5521117779444862 0.5760850000000001 0.5618904726181545 0.57592 0.563252063015754 0.5773225 0.5646136534133533 0.5792200000000001 0.5633758439609903 0.581035 0.5613953488372093 0.5821075 0.5581770442610652 0.5821900000000001 0.5537209302325582
0 0.607595 0.5794411102775694 0.6080325 0.5847524381095274 0.6082725 0.5895311327831958 0.6086699999999999 0.5931132783195799 0.6099025 0.589351087771943 0.61038 0.5848124531132782 0.609745 0.5833195798949737 0.6085900000000001 0.5815303825956488 0.6092274999999999 0.5803338334583646 0.6102225 0.5789047261815453 0.609425 0.5785446361590398 0.6087100000000001 0.577768192048012 0.607835 0.5774718679669917
0 0.6083925 0.5685446361590397 0.6084925 0.570907726931733 0.6086925 0.5717704426106527 0.6093425 0.5711702925731433 0.6095925 0.5706076519129782 0.6094175000000001 0.5695948987246812 0.6089675 0.5686571642910727
0 0.55638 0.4132820705176294 0.5491 0.42167666916729185 0.5411325 0.43202175543885973 0.5327050000000001 0.4443210802700675 0.5248125 0.4566241560390097 0.52374 0.4640960240060015 0.5314 0.4720292573143286 0.53531 0.4630607651912978 0.541745 0.45397974493623405 0.5497150000000001 0.44708177044261066 0.5531625 0.43696549137284324 0.5589850000000001 0.42776819204801203 0.558295 0.42190547636909226 0.5538525 0.4242048012003001 0.55523 0.4210990247561891 0.5572225 0.4166166541635409
0 0.6126275000000001 0.5507501875468866 0.6110075 0.5525318829707426 0.610395 0.5539909977494374 0.610755 0.5551237809452363 0.61162 0.5546399099774943 0.612195 0.5534508627156789 0.612735 0.5519917479369842
3 0.32824000000000003 0.21694673668417105 0.3089825 0.22295573893473367 0.2874375 0.24412228057014254 0.27466500000000005 0.2627156789197299 0.2710425 0.2801687921980495 0.27370999999999995 0.28760315078769694 0.301165 0.30105026256564144 0.3145125 0.30534133533383345 0.3305275 0.3259377344336084 0.3333875 0.33308702175543886 0.367325 0.291894223555889 0.384865 0.2907501875468867 0.3984025 0.27101275318829704 0.393445 0.2438372093023256 0.37628500000000004 0.2275318829707427 0.35760000000000003 0.22009377344336084 0.34273000000000003 0.21494373593398347
0 0.5910275 0.46430607651912975 0.5852350000000001 0.46692798199549884 0.582935 0.46885596399099777 0.582385 0.4747899474868717 0.5870725 0.47161665416354087 0.5916699999999999 0.4689947486871718 0.5940599999999999 0.465821455363841
3 0.5599225 0.5817779444861215 0.53018 0.5711365341335334 0.523085 0.5670180045011253 0.5159925 0.5807501875468867 0.5189675 0.5968829707426857 0.5262899999999999 0.606496624156039 0.5523724999999999 0.6147336834208552 0.57937 0.6349849962490622 0.5953849999999999 0.6394486121530383 0.6232975000000001 0.6109564891222805 0.6351950000000001 0.5927644411102776 0.63039 0.5529444861215305 0.63039 0.5282295573893473 0.625815 0.5028244561140285 0.6196375000000001 0.4818867216804201 0.61323 0.47433608402100524 0.6157474999999999 0.4918417104276069 0.6130025 0.5017966991747936 0.590075 0.5343960990247562 0.5729500000000001 0.567291822955739
3 0.17520249999999998 0.5068792198049512 0.17393250000000002 0.5342948237059265 0.181875 0.5841185296324081 0.1887075 0.6079557389347336 0.1960175 0.6165378844711178 0.22525 0.621305326331583 0.240505 0.6151087771942986 0.25051249999999997 0.6096249062265566 0.2656075 0.5824493623405851 0.26386000000000004 0.5505063765941486 0.251625 0.5331020255063766 0.22954 0.5176069017254313 0.2080925 0.5047336834208552 0.1836225 0.49806076519129777 0.1817175 0.4982970742685672
0 0.5015725 0.4830757689422356 0.49551999999999996 0.4857201800450113 0.49506 0.49296324081020254 0.49184249999999996 0.5004351087771943 0.49031 0.5060690172543136 0.49345 0.5151500375093774 0.4954425 0.5230832708177044 0.4982 0.5280270067516879 0.5008050000000001 0.5286009002250562 0.5016499999999999 0.524463615903976 0.49957999999999997 0.5092873218304577 0.50119 0.49710052513128283 0.5029525 0.48698424606151536
3 0.24778 0.28874718679669914 0.228525 0.30620030007501875 0.216895 0.3310877719429857 0.2191825 0.35168417104276073 0.23500749999999998 0.3648424606151538 0.260555 0.386297824456114 0.26989749999999996 0.39201800450112523 0.2902975 0.3759977494373593 0.32004000000000005 0.3479632408102025 0.3311 0.3336609152288072 0.324235 0.31478244561140284 0.30822000000000005 0.30219429857464364 0.2769525 0.291609152288072 0.2617 0.2878919729932483