3 0.8024233333333334 0.12483067729083665 0.7963233333333333 0.12841135458167333 0.7886966666666667 0.1341085657370518 0.7754033333333333 0.14208416334661356 0.7697366666666666 0.14664342629482072 0.7666866666666666 0.15331673306772908 0.78085 0.16357320717131474 0.8039 0.17290836653386454 0.8183333333333334 0.17952440239043826 0.8320599999999999 0.1822933266932271 0.8407766666666666 0.18326942231075696 0.8503633333333334 0.18245517928286853 0.8553766666666667 0.17887450199203186 0.8627866666666667 0.16812998007968127 0.8667066666666666 0.15934013944223108 0.8693233333333332 0.14615537848605578 0.86867 0.13557270916334663 0.8630033333333335 0.12678286852589643 0.8529800000000001 0.11701693227091634 0.8479666666666666 0.11262450199203188 0.8475333333333332 0.11700697211155378 0.8471000000000001 0.12223605577689242 0.8469 0.12497509960159361 0.8431666666666666 0.1290836653386454 0.83925 0.1303660358565737 0.8296633333333333 0.13150398406374503 0.8126666666666666 0.12450448207171315
3 0.47209 0.11407121513944224 0.46424333333333334 0.1236429282868526 0.4519533333333333 0.13907370517928286 0.44306333333333336 0.14864541832669323 0.43731000000000003 0.15587400398406376 0.4482933333333334 0.1742355577689243 0.45927666666666667 0.18947211155378485 0.46947333333333335 0.1968949203187251 0.48411666666666664 0.19708914342629483 0.49457666666666666 0.19142430278884462 0.5139266666666666 0.17833665338645419 0.5275266666666666 0.1660308764940239 0.5304033333333333 0.1548954183266932 0.5251733333333334 0.1414168326693227 0.5191566666666667 0.13379980079681275 0.5089600000000001 0.1293077689243028 0.50373 0.12832918326693227 0.4817633333333333 0.11699950199203188
0 0.38728999999999997 0.35287848605577693 0.38127666666666665 0.3540388446215139 0.37700666666666666 0.3540388446215139 0.37642666666666663 0.3578062749003984 0.37953 0.3578062749003984 0.3865133333333333 0.35881972111553784 0.39310666666666666 0.3583864541832669 0.39466 0.3573705179282869 0.3950466666666667 0.3559213147410359 0.39369 0.3549078685258964 0.39077999999999996 0.35360308764940235
0 0.41658 0.3496912350597609 0.4134766666666667 0.35186503984063744 0.41017666666666663 0.35447211155378483 0.4109533333333333 0.3553411354581673 0.41677333333333333 0.3559213147410359 0.4218166666666667 0.3570816733067729 0.42414333333333337 0.3601245019920319 0.42685999999999996 0.3614292828685259 0.4324866666666667 0.36026892430278884 0.43559 0.3592554780876494 0.43908 0.3570816733067729 0.43772333333333335 0.35360308764940235 0.43461999999999995 0.3530229083665339 0.42899333333333334 0.3553411354581673 0.42550333333333334 0.35287848605577693 0.42278666666666664 0.35084910358565735 0.42046000000000006 0.3501269920318725
0 0.42396333333333336 0.3039467131474104 0.42066 0.30524153386454184 0.41979333333333335 0.3065338645418327 0.4205 0.3078685258964144 0.42239333333333334 0.3087176294820717 0.4236933333333333 0.3071414342629482 0.4255333333333333 0.30467380478087647 0.42807666666666666 0.30309760956175297 0.4332733333333333 0.3016010956175299 0.4364 0.30131972111553784 0.4384733333333334 0.3015612549800797 0.4384166666666667 0.30051045816733063 0.4361333333333334 0.3006723107569721 0.43343333333333334 0.30104581673306774 0.42992 0.30196464143426294 0.4259133333333333 0.3032196215139442
1 0.8270133333333333 0.1436105577689243 0.8239866666666666 0.14916832669322708 0.8202033333333334 0.15500996015936255 0.8229766666666666 0.16376992031872512 0.8353333333333334 0.1749800796812749 0.8411366666666666 0.17686503984063745 0.8442866666666667 0.1754506972111554 0.8484499999999999 0.16942231075697212 0.8505933333333334 0.16367529880478088 0.8560166666666668 0.16395916334661356 0.8606833333333334 0.1632993027888446 0.8614400000000001 0.15952938247011952 0.8605566666666666 0.15435009960159363 0.8560166666666668 0.1486977091633466 0.85261 0.14737798804780877 0.8489533333333333 0.14888695219123504 0.8430266666666666 0.14832171314741036 0.8378566666666667 0.14521165338645417 0.8330633333333334 0.14323456175298804 0.8299133333333333 0.14257470119521914
0 0.8415199999999999 0.26964890438247013 0.8376533333333334 0.27062998007968125 0.83801 0.2718849601593626 0.8401266666666667 0.2731374501992032 0.8428366666666668 0.2733017928286852 0.84407 0.2708491035856574 0.8434133333333332 0.2701394422310757
0 0.42488000000000004 0.2811105577689243 0.42374666666666666 0.2814093625498008 0.42388000000000003 0.28243027888446215 0.42484666666666665 0.282953187250996 0.4259133333333333 0.2828286852589641 0.42638000000000004 0.2822310756972112 0.42608 0.28128486055776897
0 0.8354833333333332 0.20300049800796813 0.8336499999999999 0.20367280876494026 0.8334833333333332 0.20471862549800796 0.8332166666666667 0.20598854581673307 0.8335833333333333 0.20730826693227092 0.8354499999999999 0.20728336653386456 0.83695 0.2066608565737052 0.8377166666666667 0.2057893426294821 0.8382833333333333 0.20461902390438247 0.8375166666666667 0.2035483067729084 0.8368833333333333 0.20287599601593626
3 0.37507666666666667 0.35980577689243026 0.37353333333333333 0.38080428286852586 0.3751033333333333 0.39799551792828686 0.38347000000000003 0.416160358565737 0.39053 0.4237798804780877 0.42034 0.4239741035856574 0.43968999999999997 0.4200672310756972 0.44858 0.4085433266932271 0.45511999999999997 0.3936977091633466 0.45041333333333333 0.3792430278884462 0.4459666666666667 0.3725996015936255 0.4226933333333333 0.36302788844621514 0.41118666666666664 0.3593177290836653
3 0.38292 0.31331424302788846 0.3803066666666667 0.32913844621513944 0.37768999999999997 0.3428112549800797 0.37507666666666667 0.35980577689243026 0.3941633333333333 0.3592206175298805 0.4048866666666667 0.35550796812749 0.41822333333333334 0.3562898406374502 0.42658999999999997 0.3619546812749004 0.43339 0.36312749003984063 0.4417566666666667 0.35863296812749 0.45169333333333334 0.3484760956175299 0.45535333333333333 0.33948954183266933 0.45457000000000003 0.33343625498007967 0.44437 0.3226917330677291 0.4323433333333333 0.3199576693227092 0.41769999999999996 0.317417828685259 0.4069766666666667 0.3172211155378486 0.39625666666666665 0.3172211155378486
3 0.7560100000000001 0.10285358565737052 0.75274 0.10904133466135459 0.76734 0.11620268924302789 0.7823766666666667 0.12222609561752988 0.79763 0.12336653386454183 0.8126666666666666 0.12450448207171315 0.8296633333333333 0.13150398406374503 0.83925 0.1303660358565737 0.8460333333333333 0.1272659362549801 0.8470966666666666 0.12076195219123506 0.8470966666666666 0.11083167330677292 0.84143 0.10008715139442231 0.83402 0.09162350597609561 0.8272666666666667 0.08364541832669323 0.8155 0.07566982071713146 0.8041666666666667 0.06818227091633466 0.7978500000000001 0.06492778884462151 0.7937066666666667 0.06411354581673308 0.7893500000000001 0.06720617529880478 0.7869533333333334 0.07208914342629481 0.7917466666666666 0.08234312749003984 0.7915333333333333 0.08999003984063744 0.7906566666666666 0.09487798804780875 0.7824 0.09975099601593626 0.7710466666666667 0.10317978087649403 0.7586233333333333 0.10220368525896414
3 0.80484 0.2933715139442231 0.7912399999999999 0.3006000996015936 0.7865333333333333 0.3086080677290836 0.7883633333333334 0.3156399402390438 0.8003933333333333 0.3269696215139442 0.81556 0.33693227091633465 0.8288966666666667 0.33966633466135454 0.8341266666666667 0.339863047808765 0.83857 0.3353685258964143 0.8490300000000001 0.3291185258964143 0.85766 0.3238446215139442 0.86995 0.32599352589641434 0.8811933333333333 0.32755478087649403 0.8900866666666667 0.32228087649402387 0.89453 0.3142729083665338 0.8963599999999999 0.3052863545816733 0.89113 0.30235806772908363 0.8926999999999999 0.29415338645418326 0.89113 0.28282370517928285 0.8861633333333333 0.27715886454183264 0.8746566666666666 0.27247011952191236 0.8623666666666666 0.2769621513944223 0.854 0.2800871513944223 0.8372633333333334 0.288097609561753 0.8268033333333333 0.29512948207171313 0.8147766666666666 0.29454432270916336
3 0.7224499999999999 0.03155627490039841 0.70589 0.03399900398406374 0.6947766666666666 0.03937001992031873 0.6875866666666668 0.04864790836653386 0.6838799999999999 0.05450946215139442 0.6838799999999999 0.057925796812749 0.6886766666666667 0.06704183266932272 0.6910733333333333 0.07322958167330677 0.68911 0.08560009960159362 0.6860599999999999 0.08804282868525896 0.6910733333333333 0.09178535856573705 0.6973900000000001 0.09748256972111553 0.7019666666666667 0.10057519920318726 0.7154766666666666 0.10317978087649403 0.72463 0.10220368525896414 0.7416266666666667 0.10122758964143426 0.7599333333333333 0.10220368525896414 0.7710466666666667 0.10317978087649403 0.7823766666666667 0.09992529880478088 0.7906566666666666 0.09487798804780875 0.7917466666666666 0.08234312749003984 0.7858633333333334 0.06948456175298805 0.7801966666666668 0.06118276892430279 0.7671233333333333 0.05125249003984064 0.7577533333333334 0.044905378486055775 0.7453333333333333 0.03937001992031873 0.7355266666666667 0.03464890438247012
3 0.8076366666666667 0.17488047808764942 0.79613 0.17878486055776893 0.7812266666666666 0.18698954183266933 0.7773033333333332 0.1961703187250996 0.7843633333333334 0.20789093625498006 0.7948233333333332 0.2182445219123506 0.8089433333333333 0.22625249003984063 0.8225433333333334 0.22566733067729083 0.8298633333333334 0.22293326693227092 0.8463366666666667 0.22547061752988048 0.86412 0.22547061752988048 0.8743166666666666 0.22058764940239042 0.8842533333333334 0.2059387450199203 0.88687 0.1928510956175299 0.8832066666666666 0.1826917330677291 0.8766700000000001 0.1764417330677291 0.8635966666666667 0.16960408366533863 0.8553766666666667 0.17887450199203186 0.8510433333333334 0.1836703187250996 0.8374466666666667 0.1836703187250996 0.82725 0.18191235059760955 0.8139133333333333 0.17839641434262948
3 0.7950866666666667 0.22586155378486053 0.7773033333333332 0.23191733067729084 0.7712899999999999 0.23602091633466135 0.7718133333333334 0.25086653386454183 0.7739033333333334 0.26043824701195223 0.7835799999999999 0.2711802788844621 0.7888099999999999 0.2756748007968127 0.7929933333333333 0.2797758964143426 0.8021466666666667 0.2895418326693227 0.8068533333333333 0.29383964143426294 0.8223999999999999 0.2956175298804781 0.8321333333333334 0.2927290836653386 0.84294 0.28504980079681275 0.8581033333333333 0.2782121513944223 0.8719633333333333 0.2739168326693227 0.8855633333333334 0.26551543824701196 0.8860833333333333 0.25809262948207173 0.8853 0.2487176294820717 0.8824233333333333 0.2446140438247012 0.88164 0.23367529880478088 0.8795466666666666 0.2248854581673307 0.8751033333333333 0.2182445219123506 0.86412 0.22547061752988048 0.8463366666666667 0.22547061752988048 0.8298633333333334 0.22293326693227092 0.8246333333333333 0.22625249003984063 0.8052833333333334 0.22586155378486053
3 0.5777599999999999 0.050438247011952195 0.5720933333333333 0.0615089641434263 0.56926 0.07860059760956176 0.5694766666666667 0.08332171314741035 0.5773233333333333 0.09748256972111553 0.5842966666666667 0.10236553784860558 0.5938833333333333 0.10057519920318726 0.6032533333333333 0.09715637450199203 0.62134 0.092925796812749 0.64335 0.09032121513944223 0.65599 0.08950697211155378 0.6651400000000001 0.08966882470119522 0.67473 0.08966882470119522 0.6838799999999999 0.08722858565737052 0.68911 0.08560009960159362 0.6910733333333333 0.07322958167330677 0.6886766666666667 0.06704183266932272 0.6838799999999999 0.057925796812749 0.6753833333333333 0.04832171314741036 0.67255 0.04311503984063745 0.6581666666666667 0.035625 0.6450933333333333 0.033510956175298805 0.6322366666666667 0.034813247011952195 0.6139333333333333 0.03692729083665339 0.60369 0.03937001992031873 0.58909 0.04246264940239044
3 0.41534666666666664 0.19923804780876495 0.4064533333333333 0.21681772908366534 0.40226999999999996 0.23283615537848606 0.4051466666666667 0.2406499003984064 0.4192666666666667 0.25022161354581673 0.43025 0.25237051792828685 0.4464633333333334 0.24963396414342628 0.45666 0.24670567729083664 0.4767966666666667 0.2424078685258964 0.4888266666666667 0.23752490039840637 0.4977166666666667 0.22814741035856573 0.50216 0.2170144422310757 0.5005933333333333 0.20783366533864542 0.4943166666666667 0.20177788844621514 0.48595 0.19669820717131475 0.46947333333333335 0.1968949203187251 0.46163000000000004 0.19259711155378487 0.4480333333333333 0.19083914342629482 0.4328666666666666 0.1927913346613546 0.4211 0.1955253984063745
3 0.4007033333333333 0.24123505976095616 0.39468666666666663 0.2619422310756972 0.39181000000000005 0.27913097609561754 0.38658 0.292218625498008 0.3839666666666667 0.3066733067729083 0.3868433333333333 0.31312001992031874 0.39625666666666665 0.3172211155378486 0.4069766666666667 0.3172211155378486 0.41769999999999996 0.317417828685259 0.4323433333333333 0.3199576693227092 0.4472466666666667 0.3230826693227092 0.4574466666666666 0.322300796812749 0.4673833333333334 0.3150722111553785 0.4713066666666667 0.3072609561752988 0.47261333333333333 0.2996414342629482 0.48045666666666664 0.29319472111553785 0.48595 0.2789367529880478 0.48647 0.2689741035856574 0.48490333333333335 0.26116035856573705 0.48150333333333334 0.25529880478087646 0.4765333333333333 0.24983067729083666 0.4645066666666667 0.24572958167330677 0.45849333333333336 0.2465089641434263 0.4464633333333334 0.24963396414342628 0.43025 0.25237051792828685 0.4192666666666667 0.25022161354581673 0.4051466666666667 0.2406499003984064 0.40226999999999996 0.23693725099601592
3 0.5270033333333334 0.06308764940239044 0.5118366666666667 0.07402639442231077 0.4974533333333333 0.08691733067729084 0.49091666666666667 0.10449950199203188 0.48986999999999997 0.11289840637450199 0.49457666666666666 0.12247011952191235 0.50373 0.12832918326693227 0.5154966666666667 0.12872011952191237 0.5301400000000001 0.12696215139442232 0.5445233333333334 0.1238371513944223 0.5570733333333333 0.11875747011952191 0.5625666666666667 0.11348356573705179 0.5672733333333333 0.10840637450199203 0.57355 0.10469372509960159 0.57747 0.0990288844621514 0.56832 0.08262201195219124 0.5594266666666666 0.0757843625498008 0.5450466666666667 0.06738545816733067 0.5364166666666667 0.06426045816733067