3 0.685125 0.38665499999999997 0.6671199999999999 0.4132125 0.650615 0.46047750000000004 0.6461133333333333 0.4973875 0.6455133333333333 0.5415 0.6413133333333334 0.5959675 0.647615 0.6126225 0.6581166666666667 0.6184725 0.6752216666666666 0.622075 0.7043316666666666 0.627925 0.7193350000000001 0.620275 0.7298383333333333 0.5973175 0.73494 0.5734600000000001 0.7313383333333333 0.5095425 0.7256366666666666 0.4451725 0.719635 0.42041500000000004 0.7085316666666666 0.39565750000000005 0.6977283333333333 0.383505
3 0.49855499999999997 0.613495 0.5035966666666667 0.6723724999999999 0.51656 0.715585 0.533125 0.7669 0.5450083333333333 0.7766225 0.5630133333333334 0.7614974999999999 0.5730966666666667 0.7220675 0.5824600000000001 0.678315 0.58606 0.6410425000000001 0.58534 0.6194375 0.5241216666666667 0.6070125000000001 0.5118783333333333 0.5848675 0.5129583333333333 0.6043125
3 0.4222483333333333 0.3605475 0.3985416666666667 0.38215499999999997 0.37933666666666666 0.4280675 0.37333333333333335 0.4753325 0.373935 0.521245 0.378135 0.589215 0.38473666666666667 0.6076699999999999 0.39464000000000005 0.6189225 0.407845 0.620725 0.443255 0.6171224999999999 0.4864666666666667 0.61082 0.5023716666666667 0.61082 0.5101733333333334 0.60362 0.512275 0.5820125 0.511075 0.5329475 0.5050733333333334 0.4627275 0.49697 0.416815 0.47716499999999995 0.3799025 0.46066 0.36234750000000004 0.44115333333333334 0.3573975
3 0.24648166666666668 0.616735 0.24072 0.6399625 0.23783833333333332 0.69614 0.23567833333333332 0.7523150000000001 0.23819833333333335 0.785805 0.2634066666666667 0.789045 0.29077333333333333 0.780945 0.3062583333333333 0.7642 0.3253433333333333 0.69668 0.32714499999999996 0.66535 0.31814166666666666 0.6205175 0.30373833333333333 0.6215974999999999 0.29005333333333333 0.617275 0.2806916666666667 0.6048525 0.26772666666666667 0.579465
3 0.17977833333333335 0.43932 0.17407666666666669 0.4789325 0.17947666666666665 0.53475 0.18307833333333334 0.591015 0.19088 0.6342274999999999 0.205585 0.6477324999999999 0.22029 0.64323 0.23589333333333332 0.620275 0.2578 0.5950675 0.26920333333333335 0.57526 0.2635016666666667 0.5487025 0.2665033333333333 0.5162925 0.2650016666666667 0.49828750000000005 0.24519666666666667 0.43751999999999996 0.2296 0.40555 0.21128666666666668 0.40196 0.19808333333333333 0.410525 0.18487833333333334 0.421315
3 0.4175316666666667 0.6215974999999999 0.4258133333333334 0.679935 0.44598000000000004 0.7415125 0.4567833333333333 0.7750025 0.47766833333333336 0.7798624999999999 0.48486999999999997 0.77122 0.49423333333333336 0.7393525 0.4949533333333333 0.7209875 0.5010749999999999 0.678855 0.5014350000000001 0.6529275 0.499275 0.6113350000000001 0.4564216666666667 0.615115
3 0.27610500000000004 0.4276175 0.27160500000000004 0.456875 0.26920333333333335 0.50189 0.2635016666666667 0.5410499999999999 0.2689033333333333 0.5793125 0.27970666666666666 0.60362 0.29321 0.6180225 0.306415 0.6211749999999999 0.3214183333333333 0.6198224999999999 0.3352233333333333 0.6157725000000001 0.3493266666666667 0.60902 0.3625316666666667 0.5991175 0.375135 0.5766100000000001 0.375135 0.5455525 0.37333333333333335 0.50414 0.37303333333333333 0.47848250000000003 0.35952999999999996 0.4451725 0.344825 0.4100625 0.3283216666666667 0.3893575 0.3118166666666667 0.387555 0.2995133333333333 0.38710500000000003 0.2875083333333333 0.40241000000000005
3 0.16329666666666667 0.66427 0.156815 0.7085625 0.15393333333333334 0.750695 0.159695 0.787965 0.17121833333333333 0.7966074999999999 0.18850333333333333 0.787965 0.20615000000000003 0.7750025 0.22055333333333332 0.7409724999999999 0.23459833333333333 0.712345 0.23747833333333332 0.6912775 0.23783833333333332 0.66913 0.22235333333333332 0.6415825 0.20687 0.647525 0.19102500000000003 0.6367225 0.18634333333333333 0.614035 0.1809416666666667 0.6226775 0.16689833333333334 0.647525
3 0.31958166666666665 0.6237575000000001 0.330385 0.6777725 0.34479 0.7388125 0.362435 0.7766225 0.3728783333333333 0.785805 0.394845 0.783645 0.41285 0.7696000000000001 0.4175316666666667 0.713425 0.41861166666666666 0.6702125 0.41645 0.6205175 0.395925 0.6199775 0.38476166666666667 0.6091725 0.37792 0.5891875 0.3764783333333333 0.5756849999999999 0.37359833333333337 0.579465 0.36567666666666665 0.59837 0.34731 0.6124149999999999 0.32354333333333335 0.6205175
3 0.7655483333333333 0.40331 0.750545 0.4285175 0.7352399999999999 0.47128 0.7316383333333333 0.5149425 0.73494 0.5613075 0.7322383333333334 0.592365 0.7385416666666667 0.6135225000000001 0.7634483333333333 0.6405299999999999 0.7904566666666666 0.63918 0.7985583333333334 0.6162225 0.8015599999999999 0.56986 0.7994583333333334 0.5131425000000001 0.8000583333333334 0.46813 0.7955583333333334 0.43662 0.787755 0.4105125
3 0.58534 0.6226775 0.5885816666666667 0.66913 0.602625 0.719905 0.61631 0.7658200000000001 0.6429566666666666 0.76798 0.65376 0.76528 0.6580816666666667 0.7393525 0.6638433333333333 0.6750725 0.6663633333333333 0.6421224999999999 0.6649233333333333 0.6199775 0.6476383333333333 0.612955 0.6411566666666667 0.5989099999999999 0.634315 0.615115 0.6289133333333333 0.6205175 0.5878616666666667 0.6188975
3 0.5773933333333333 0.3632475 0.5575883333333334 0.3618975 0.5362816666666667 0.387555 0.5164766666666667 0.4420225 0.510775 0.48433499999999996 0.511075 0.558605 0.512275 0.5860650000000001 0.5230783333333333 0.6076699999999999 0.5449849999999999 0.6117225 0.579795 0.6184725 0.6116033333333333 0.620275 0.6275083333333333 0.6198224999999999 0.63471 0.6126225 0.6404116666666666 0.5946174999999999 0.6455133333333333 0.5617575 0.6467133333333334 0.50234 0.6374116666666666 0.43932 0.6248083333333333 0.3961075 0.6155050000000001 0.3763025 0.6038016666666667 0.36775 0.5932983333333334 0.36415
3 0.667805 0.6242975000000001 0.667805 0.6604875 0.6652833333333333 0.6918175 0.669965 0.7069425 0.6840083333333333 0.7415125 0.6912116666666668 0.76528 0.7211000000000001 0.7642 0.7466666666666667 0.7625775 0.7473883333333333 0.7215275 0.7452266666666666 0.6718324999999999 0.7383850000000001 0.6242975000000001 0.7301033333333333 0.5978300000000001 0.7211000000000001 0.6188975 0.705255 0.6297
3 0.1257616666666667 0.4793825 0.11946 0.50729 0.12096 0.57166 0.12996333333333332 0.6333274999999999 0.136565 0.655385 0.14766833333333332 0.6666375 0.15997166666666668 0.6675375 0.16807333333333335 0.6463825000000001 0.18067833333333333 0.6229750000000001 0.18458333333333332 0.607675 0.18278333333333335 0.583825 0.18157833333333334 0.5532050000000001 0.173175 0.50054 0.16897500000000001 0.485235 0.15847166666666668 0.47128 0.14706833333333333 0.4631775 0.13416333333333333 0.4640775
3 0.7380616666666666 0.6201725 0.7468783333333334 0.6637325 0.7541366666666666 0.72907 0.7733233333333333 0.75785 0.7893983333333334 0.7625149999999999 0.808585 0.7586275 0.80703 0.726735 0.8018433333333334 0.6699550000000001 0.7909499999999999 0.64025 0.77799 0.6411749999999999 0.762435 0.6388400000000001 0.7416916666666666 0.6170625