3 0.5548124999999999 0.590825 0.5703437499999999 0.6389 0.5821562499999999 0.6718500000000001 0.5939687499999999 0.692375 0.6128125 0.6972499999999999 0.6264062499999999 0.67825 0.6314375 0.636725 0.6381875 0.5956750000000001 0.64359375 0.571925 0.645625 0.555175 0.642578125 0.5584 0.630421875 0.57245 0.6132187499999999 0.5784 0.593296875 0.58325 0.569328125 0.58325 0.551765625 0.582175
3 0.258125 0.307 0.24859375 0.34 0.245265625 0.39825000000000005 0.24221875 0.427425 0.24053125 0.490625 0.24323437499999997 0.5268 0.249984375 0.55005 0.25910937500000003 0.56355 0.276328125 0.567875 0.305359375 0.567325 0.32999999999999996 0.566775 0.34215625 0.556525 0.35025 0.539775 0.349921875 0.506825 0.3475625 0.4339 0.347890625 0.38475000000000004 0.33371875 0.34747500000000003 0.317515625 0.314525 0.302984375 0.28915 0.29253125 0.27565 0.279015625 0.27295 0.269234375 0.28645
3 0.361703125 0.5709000000000001 0.362375 0.590325 0.371828125 0.614575 0.383640625 0.6480750000000001 0.392765625 0.678925 0.40221875 0.6945749999999999 0.411671875 0.7032250000000001 0.42584375 0.6956 0.43698437500000004 0.6675249999999999 0.44204687500000006 0.629225 0.44475 0.607025 0.44678125 0.58055 0.430578125 0.5817 0.419765625 0.5746249999999999 0.40795312499999997 0.582725 0.39478125 0.582725 0.372171875 0.578925
3 0.3904375 0.276725 0.371859375 0.30967500000000003 0.357015625 0.36585 0.35025 0.40365 0.34925 0.4393 0.35025 0.52195 0.351265625 0.543025 0.360390625 0.566775 0.37084375 0.5765 0.38806250000000003 0.580275 0.40629687499999995 0.5819 0.420140625 0.575425 0.42925 0.581375 0.46098437499999995 0.580825 0.48293749999999996 0.5792 0.49710937499999996 0.567875 0.499140625 0.551125 0.49812500000000004 0.482525 0.49778124999999995 0.427425 0.491703125 0.396625 0.471796875 0.33722499999999994 0.45659375 0.29455 0.44343750000000004 0.26915 0.42621875 0.25565 0.40696875 0.259425
3 0.7047343749999999 0.284825 0.687515625 0.32965000000000005 0.67334375 0.37395 0.654765625 0.41985 0.6463281249999999 0.438225 0.6486875000000001 0.47657499999999997 0.64565625 0.53005 0.644640625 0.541925 0.658828125 0.55975 0.6800937499999999 0.567325 0.7010156249999999 0.565175 0.725328125 0.56245 0.7401875 0.55165 0.7438906249999999 0.536 0.750984375 0.47712499999999997 0.7536875000000001 0.427425 0.747953125 0.37395 0.742546875 0.32425 0.733765625 0.292925 0.7263437500000001 0.276725 0.715203125 0.268075
3 0.886359375 0.3788 0.864421875 0.41174999999999995 0.84584375 0.443075 0.8441562499999999 0.45604999999999996 0.8363906249999999 0.504675 0.826609375 0.537625 0.8374062500000001 0.5505749999999999 0.8526093749999999 0.566775 0.8637499999999999 0.573275 0.872859375 0.5613750000000001 0.885015625 0.5246500000000001 0.903921875 0.4501 0.9049375 0.41174999999999995 0.90425 0.37827500000000003 0.8981718750000001 0.367475
3 0.27459375 0.57245 0.28135937499999997 0.606475 0.28640625000000003 0.65675 0.29484374999999996 0.67125 0.31109375 0.68375 0.33234375 0.6595 0.34046875 0.62975 0.34684375 0.5972999999999999 0.353265625 0.578925 0.35562499999999997 0.563275 0.344140625 0.5540999999999999 0.3414375 0.5568 0.328953125 0.5676 0.276625 0.5670499999999999
3 0.06971875 0.35667499999999996 0.06498437500000001 0.38799999999999996 0.067015625 0.43174999999999997 0.0744375 0.47495 0.08490625 0.51385 0.09975 0.54895 0.109203125 0.56355 0.11596875 0.5684 0.133515625 0.564075 0.142296875 0.5440999999999999 0.14837499999999998 0.518175 0.147703125 0.47875 0.14195312499999999 0.42635 0.13790625 0.403125 0.11967187500000001 0.372325 0.10110937499999999 0.34314999999999996 0.08659375 0.33235 0.07646875 0.33235 0.07173437499999999 0.339925
3 0.83978125 0.30427499999999996 0.8188437499999999 0.32262500000000005 0.788125 0.372325 0.77259375 0.410675 0.7638125 0.43174999999999997 0.753015625 0.44255 0.750984375 0.47657499999999997 0.7438906249999999 0.5387 0.747953125 0.54355 0.7705625 0.559225 0.79115625 0.570025 0.8026406250000001 0.573275 0.821203125 0.5522 0.8357187500000001 0.5079 0.8451718749999999 0.45065 0.8478749999999999 0.38097499999999995 0.849234375 0.34424999999999994 0.85125 0.315075
3 0.45285937499999995 0.585475 0.465 0.6437999999999999 0.47578125 0.713 0.49375 0.7302500000000001 0.51265625 0.71825 0.5234062500000001 0.6627249999999999 0.53184375 0.6351749999999999 0.5392812499999999 0.6076250000000001 0.5426562500000001 0.5832999999999999 0.52578125 0.5817 0.5119374999999999 0.5768249999999999 0.50315625 0.5682 0.49809374999999995 0.5644 0.49640625 0.5698 0.481890625 0.5806 0.454546875 0.5817
3 0.738796875 0.5589500000000001 0.7442031250000001 0.5989249999999999 0.764125 0.648625 0.78403125 0.6940000000000001 0.791796875 0.7129000000000001 0.8049687499999999 0.717225 0.8120625 0.691825 0.8211718749999999 0.65185 0.822859375 0.626475 0.820828125 0.6 0.8110468750000001 0.5670499999999999 0.8029375 0.573525 0.7870781250000001 0.568675 0.766140625 0.55625 0.7492656249999999 0.543825 0.7448750000000001 0.541675
3 0.144328125 0.3075 0.141625 0.344775 0.1399375 0.40365 0.14465625 0.45549999999999996 0.15006250000000002 0.506825 0.15242187499999998 0.528975 0.16321875 0.54735 0.175375 0.564075 0.198 0.5613750000000001 0.2189375 0.5505749999999999 0.23546874999999998 0.536 0.24357812499999998 0.523575 0.23884375000000002 0.49439999999999995 0.24121874999999998 0.4647 0.241890625 0.4204 0.230078125 0.39555 0.205765625 0.3518 0.187875 0.321 0.1760625 0.30372499999999997 0.160859375 0.290775 0.15175 0.2913
3 0.185140625 0.5698 0.181421875 0.6135499999999999 0.181421875 0.656775 0.181765625 0.70215 0.18851562500000002 0.7216 0.210453125 0.7178 0.22734375 0.68375 0.2421875 0.63775 0.25265624999999997 0.60125 0.26278125 0.5644 0.25940625 0.563875 0.24893749999999998 0.54875 0.2421875 0.52605 0.23746874999999998 0.53685 0.2185625 0.5536 0.196953125 0.5617 0.184125 0.5633250000000001
3 0.65778125 0.5611 0.672296875 0.6 0.6915312499999999 0.6540250000000001 0.708421875 0.6767 0.730359375 0.6929000000000001 0.74353125 0.678325 0.74690625 0.6502500000000001 0.7442031250000001 0.603775 0.7381249999999999 0.5584 0.73778125 0.554625 0.725296875 0.563275 0.68175 0.5670499999999999
3 0.55390625 0.282 0.5325 0.327 0.5119687500000001 0.389075 0.49710937499999996 0.434975 0.49946875 0.517625 0.50284375 0.56085 0.504203125 0.5684 0.511296875 0.577575 0.5295156249999999 0.583525 0.592984375 0.58245 0.612234375 0.57975 0.6307968749999999 0.572725 0.641609375 0.559225 0.646671875 0.529525 0.648015625 0.47225 0.640921875 0.383675 0.63046875 0.32317500000000005 0.62303125 0.28752500000000003 0.6091875 0.2643 0.593671875 0.251875 0.5723906249999999 0.262675
3 0.11656249999999999 0.5725 0.11187499999999999 0.603775 0.109515625 0.637825 0.11085937500000001 0.664275 0.11862500000000001 0.686975 0.123015625 0.706425 0.124703125 0.716125 0.15031250000000002 0.6725 0.16859375000000001 0.6459999999999999 0.1756875 0.618375 0.181765625 0.60865 0.184796875 0.571925 0.18378125 0.56435 0.175015625 0.563825 0.152046875 0.529775 0.14834375 0.5287 0.141921875 0.5449 0.13382812500000002 0.565425 0.122 0.569225