3 0.08489898989898989 0.44561538461538464 0.07929292929292929 0.5000769230769231 0.07878787878787878 0.5576153846153846 0.08797979797979799 0.6120769230769231 0.09515151515151515 0.6393076923076924 0.11196969696969698 0.678923076923077 0.12065656565656566 0.6976153846153846 0.13853535353535354 0.6921538461538462 0.1457070707070707 0.6750769230769231 0.13702020202020201 0.6299230769230769 0.13904040404040405 0.5544615384615385 0.13904040404040405 0.4876153846153846 0.13444444444444445 0.45807692307692305 0.11505050505050506 0.45261538461538464 0.0945959595959596 0.43546153846153846
3 0.4135858585858586 0.8707692307692307 0.434040404040404 0.9182307692307693 0.4554545454545455 0.9462307692307693 0.48459595959595964 0.9213076923076923 0.49530303030303025 0.8645384615384616 0.5004040404040404 0.7836153846153846 0.5095959595959596 0.677076923076923 0.48358585858585856 0.6607692307692308 0.4442424242424242 0.653 0.4176767676767677 0.649076923076923 0.4048989898989899 0.6630769230769231 0.3957070707070707 0.6716153846153846 0.4217676767676768 0.6763076923076923 0.42944444444444446 0.6856153846153846 0.42227272727272724 0.7766153846153846
3 0.8119191919191918 0.6446923076923077 0.8139898989898989 0.668076923076923 0.8394949494949495 0.6843846153846154 0.8589393939393939 0.8018461538461538 0.8885353535353536 0.808076923076923 0.9028282828282828 0.7933076923076923 0.9048989898989899 0.7131538461538461 0.8855050505050506 0.6603076923076924 0.8686363636363637 0.6236923076923077 0.8532828282828282 0.6166923076923077 0.8374747474747475 0.6253076923076923
0 0.5197979797979798 0.34992307692307695 0.5290404040404041 0.3701538461538461 0.5509090909090909 0.3709230769230769 0.5723737373737373 0.367 0.6020707070707071 0.33592307692307694 0.6071212121212121 0.3196153846153846 0.5889898989898991 0.29623076923076924 0.5828282828282828 0.29538461538461536 0.5742424242424242 0.29307692307692307 0.567020202020202 0.29238461538461535 0.5527272727272727 0.29546153846153844 0.5312626262626262 0.311 0.5174747474747474 0.33984615384615385
3 0.7615656565656566 0.2526923076923077 0.7467676767676769 0.29315384615384615 0.7411616161616161 0.3382307692307692 0.7314646464646465 0.3608461538461538 0.7564646464646465 0.43469230769230766 0.7702525252525252 0.5273076923076923 0.776919191919192 0.5506153846153846 0.8024242424242424 0.5684615384615385 0.8167171717171717 0.570076923076923 0.826969696969697 0.5536923076923077 0.8259595959595959 0.4510769230769231 0.8152020202020202 0.3584615384615385 0.8090909090909091 0.3016923076923077 0.8004040404040403 0.27761538461538465 0.7835353535353534 0.2519230769230769
3 0.03742424242424242 0.5194615384615384 0.03843434343434344 0.5754615384615385 0.04863636363636364 0.6306923076923077 0.06858585858585858 0.6773846153846154 0.09207070707070707 0.7163076923076923 0.09919191919191919 0.7123846153846154 0.11656565656565655 0.6851538461538461 0.09 0.6291538461538462 0.08080808080808081 0.5856153846153845 0.07621212121212122 0.5264615384615384 0.058888888888888886 0.5016153846153846 0.049191919191919196 0.49615384615384617 0.04303030303030303 0.5039230769230769
3 0.19227272727272726 0.768076923076923 0.19075757575757576 0.818076923076923 0.17914141414141413 0.8973076923076924 0.162979797979798 0.9565384615384614 0.17626262626262626 1 0.23080808080808082 1 0.24883838383838386 0.9996153846153846 0.2740909090909091 0.9596153846153846 0.2932828282828283 0.9126923076923077 0.29277777777777775 0.8411538461538461 0.28924242424242425 0.7557692307692307 0.2776262626262626 0.7188461538461539 0.27055555555555555 0.6942307692307692 0.25186868686868685 0.6934615384615385 0.23318181818181818 0.7119230769230769 0.2134848484848485 0.7219230769230769 0.19782828282828283 0.7426923076923077
3 0.5826262626262626 0.8287692307692307 0.6051010101010101 0.8940769230769231 0.621969696969697 0.9423076923076923 0.651060606060606 0.982 0.6817171717171716 0.9905384615384616 0.7057070707070706 0.9617692307692308 0.7046969696969697 0.8855384615384616 0.6919191919191919 0.7992307692307693 0.6858080808080808 0.6988461538461538 0.6720202020202021 0.6700769230769231 0.6454545454545454 0.6513846153846155 0.6025757575757575 0.6327692307692309 0.5928282828282828 0.6397692307692308 0.5811111111111111 0.6583846153846155 0.579040404040404 0.6638461538461539 0.5841919191919192 0.6723846153846154 0.5795959595959597 0.8053846153846154
3 0.14277777777777778 0.7403846153846154 0.11803030303030304 0.7857692307692308 0.0953030303030303 0.838076923076923 0.09277777777777778 0.9042307692307692 0.09025252525252525 0.9488461538461538 0.0942929292929293 0.9757692307692307 0.1059090909090909 0.981923076923077 0.1256060606060606 0.9765384615384616 0.15085858585858586 0.9503846153846154 0.17207070707070707 0.8888461538461538 0.1846969696969697 0.8119230769230769 0.18217171717171718 0.7634615384615384 0.17409090909090907 0.7411538461538462 0.16348484848484848 0.731923076923077 0.1533838383838384 0.725
3 0.36762626262626263 0.9182307692307693 0.3875757575757576 0.9267692307692308 0.407979797979798 0.912 0.41565656565656567 0.8614615384615384 0.42227272727272724 0.7766153846153846 0.42944444444444446 0.6856153846153846 0.4217676767676768 0.6763076923076923 0.3875757575757576 0.6763076923076923 0.3696969696969697 0.6755384615384615 0.33888888888888885 0.6761538461538462 0.3427777777777778 0.7703846153846154 0.3488383838383838 0.8434615384615385
3 0.24171717171717172 0.36 0.23353535353535354 0.4160769230769231 0.22585858585858584 0.5046923076923077 0.22075757575757576 0.5816923076923077 0.22176767676767675 0.6369230769230769 0.22792929292929295 0.6673076923076923 0.23303030303030303 0.6750769230769231 0.24474747474747474 0.6750769230769231 0.2687878787878788 0.6711538461538461 0.27540404040404043 0.6696153846153846 0.2907070707070707 0.6595384615384615 0.31267676767676766 0.6493846153846154 0.33616161616161616 0.6221538461538462 0.34641414141414145 0.5964615384615385 0.3423232323232323 0.538923076923077 0.33924242424242423 0.49615384615384617 0.34025252525252525 0.4206923076923077 0.33055555555555555 0.36623076923076925 0.31116161616161614 0.34523076923076923 0.2902020202020202 0.3374615384615384 0.2743939393939394 0.339 0.259040404040404 0.34684615384615386
0 0.36651515151515146 0.37930769230769235 0.363989898989899 0.4262307692307692 0.369040404040404 0.4216153846153846 0.3757575757575758 0.4 0.37257575757575756 0.387
0 0.2956565656565657 0.37761538461538463 0.28454545454545455 0.3953076923076923 0.2956565656565657 0.4237692307692308 0.2991919191919192 0.4460769230769231 0.2971717171717172 0.4753076923076923 0.31434343434343437 0.5045384615384616 0.3239393939393939 0.513 0.33050505050505047 0.4868461538461538 0.33454545454545453 0.4391538461538462 0.33 0.4099230769230769 0.32141414141414143 0.39069230769230767 0.3103030303030303 0.373 0.30424242424242426 0.373
3 0.2740909090909091 0.6773076923076923 0.27661616161616165 0.708076923076923 0.28924242424242425 0.7557692307692307 0.3013636363636364 0.9073076923076924 0.3165151515151515 0.9326923076923077 0.34378787878787875 0.9326923076923077 0.36464646464646466 0.9230769230769231 0.3488383838383838 0.8434615384615385 0.3427777777777778 0.7703846153846154 0.33888888888888885 0.6761538461538462 0.37626262626262624 0.6746153846153846 0.37712121212121213 0.6273076923076922 0.3634343434343434 0.6188461538461538 0.33924242424242423 0.6211538461538462 0.32762626262626265 0.6373076923076922 0.30338383838383837 0.6519230769230769 0.28065656565656566 0.6634615384615384
3 0.49838383838383843 0.8357692307692308 0.5111616161616162 0.8777692307692307 0.5203535353535353 0.9166153846153846 0.5402525252525252 0.9337692307692308 0.5632323232323232 0.9220769230769231 0.576010101010101 0.8824615384615384 0.579040404040404 0.7797692307692308 0.5841919191919192 0.6723846153846154 0.573939393939394 0.6615384615384615 0.5642424242424242 0.646 0.533080808080808 0.6397692307692308 0.5157575757575757 0.6358461538461538 0.4861111111111111 0.6350769230769231 0.4774242424242424 0.6350769230769231 0.47489898989898993 0.6591538461538461 0.48358585858585856 0.6607692307692308 0.5095959595959596 0.677076923076923 0.5004040404040404 0.7836153846153846
3 0.3668181818181818 0.3553846153846154 0.3622222222222222 0.4416923076923077 0.3653030303030303 0.5443846153846154 0.37550505050505045 0.5529230769230769 0.39590909090909093 0.5786153846153846 0.41328282828282825 0.5871538461538461 0.4424242424242424 0.5956923076923076 0.46944444444444444 0.6050769230769231 0.4965151515151515 0.6003846153846154 0.5215656565656566 0.5926153846153847 0.5205555555555555 0.5194615384615384 0.49909090909090903 0.40984615384615386 0.4705050505050505 0.32346153846153847 0.4398484848484849 0.297 0.4071717171717172 0.29623076923076924 0.3882828282828283 0.3079230769230769 0.3714141414141414 0.3304615384615385
3 0.13803030303030303 0.38884615384615384 0.13752525252525252 0.4564615384615385 0.13904040404040405 0.5544615384615385 0.13702020202020201 0.6423846153846154 0.1457070707070707 0.6796923076923077 0.1543939393939394 0.7053846153846154 0.16303030303030303 0.7155384615384615 0.1798989898989899 0.6999230769230769 0.2033838383838384 0.6743076923076923 0.22333333333333333 0.6540769230769231 0.21974747474747475 0.6190769230769231 0.22333333333333333 0.5396923076923077 0.22742424242424242 0.4666153846153846 0.22893939393939394 0.4339230769230769 0.20696969696969694 0.39815384615384614 0.18550505050505048 0.3693846153846154 0.1696969696969697 0.3709230769230769 0.14873737373737372 0.367
3 0.5174747474747474 0.33984615384615385 0.5087878787878788 0.36546153846153845 0.5108585858585859 0.43469230769230766 0.5194949494949495 0.5054615384615384 0.5256565656565656 0.5816923076923077 0.5363636363636364 0.594923076923077 0.5854040404040404 0.5941538461538461 0.6119696969696969 0.5856153846153845 0.6390404040404041 0.5583846153846154 0.6589393939393939 0.5443846153846154 0.6778282828282829 0.49146153846153845 0.6497474747474747 0.40284615384615385 0.6287878787878788 0.3444615384615385 0.5889898989898991 0.29623076923076924 0.567020202020202 0.29238461538461535 0.5527272727272727 0.29546153846153844 0.5312626262626262 0.311
3 0.6451515151515151 0.3102307692307692 0.6354545454545454 0.36315384615384616 0.6523232323232323 0.40746153846153843 0.6778282828282829 0.49146153846153845 0.6606060606060606 0.5492307692307693 0.6747474747474748 0.5723076923076924 0.7095959595959596 0.5692307692307692 0.7575252525252526 0.549076923076923 0.7702525252525252 0.5273076923076923 0.7564646464646465 0.43469230769230766 0.7314646464646465 0.3608461538461538 0.7125757575757576 0.3133846153846154 0.6957070707070707 0.28923076923076924 0.6722222222222222 0.2853846153846154 0.6604545454545455 0.29238461538461535
3 0.7011111111111111 0.8583076923076923 0.7245959595959596 0.9065384615384615 0.7475757575757577 0.9244615384615386 0.765959595959596 0.9189230769230768 0.7803030303030303 0.866 0.767020202020202 0.7789230769230769 0.7506565656565657 0.7222307692307692 0.7148989898989899 0.6615384615384615 0.7006060606060606 0.6474615384615384 0.6842929292929293 0.6615384615384615 0.6781313131313131 0.6755384615384615 0.6858080808080808 0.6988461538461538
3 0.7624242424242424 0.6936923076923077 0.7848989898989899 0.7543846153846153 0.7899999999999999 0.7987692307692308 0.8027272727272727 0.8500769230769231 0.8318686868686869 0.8453846153846154 0.8543434343434343 0.8267692307692308 0.8512626262626263 0.7481538461538462 0.8394949494949495 0.6843846153846154 0.8185858585858586 0.6711538461538461 0.7951010101010101 0.668076923076923 0.7736363636363637 0.6719230769230768