0 0.5423759791122715 0.5045925925925926 0.5481201044386423 0.5116296296296295 0.5520365535248042 0.5101481481481481 0.555691906005222 0.49533333333333335 0.553864229765013 0.47977777777777775 0.5512532637075718 0.47755555555555557 0.5483812010443865 0.48570370370370364 0.5452480417754569 0.49125925925925923
3 0.6420104438642297 0.4581111111111111 0.6167885117493472 0.47755555555555557 0.5970496083550914 0.4993333333333333 0.5679895561357702 0.514888888888889 0.5619582245430809 0.5234444444444445 0.5619582245430809 0.5522222222222222 0.5531853785900783 0.5872222222222223 0.5641514360313316 0.6074444444444445 0.5773107049608356 0.6377777777777778 0.6014360313315926 0.6611111111111111 0.6299477806788512 0.6735555555555556 0.649686684073107 0.633888888888889 0.6622976501305483 0.6035555555555556 0.6683289817232376 0.5413333333333333 0.6716187989556136 0.5141111111111111 0.6831331592689295 0.4806666666666667 0.6705221932114882 0.46744444444444444 0.6568146214099216 0.45733333333333337
3 0.19968668407310705 0.5597407407407408 0.18825065274151434 0.610962962962963 0.18321148825065275 0.6764444444444444 0.18321148825065275 0.6952222222222223 0.21430809399477807 0.7464444444444445 0.22892950391644912 0.7788518518518518 0.23715404699738904 0.7879259259259259 0.2581723237597911 0.7827407407407407 0.26866840731070496 0.7503333333333333 0.2796344647519582 0.7282962962962962 0.29973890339425585 0.6848518518518518 0.3033942558746736 0.6667037037037037 0.3033942558746736 0.6226296296296296 0.26365535248041777 0.6051481481481481 0.2362402088772846 0.5857037037037036 0.23851174934725847 0.5532592592592592 0.22571801566579636 0.5467777777777778 0.21065274151436034 0.5526296296296297
3 0.07702349869451697 0.3835185185185185 0.04052219321148825 0.4064814814814815 0.015143603133159269 0.4487777777777778 0.008459530026109661 0.49062962962962964 0.010052219321148826 0.5388148148148147 0.019268929503916447 0.5743703703703704 0.04433420365535248 0.5932592592592593 0.095822454308094 0.6 0.16365535248041777 0.599111111111111 0.19093994778067883 0.5865185185185186 0.20013054830287208 0.5469259259259259 0.18237597911227152 0.5225925925925926 0.17825065274151436 0.48522222222222217 0.1814099216710183 0.4474444444444445 0.18490861618798954 0.42040740740740745 0.16618798955613576 0.39296296296296296 0.1331853785900783 0.37992592592592594 0.10240208877284596 0.37992592592592594
3 0.04101827676240209 0.5981481481481481 0.041932114882506526 0.6461111111111111 0.07026109660574413 0.7089629629629629 0.09036553524804178 0.7537037037037037 0.11412532637075719 0.7672962962962963 0.13971279373368145 0.7517407407407407 0.15524804177545692 0.7115555555555556 0.161201044386423 0.6875925925925926 0.1598172323759791 0.5987777777777777 0.09402088772845953 0.6007407407407407 0.0483289817232376 0.5948888888888889
3 0.3075456919060052 0.4308888888888889 0.2751697127937337 0.4487777777777778 0.2543342036553525 0.4682222222222222 0.24062663185378588 0.5358888888888889 0.23733681462140993 0.5848888888888888 0.25762402088772846 0.6012222222222222 0.3058746736292428 0.6222222222222222 0.3645691906005222 0.6401111111111112 0.3947258485639687 0.637 0.41172323759791124 0.6206666666666667 0.42981723237597913 0.5856666666666667 0.44133159268929506 0.5312222222222223 0.4270757180156658 0.49233333333333335 0.4188511749347258 0.4581111111111111 0.41062663185378595 0.42077777777777775 0.3821148825065274 0.39666666666666667 0.3508616187989556 0.40444444444444444
3 0.3112793733681462 0.6238148148148148 0.31506527415143604 0.6898148148148148 0.34339425587467365 0.7368518518518518 0.3680417754569191 0.7758518518518518 0.395509138381201 0.7892592592592592 0.4136292428198433 0.7568888888888889 0.4220626631853786 0.7126666666666667 0.4372062663185378 0.6723333333333333 0.42963446475195827 0.6306666666666667 0.421201044386423 0.6103703703703705 0.4097389033942559 0.6211481481481482 0.39182767624020887 0.6374074074074074 0.3633159268929504 0.6427777777777778
3 0.4400522193211488 0.628 0.44668407310704966 0.6978888888888889 0.4836292428198433 0.7381851851851852 0.5196344647519583 0.7570370370370371 0.5603916449086161 0.7516296296296296 0.5594516971279374 0.7274444444444444 0.5546997389033942 0.6521851851851852 0.5414360313315927 0.6145555555555556 0.5335770234986945 0.6231481481481481 0.5047780678851175 0.6347037037037038 0.48127937336814625 0.6231481481481481 0.45266318537859007 0.6235555555555556 0.44214099216710184 0.6231481481481481
3 0.532349869451697 0.42933333333333334 0.5075718015665797 0.4507407407407408 0.48433420365535246 0.4859259259259259 0.46240208877284594 0.5062962962962962 0.4418798955613577 0.5281111111111111 0.43036553524804183 0.5810000000000001 0.4248825065274151 0.5981111111111111 0.42652741514360315 0.609 0.4415143603133159 0.6222222222222222 0.45926892950391646 0.6229629629629629 0.4819060052219321 0.6237777777777778 0.5049347258485639 0.6346666666666667 0.5334464751958224 0.6237777777777778 0.5493472584856397 0.6012222222222222 0.5614099216710183 0.5545555555555555 0.5614099216710183 0.5078888888888888 0.5625065274151436 0.4682222222222222 0.555378590078329 0.43944444444444447 0.5460574412532637 0.4308888888888889
0 0.5113054830287207 0.5182962962962963 0.5047780678851175 0.5145925925925926 0.4985117493472585 0.5134814814814814 0.4969451697127938 0.5164444444444445 0.4985117493472585 0.519037037037037 0.5050391644908616 0.5201481481481481 0.5073890339425587 0.5242222222222221 0.5094778067885117 0.524962962962963 0.5110443864229764 0.5234814814814815
0 0.6126109660574413 0.506074074074074 0.6066057441253264 0.5212592592592593 0.6089556135770234 0.5282962962962963 0.6188772845953002 0.5308888888888889 0.6256657963446475 0.534962962962963 0.6303655352480418 0.5275555555555556 0.6376762402088773 0.5279259259259259 0.6395039164490862 0.5171851851851851 0.6421148825065275 0.5094074074074074 0.6353263707571802 0.49533333333333335 0.6342819843342037 0.4838518518518518 0.6303655352480418 0.4771851851851852 0.6227937336814622 0.4782962962962962 0.6188772845953002 0.48199999999999993 0.6186161879895562 0.48940740740740735 0.6165274151436031 0.4975555555555556
1 0.5925587467362924 0.5116296296296295 0.5868407310704961 0.5359259259259259 0.5916710182767624 0.5496296296296297 0.6057180156657964 0.5633333333333334 0.6268146214099216 0.5714444444444444 0.638668407310705 0.5552592592592592 0.6527415143603134 0.5527407407407408 0.6624020887728459 0.5533703703703704 0.6663446475195822 0.5415555555555556 0.6676501305483029 0.5128888888888888 0.6764490861618798 0.4873333333333334 0.6738120104438642 0.47051851851851856 0.6571279373368146 0.45681481481481484 0.6426370757180156 0.458037037037037 0.617597911227154 0.47800000000000004 0.5978328981723238 0.5016666666666666
1 0.5222715404699739 0.4443333333333333 0.4967885117493473 0.47114814814814815 0.4836292428198433 0.4898148148148148 0.44321148825065276 0.529074074074074 0.44276762402088776 0.5365555555555556 0.45242819843342036 0.5533703703703704 0.46780678851174934 0.5552592592592592 0.485378590078329 0.5396666666666667 0.5038381201044386 0.525962962962963 0.5108616187989556 0.5371851851851852 0.5257963446475196 0.5427777777777778 0.5437859007832898 0.5384074074074074 0.5534725848563968 0.5347037037037037 0.5556657963446475 0.5184814814814815 0.5596083550913838 0.49603703703703705 0.5587206266318538 0.47859259259259257 0.5574151436031332 0.4667777777777778 0.5556657963446475 0.4542962962962963 0.5508355091383812 0.44496296296296295 0.5424804177545692 0.4381111111111111 0.5337075718015666 0.43562962962962964
1 0.3100783289817233 0.43937037037037036 0.284177545691906 0.47737037037037033 0.29164490861618797 0.5004074074074074 0.3078851174934726 0.5203703703703704 0.31754569190600523 0.5427777777777778 0.3333681462140992 0.5496296296296297 0.35180156657963446 0.5489999999999999 0.37026109660574413 0.5583703703703703 0.39088772845953007 0.5484074074074073 0.40845953002610963 0.5315555555555556 0.42164490861618803 0.5128888888888888 0.42253263707571803 0.4941851851851852 0.413733681462141 0.46366666666666667 0.4032114882506528 0.4381111111111111 0.38342036553524805 0.41629629629629633 0.3548825065274151 0.41133333333333333 0.3438903394255875 0.41444444444444445 0.32634464751958225 0.4256666666666667
0 0.03976501305483029 0.4376296296296296 0.03318537859007833 0.4731111111111111 0.0322976501305483 0.4999259259259259 0.04154046997389034 0.5211111111111111 0.05689295039164491 0.5242222222222221 0.09600522193211489 0.5366666666666667 0.11796344647519583 0.5323333333333333 0.12454308093994779 0.5204814814814814 0.1333420365535248 0.4880740740740741 0.1421148825065274 0.4438518518518519 0.1385900783289817 0.4295185185185185 0.12234986945169712 0.40955555555555556 0.10302872062663186 0.3927407407407408 0.0806266318537859 0.38962962962962966 0.06788511749347259 0.389 0.04065274151436032 0.4108148148148148