1 0.501525 0.43998750000000003 0.5018716666666667 0.447985 0.50338 0.4572025 0.5047699999999999 0.46381 0.5044233333333333 0.4533775 0.50535 0.4486825 0.5097550000000001 0.43772750000000005 0.51671 0.43425 0.5249416666666666 0.4351175 0.5317816666666667 0.4345975 0.5357216666666667 0.43738 0.5363016666666667 0.427815 0.5397799999999999 0.420165 0.5425616666666666 0.4173825 0.5481266666666667 0.41147 0.55056 0.40973000000000004 0.5543866666666667 0.408165 0.5585600000000001 0.4015575 0.5584433333333333 0.3963425 0.5546183333333333 0.3921675 0.5449966666666667 0.3899075 0.5261 0.40120999999999996 0.517175 0.4119925 0.5074366666666666 0.42903250000000004
0 0.58551 0.4573775 0.5854433333333333 0.46321249999999997 0.5858466666666666 0.46754 0.5865833333333333 0.47056 0.5879933333333334 0.47056 0.5887316666666667 0.4678425 0.5885966666666667 0.46442 0.5882616666666667 0.46009249999999996 0.5882616666666667 0.4573775 0.5878583333333334 0.4565725 0.5870533333333333 0.455365 0.5865833333333333 0.4558675
0 0.60444 0.479805 0.6043933333333333 0.48239 0.6043000000000001 0.48476749999999996 0.6043000000000001 0.4870025 0.604905 0.4873525 0.60565 0.4846275 0.605325 0.479315 0.605465 0.4768 0.6050916666666667 0.47407499999999997 0.6043000000000001 0.47114 0.6039733333333334 0.4695325 0.6031816666666667 0.47002249999999995 0.60374 0.4725375 0.60402 0.474565 0.6044866666666667 0.47784750000000004
0 0.6013116666666667 0.47249 0.6026316666666667 0.473655 0.6021266666666667 0.470745 0.5996816666666667 0.4668425 0.5963816666666667 0.4630575 0.5956833333333333 0.46492 0.597275 0.46742500000000003 0.59906 0.470045
0 0.59018 0.4406525 0.59018 0.4453825 0.5905816666666667 0.448905 0.590985 0.450615 0.591595 0.45162 0.593535 0.45021249999999996 0.594205 0.450515 0.59501 0.4528275 0.5957483333333333 0.4542375 0.5966199999999999 0.457055 0.596755 0.45806 0.5954866666666667 0.4567525 0.5944733333333334 0.45454 0.5931383333333333 0.4559475 0.5921916666666667 0.45554500000000003 0.5903133333333334 0.452425 0.5895083333333334 0.44971 0.5892466666666667 0.44669 0.5888383333333334 0.44276499999999996 0.5887033333333332 0.44115499999999996 0.58904 0.44004750000000004 0.5893816666666667 0.4397475
0 0.5638650000000001 0.4881925 0.5634366666666667 0.48808999999999997 0.5627633333333333 0.4881925 0.5624033333333334 0.4885625 0.5626516666666667 0.4889675 0.5628533333333333 0.48927 0.563145 0.489305 0.5633466666666667 0.4893725 0.5637300000000001 0.4892025 0.5639316666666667 0.489035
3 0.46024499999999996 0.49024 0.45903999999999995 0.5010950000000001 0.45940166666666665 0.5150225 0.4600033333333333 0.5296775 0.46241666666666664 0.5390825 0.4660333333333333 0.5492125 0.47097833333333333 0.5540975 0.47773166666666667 0.5568099999999999 0.48617333333333335 0.555725 0.49485666666666667 0.5490325 0.50149 0.537275 0.506555 0.5296775 0.5093283333333333 0.5217175 0.5083633333333333 0.51213 0.506675 0.5077875000000001 0.50752 0.49874250000000003 0.5028166666666667 0.4934975 0.498475 0.4974775 0.4942533333333333 0.5016375 0.4815916666666667 0.50218 0.4739933333333333 0.5007325 0.46121 0.49024
3 0.6702583333333334 0.501115 0.6696783333333334 0.5100175 0.671995 0.517615 0.6803883333333334 0.5269475 0.6909533333333334 0.5369349999999999 0.69732 0.5395399999999999 0.7045566666666667 0.5362825 0.7142516666666667 0.5262975 0.72091 0.518265 0.725975 0.5091475 0.72554 0.49547250000000004 0.720765 0.480495 0.7172916666666667 0.4672525 0.7109233333333334 0.4509725 0.7042666666666667 0.4416375 0.700215 0.444675 0.6989116666666667 0.450755 0.6964516666666667 0.46074 0.6913866666666666 0.47723750000000004 0.6863216666666667 0.49417 0.6825583333333333 0.49829500000000004 0.6772050000000001 0.501985 0.6730083333333333 0.5022025
3 0.37817833333333334 0.39702499999999996 0.37444 0.40625 0.3713033333333334 0.42235 0.37094166666666667 0.429585 0.37419833333333336 0.4471325 0.3780566666666667 0.45853 0.38348499999999996 0.47227749999999996 0.3860166666666667 0.48096 0.387705 0.48675 0.39216666666666666 0.493985 0.39433833333333335 0.4983275 0.39868 0.50122 0.40410666666666667 0.5015824999999999 0.4076033333333333 0.4995925 0.41098 0.49615499999999996 0.4171316666666667 0.48675 0.42086999999999997 0.48222750000000003 0.42460833333333337 0.477885 0.4262966666666667 0.4733625 0.42931166666666665 0.47064999999999996 0.43244666666666665 0.4672125 0.4347383333333333 0.459795 0.43859833333333337 0.4529225 0.43956333333333336 0.4458675 0.43727166666666667 0.4400775 0.42750333333333335 0.4321175 0.41496000000000005 0.41837 0.40905166666666665 0.4109525 0.3947 0.40226999999999996 0.3861366666666667 0.397205 0.3817966666666667 0.39431
3 0.584365 0.42683499999999996 0.5876216666666667 0.446555 0.5897916666666667 0.459035 0.592205 0.4603025 0.5959433333333333 0.46608999999999995 0.6008866666666667 0.4733275 0.6037816666666667 0.47802999999999995 0.6041433333333334 0.48382 0.6030583333333334 0.4926825 0.6033000000000001 0.497205 0.6053499999999999 0.5004625 0.6121033333333333 0.5038975 0.6193383333333333 0.5057075 0.6339316666666667 0.50625 0.6409266666666666 0.50625 0.642735 0.50444 0.6446649999999999 0.50426 0.64575 0.5019075000000001 0.64792 0.49883249999999996 0.6522616666666667 0.4964825 0.6541916666666667 0.49015 0.6572066666666666 0.47495499999999996 0.6594983333333333 0.455055 0.6601016666666667 0.44239249999999997 0.6534683333333333 0.4302725 0.6436999999999999 0.4138125 0.6334483333333334 0.4035 0.6222333333333333 0.4007875 0.6081233333333333 0.4071175 0.59727 0.4130875 0.5889483333333333 0.420685
1 0.6962983333333334 0.5126075 0.6950933333333335 0.5177350000000001 0.69238 0.5239149999999999 0.6918766666666667 0.5269299999999999 0.6921783333333333 0.531 0.695595 0.53326 0.7002183333333334 0.5314525 0.7039366666666667 0.5284375 0.7045399999999999 0.5263275 0.7013233333333333 0.52301 0.699715 0.521805 0.6990116666666666 0.518035 0.6990116666666666 0.514115 0.699415 0.5115525 0.6971033333333333 0.5103475000000001
3 0.70002 0.41290750000000004 0.6924216666666666 0.41127749999999996 0.6844616666666667 0.414715 0.676865 0.42122750000000003 0.6674583333333334 0.43189999999999995 0.6605833333333333 0.44239249999999997 0.65974 0.4545125 0.6573266666666667 0.47604 0.6552766666666666 0.485265 0.658775 0.48997 0.664805 0.4963 0.6730050000000001 0.5015475 0.67783 0.501185 0.68205 0.49847250000000004 0.68591 0.49413 0.6923016666666667 0.47405 0.69628 0.460845 0.699175 0.4483625 0.7009833333333333 0.43624250000000003 0.7003816666666667 0.4250275
3 0.7576533333333334 0.3841125 0.7413000000000001 0.3958325 0.7340650000000001 0.4051675 0.7294333333333334 0.414285 0.72046 0.42340249999999996 0.7122116666666667 0.43317 0.7033833333333334 0.4405525 0.7113433333333334 0.45140499999999995 0.7168433333333334 0.4646475 0.7271183333333333 0.483315 0.7344983333333333 0.4887425 0.7417349999999999 0.48982749999999997 0.7501283333333334 0.4824475 0.7527333333333333 0.4750675 0.7550483333333333 0.46529750000000003 0.7588116666666667 0.44901749999999996 0.7644549999999999 0.4218825 0.7651783333333333 0.4099425 0.7650333333333333 0.3936625 0.7634416666666666 0.3878025 0.7624283333333333 0.384545
3 0.5449866666666667 0.38962 0.5349149999999999 0.39482999999999996 0.5260583333333333 0.4005625 0.517375 0.4112425 0.5052183333333333 0.4320825 0.5013983333333333 0.439635 0.5019183333333334 0.449795 0.50626 0.47324 0.5110333333333333 0.49067500000000003 0.5158116666666667 0.50059 0.5225850000000001 0.502935 0.5333516666666667 0.5037174999999999 0.549155 0.5039775 0.5578383333333333 0.5044975 0.5592266666666666 0.5039775 0.5710366666666666 0.5044975 0.5772883333333333 0.5018925 0.5812816666666667 0.497985 0.5870133333333333 0.48860750000000003 0.5890966666666666 0.4779275 0.5896183333333334 0.460215 0.58684 0.4438025 0.58354 0.42583 0.5778083333333334 0.4169725 0.5701683333333334 0.4060325 0.5618316666666666 0.39847750000000004 0.554365 0.39222500000000005
1 0.56395 0.4874425 0.5621383333333333 0.48776749999999996 0.5604716666666667 0.4886375 0.5579000000000001 0.490105 0.5550733333333333 0.4912475 0.5532983333333333 0.4927125 0.5519216666666668 0.4943975 0.5488433333333333 0.4965175 0.5458350000000001 0.498855 0.5454016666666667 0.4997775 0.546705 0.5004850000000001 0.5482983333333333 0.500105 0.5508716666666666 0.4977125 0.5532616666666667 0.4947775 0.556125 0.4936375 0.558515 0.49266000000000004 0.5615583333333333 0.49064749999999996 0.563515 0.4898325 0.5643116666666667 0.48923500000000003 0.5643483333333333 0.4882025
1 0.585985 0.4270175 0.5901166666666666 0.43475 0.5921833333333333 0.43782499999999996 0.5934499999999999 0.443925 0.5956333333333333 0.4497 0.5976666666666667 0.46052499999999996 0.604735 0.468665 0.605095 0.4721825 0.6060866666666667 0.47448 0.6059966666666666 0.47934750000000004 0.6057266666666666 0.4843525 0.6052766666666667 0.48949000000000004 0.6033833333333334 0.49395249999999996 0.6037433333333333 0.47758999999999996 0.6007683333333333 0.4721825 0.5958100000000001 0.4666375 0.5918433333333333 0.4601475 0.5898616666666667 0.45947000000000005 0.5869766666666667 0.44175749999999997 0.5849033333333333 0.427425
0 0.518165 0.42253250000000003 0.5169516666666667 0.42225 0.5157666666666667 0.42313999999999996 0.5147683333333334 0.424635 0.5143366666666667 0.4256075 0.5138516666666667 0.4265375 0.513825 0.427305 0.5143366666666667 0.4269 0.5154416666666667 0.4251625 0.5165500000000001 0.42377499999999996 0.5173833333333334 0.42325999999999997
0 0.558695 0.40149 0.55685 0.40493 0.5551166666666666 0.408115 0.5526016666666667 0.4097925 0.5501416666666666 0.4102125 0.5474583333333334 0.41256 0.5469833333333334 0.4165025 0.5491583333333333 0.4158975 0.5502866666666666 0.41578 0.551495 0.414815 0.5525399999999999 0.4138525 0.5536633333333333 0.4142125 0.554955 0.41397 0.55576 0.412645 0.5567283333333333 0.41167000000000004 0.558175 0.4108325 0.5591433333333333 0.409625 0.5592216666666666 0.40672250000000004 0.5591433333333333 0.4035875
0 0.44915 0.43136250000000004 0.45112166666666664 0.43571 0.45274333333333333 0.4377975 0.45726500000000003 0.4337975 0.4599316666666667 0.428755 0.462945 0.42545 0.4645683333333333 0.42266750000000003 0.46653833333333333 0.418495 0.46653833333333333 0.415365 0.465495 0.410495 0.46155333333333337 0.4110175 0.45865666666666666 0.4117125 0.45425 0.414495 0.4500783333333333 0.418495 0.4493816666666667 0.42632
0 0.557865 0.490685 0.556675 0.4910575 0.5558433333333334 0.4914275 0.5553716666666667 0.491865 0.5554383333333334 0.4924375 0.5559783333333334 0.4924375 0.5569000000000001 0.4920675 0.5573716666666667 0.4916975 0.5578883333333333 0.4912925
3 0.44957166666666665 0.4187325 0.44897000000000004 0.4281375 0.44559333333333334 0.435375 0.4465566666666667 0.4442375 0.44716 0.455455 0.44909 0.467755 0.45319 0.4782475 0.4556016666666667 0.481865 0.4586166666666666 0.48385500000000004 0.46103 0.48946249999999997 0.46392333333333335 0.4925375 0.4739333333333333 0.5004975 0.4805666666666667 0.501945 0.494315 0.501765 0.4972083333333333 0.49941250000000004 0.5029966666666666 0.4923575 0.50951 0.48548250000000004 0.5068566666666666 0.4755325 0.5046866666666666 0.4643175 0.5011883333333333 0.44604750000000004 0.50155 0.43410750000000004 0.4898516666666667 0.41945499999999997 0.4781533333333333 0.409505 0.46573333333333333 0.4096875 0.4591 0.411315 0.454155 0.41420999999999997
1 0.38715499999999997 0.398975 0.3906716666666667 0.41013 0.39499333333333336 0.42023 0.39770666666666665 0.4229425 0.4029333333333333 0.42837000000000003 0.41248 0.43274250000000003 0.42252999999999996 0.43229 0.4250433333333334 0.4306325 0.4157966666666667 0.42219 0.4080583333333333 0.41208999999999996 0.399315 0.40666250000000004 0.3925816666666666 0.40184
3 0.5107333333333334 0.4904 0.5094733333333333 0.49612 0.5089916666666666 0.51005 0.5099566666666666 0.5257875000000001 0.5129716666666666 0.5380874999999999 0.519845 0.5512925 0.52684 0.55853 0.53709 0.5612425 0.5466183333333333 0.557625 0.5536133333333333 0.5480375000000001 0.55723 0.5379075 0.5608483333333334 0.5277775 0.5647083333333334 0.5180075000000001 0.5643466666666667 0.50408 0.55928 0.50408 0.557955 0.504985 0.5224166666666666 0.5031 0.5158166666666667 0.50075 0.5118 0.4923
3 0.5645866666666667 0.5038975 0.56519 0.5236175 0.5677233333333334 0.52832 0.574115 0.541705 0.5785766666666666 0.5540075000000001 0.5837616666666667 0.5597949999999999 0.5919633333333334 0.561425 0.5998016666666667 0.55853 0.60559 0.55274 0.612345 0.54243 0.6182533333333333 0.5288624999999999 0.6199416666666667 0.5228925000000001 0.6192183333333333 0.5138475 0.6199416666666667 0.5058874999999999 0.6122233333333333 0.5038975 0.6054700000000001 0.5006425 0.60342 0.49738499999999997 0.6030583333333334 0.49213999999999997 0.6042633333333334 0.48382 0.60354 0.4776675 0.600525 0.472785 0.5959433333333333 0.472785 0.5908783333333333 0.4736875 0.58919 0.474775 0.58919 0.4776675 0.5871383333333333 0.48834 0.5818333333333333 0.497205 0.5776116666666666 0.5017275 0.57134 0.5046225
3 0.6201833333333333 0.50625 0.6192183333333333 0.5129425 0.6203033333333333 0.52018 0.620425 0.527595 0.6260916666666667 0.5328425 0.63369 0.5438775 0.6402016666666667 0.5525599999999999 0.6521416666666666 0.555635 0.65781 0.551475 0.66384 0.5444199999999999 0.6664933333333334 0.53628 0.6684233333333334 0.5254249999999999 0.6684233333333334 0.5116775 0.668905 0.505345 0.6696283333333334 0.499195 0.6651666666666667 0.49684249999999996 0.6613066666666667 0.49123500000000003 0.65769 0.48798 0.6552766666666666 0.4854475 0.6543116666666666 0.49051249999999996 0.6522616666666667 0.4963 0.648885 0.49829 0.6462316666666666 0.5019075000000001 0.644785 0.50444 0.6430966666666666 0.5046225 0.6409266666666666 0.50625 0.6241633333333333 0.5058874999999999
0 0.40748333333333336 0.5005525 0.4054333333333333 0.5115875 0.405795 0.5220775 0.40844833333333336 0.52823 0.413875 0.5361875 0.4203866666666667 0.5417975 0.43256833333333333 0.545595 0.4424566666666666 0.5445099999999999 0.4504166666666667 0.53655 0.4564466666666666 0.5293150000000001 0.45705 0.51249 0.4508983333333333 0.5016375 0.44547166666666665 0.492955 0.4416133333333333 0.48807 0.43618666666666667 0.4797475 0.42798499999999995 0.4745025 0.42557333333333336 0.47685500000000003 0.4205083333333334 0.48228 0.4150816666666666 0.48988 0.41098 0.4967525