3 0.54173 0.6171714285714286 0.5405800000000001 0.6394571428571428 0.55011 0.6427714285714285 0.55069 0.6543142857142857 0.55502 0.6815714285714286 0.54722 0.732742857142857 0.54838 0.7748285714285714 0.59316 0.7798 0.6081799999999999 0.7690571428571429 0.60905 0.6766 0.61772 0.6485428571428572 0.61627 0.6279142857142858 0.6073099999999999 0.6130571428571429 0.5839099999999999 0.6138857142857144 0.5642699999999999 0.6130571428571429 0.55069 0.6056285714285714 0.54867 0.6072571428571428
3 0.36942 0.1871142857142857 0.35873 0.23994285714285715 0.35151 0.3092857142857143 0.34631 0.3612857142857143 0.34516 0.42482857142857144 0.34342 0.46859999999999996 0.34516 0.4884 0.35007 0.5024285714285714 0.35873 0.5082 0.37607 0.5263714285714285 0.39888999999999997 0.5313142857142857 0.40958 0.5313142857142857 0.41507 0.5247142857142857 0.42663 0.5090285714285714 0.42663 0.43968571428571424 0.42547 0.36622857142857146 0.41392 0.31505714285714287 0.39947000000000005 0.268 0.38936000000000004 0.2292 0.38647000000000004 0.21268571428571428 0.38039999999999996 0.1862857142857143 0.37722 0.1829714285714286
3 0.30182 0.2259142857142857 0.29460000000000003 0.26139999999999997 0.29344 0.36788571428571426 0.29546 0.46445714285714285 0.30066000000000004 0.5321428571428571 0.31049 0.5404 0.32869 0.5313142857142857 0.3414 0.514 0.34516 0.4900571428571429 0.34342 0.46445714285714285 0.34573000000000004 0.3984285714285714 0.34602 0.35962857142857146 0.33388999999999996 0.28700000000000003 0.33158 0.2424 0.32782 0.21185714285714288 0.3206 0.20031428571428572 0.31106 0.21105714285714286
3 0.84317 0.2383714285714286 0.82892 0.29625714285714283 0.82571 0.3174571428571429 0.81929 0.39942857142857147 0.80986 0.5232571428571429 0.81488 0.5444857142857142 0.82531 0.5490571428571428 0.8353400000000001 0.5226857142857143 0.8422799999999999 0.4967142857142857 0.85177 0.4668 0.86126 0.3726285714285714 0.85876 0.3084 0.85177 0.2742
3 0.40398 0.6166857142857143 0.4086 0.6992285714285714 0.41351 0.7561714285714286 0.43401999999999996 0.7636 0.47505000000000003 0.7792857142857142 0.47476 0.6975714285714286 0.47534 0.6496857142857142 0.48198 0.6298857142857143 0.47967000000000004 0.6100857142857143 0.46032 0.6125428571428571 0.43836 0.5993428571428572 0.42969 0.5828285714285715 0.42651 0.5737428571428571 0.4164 0.5778857142857142 0.40976 0.5869714285714286 0.40687 0.6018285714285714
3 0.79153 0.17885714285714285 0.78199 0.2424 0.7687 0.37771428571428567 0.77 0.426 0.76552 0.5247142857142857 0.77361 0.5544285714285715 0.78228 0.5651714285714285 0.7918099999999999 0.5726 0.79904 0.5726 0.8048200000000001 0.5445428571428571 0.8102999999999999 0.5172857142857143 0.8166599999999999 0.42897142857142856 0.82677 0.30514285714285716 0.82359 0.24405714285714286 0.82157 0.1928857142857143 0.8152200000000001 0.16811428571428572 0.80713 0.16317142857142858 0.8001900000000001 0.164
3 0.6184700000000001 0.17885714285714285 0.60749 0.18545714285714285 0.5913099999999999 0.21022857142857143 0.57657 0.26471428571428574 0.56877 0.3274285714285714 0.55953 0.3868571428571429 0.55173 0.4174 0.55404 0.5866285714285714 0.55722 0.6072571428571428 0.56213 0.6097428571428571 0.5679099999999999 0.6064571428571428 0.57484 0.6105714285714285 0.58611 0.6080857142857143 0.59622 0.6064571428571428 0.60315 0.6056285714285714 0.60778 0.6072571428571428 0.61384 0.5990285714285715 0.6126900000000001 0.5940571428571428 0.62973 0.5841428571428571 0.639 0.58 0.6427 0.5848571428571429 0.65025 0.5891142857142857 0.65747 0.6064571428571428 0.66065 0.6097428571428571 0.66267 0.6080857142857143 0.66903 0.5982000000000001 0.67567 0.6031428571428571 0.6788500000000001 0.5891142857142857 0.68203 0.5536 0.68376 0.5090285714285714 0.68261 0.44877142857142854 0.67596 0.3480857142857143 0.6696 0.29937142857142857 0.66411 0.2548 0.65458 0.21105714285714286 0.6357999999999999 0.18214285714285713
3 0.6099199999999999 0.6782571428571428 0.6136699999999999 0.7682285714285714 0.62985 0.7632857142857142 0.6598999999999999 0.7434571428571428 0.6801200000000001 0.7244857142857143 0.6885 0.6683428571428571 0.68648 0.637 0.67723 0.6031428571428571 0.67001 0.5990285714285715 0.66134 0.6105714285714285 0.65527 0.6064571428571428 0.63274 0.6336857142857143 0.62263 0.6436 0.61887 0.6460571428571429 0.61165 0.6667142857142857
3 0.5133 0.22508571428571428 0.50232 0.21105714285714286 0.48383 0.20774285714285712 0.46708 0.21185714285714288 0.45233999999999996 0.23497142857142855 0.44107 0.2704857142857143 0.43298000000000003 0.3092857142857143 0.42923 0.36788571428571426 0.42836 0.3984285714285714 0.42663 0.4809714285714286 0.42865 0.5528 0.43067 0.5899428571428571 0.43645 0.5990285714285715 0.45956 0.6122285714285715 0.48325999999999997 0.6056285714285714 0.49307999999999996 0.6056285714285714 0.49568 0.6130571428571429 0.51041 0.6163428571428572 0.53295 0.6122285714285715 0.5468200000000001 0.6089142857142857 0.55057 0.5915714285714286 0.55288 0.5635142857142856 0.55115 0.4149428571428571 0.53988 0.3406571428571429 0.5245700000000001 0.2630571428571428
2 0.61345 0.5497428571428571 0.60984 0.6034 0.61321 0.5937714285714285 0.6421 0.5813714285714285 0.65197 0.5896285714285714 0.64788 0.5428571428571428 0.6394500000000001 0.5497428571428571 0.6204299999999999 0.5483714285714286
3 0.72305 0.16894285714285714 0.71063 0.2432285714285714 0.69965 0.3092857142857143 0.68521 0.3629428571428571 0.6785599999999999 0.37448571428571426 0.68261 0.43968571428571424 0.6840499999999999 0.5280285714285714 0.6985 0.5651714285714285 0.70745 0.5783714285714285 0.71323 0.5742571428571429 0.72421 0.5618571428571428 0.73085 0.5602285714285714 0.74385 0.5668285714285713 0.75339 0.5569142857142857 0.7636000000000001 0.5294285714285715 0.7667 0.4968571428571429 0.7697 0.4165714285714286 0.7640800000000001 0.32577142857142855 0.7565700000000001 0.2597428571428571 0.7505 0.216 0.7427 0.18545714285714285 0.7369199999999999 0.1606857142857143 0.73114 0.1549142857142857
3 0.47499 0.6485428571428572 0.47441 0.6988857142857143 0.47614999999999996 0.7732 0.50359 0.7764857142857142 0.54606 0.7781428571428572 0.5478 0.7244857142857143 0.55444 0.6824 0.54953 0.6427714285714285 0.52931 0.6402857142857142 0.5088 0.6254285714285714 0.49463999999999997 0.618 0.4799 0.6089142857142857 0.4825 0.6328571428571429
3 0.6885 0.6667142857142857 0.68359 0.7195428571428572 0.70063 0.7071428571428572 0.71912 0.6980571428571428 0.73212 0.6865142857142857 0.73964 0.6749428571428571 0.7370399999999999 0.6262571428571428 0.72577 0.5957142857142858 0.7104600000000001 0.5907714285714286 0.69948 0.5948857142857144 0.68908 0.6039714285714285 0.68648 0.6146857142857143 0.68532 0.6262571428571428 0.68792 0.6394571428571428