3 0.3855820105820106 0.6292578125 0.37137566137566136 0.688359375 0.36558201058201056 0.7326953125 0.36767195767195765 0.7840234375 0.3803174603174603 0.829140625 0.401931216931217 0.832265625 0.4182539682539682 0.8205859375 0.4366931216931217 0.7894921875 0.4551322751322751 0.727265625 0.47145502645502646 0.674375 0.4804232804232804 0.6253515625 0.47883597883597884 0.615234375 0.45145502645502644 0.613671875 0.4435449735449735 0.6284765625
3 0.4715343915343916 0.6782421875 0.46931216931216935 0.7185546875 0.47693121693121693 0.7888671875 0.4813756613756614 0.8277734375 0.4918518518518518 0.8535546875 0.5004232804232804 0.8591796875 0.5131216931216931 0.8619921875 0.528994708994709 0.8418359375 0.5423280423280423 0.8048046875 0.5538095238095239 0.768359375 0.5643650793650794 0.7566796875 0.5722751322751323 0.7304296875 0.5742328042328042 0.67890625 0.5761904761904763 0.6341796875 0.5228571428571428 0.6312890625 0.489973544973545 0.6312890625 0.48074074074074075 0.6244921875
3 0.15335978835978836 0.31921875 0.1446031746031746 0.340625 0.13756613756613756 0.3710546875 0.14150793650793653 0.42875 0.14195767195767195 0.4721875 0.1446031746031746 0.5214453125 0.15116402116402117 0.5687890625 0.1625925925925926 0.5959765625 0.19365079365079366 0.60625 0.20648148148148146 0.596640625 0.2034126984126984 0.5596875 0.2113227513227513 0.4968359375 0.21087301587301585 0.428125 0.2121957671957672 0.3853515625 0.2192063492063492 0.369765625 0.21526455026455027 0.3483984375 0.1976984126984127 0.317265625 0.1862962962962963 0.3023828125 0.16785714285714287 0.3023828125 0.15775132275132275 0.3120703125
3 0.6692857142857143 0.6048828125 0.6730952380952381 0.6526953125 0.6810846560846561 0.7196484375 0.6963227513227512 0.75734375 0.7229894179894181 0.8124609375 0.7370899470899471 0.8484765625 0.75005291005291 0.8574609375 0.7664285714285713 0.847890625 0.7748148148148148 0.825390625 0.7789947089947089 0.7820703125 0.7755820105820106 0.712890625 0.7648941798941798 0.6493359375 0.7515873015873017 0.608203125 0.7363227513227513 0.580703125 0.7267989417989419 0.5705859375 0.7134656084656085 0.56609375 0.6925132275132274 0.569453125 0.6784391534391534 0.575078125
3 0.33907407407407403 0.3419140625 0.32105820105820104 0.3814453125 0.3127248677248677 0.4138671875 0.30788359788359787 0.44625 0.3065873015873016 0.51171875 0.30174603174603176 0.585625 0.30526455026455024 0.6044140625 0.33071428571428574 0.622578125 0.36100529100529105 0.6277734375 0.4128042328042328 0.6277734375 0.44574074074074077 0.627109375 0.45494708994708993 0.6024609375 0.46066137566137566 0.5771875 0.4536243386243386 0.47609375 0.43431216931216926 0.4138671875 0.4128042328042328 0.36265625 0.39481481481481484 0.340625 0.3776984126984127 0.3289453125 0.3570634920634921 0.3321875
3 0.2646031746031746 0.6256640625 0.2635449735449736 0.6583203125 0.26986772486772487 0.7182421875 0.27460317460317457 0.757109375 0.27933862433862433 0.796796875 0.28304232804232804 0.81625 0.28724867724867725 0.831015625 0.2941005291005291 0.834921875 0.3014550264550265 0.8364453125 0.32465608465608464 0.8069140625 0.3467724867724868 0.756328125 0.3615079365079365 0.7337890625 0.3731216931216931 0.66765625 0.3731216931216931 0.6412109375 0.36468253968253966 0.6287890625 0.33201058201058203 0.6233203125 0.3056878306878307 0.6054296875 0.29724867724867726 0.603125 0.2941005291005291 0.613984375 0.27722222222222226 0.621796875
0 0.7259788359788361 0.8144921875 0.734973544973545 0.8242578125 0.7384126984126984 0.8234765625 0.7423809523809524 0.8137109375 0.746084656084656 0.8238671875 0.7566666666666666 0.8301171875 0.7667195767195767 0.8348046875 0.7701587301587302 0.8402734375 0.7648677248677249 0.8476953125 0.760899470899471 0.8543359375 0.7524338624338625 0.8558984375 0.7447619047619047 0.8512109375 0.7378835978835979 0.8449609375 0.731005291005291 0.8293359375
3 0.24161375661375661 0.32828125 0.23195767195767197 0.352265625 0.22624338624338625 0.3775390625 0.21526455026455027 0.3853515625 0.21264550264550264 0.4196875 0.2121957671957672 0.47671875 0.21264550264550264 0.4974609375 0.2056084656084656 0.552578125 0.20515873015873015 0.5674609375 0.20825396825396825 0.59859375 0.2244973544973545 0.6102734375 0.24867724867724866 0.61484375 0.27145502645502645 0.620625 0.2841798941798942 0.6173828125 0.2939153439153439 0.612109375 0.29955026455026457 0.570078125 0.30613756613756615 0.500703125 0.30788359788359787 0.4229296875 0.3021957671957672 0.369140625 0.29164021164021164 0.325703125 0.2741005291005291 0.3114453125 0.2582804232804233 0.312734375
3 0.1529100529100529 0.581328125 0.12447089947089947 0.6241015625 0.1112962962962963 0.690234375 0.11235449735449735 0.74390625 0.11447089947089947 0.7711328125 0.12394179894179895 0.7672265625 0.14185185185185184 0.74390625 0.1587037037037037 0.720546875 0.17978835978835978 0.7019140625 0.193994708994709 0.654453125 0.21137566137566138 0.613984375 0.20455026455026454 0.60078125 0.193994708994709 0.6077734375 0.16134920634920635 0.5953515625 0.15711640211640213 0.581328125
0 0.8876719576719577 0.7207421875 0.894047619047619 0.7051171875 0.9051322751322751 0.6937890625 0.9149206349206348 0.6875390625 0.9220634920634921 0.6879296875 0.937936507936508 0.6996484375 0.944021164021164 0.7070703125 0.9416666666666667 0.7266015625 0.9448148148148148 0.7422265625 0.9575396825396825 0.7441796875 0.9643915343915345 0.7512109375 0.9659788359788359 0.7578515625 0.9651851851851851 0.7738671875 0.957010582010582 0.7863671875 0.9506349206349206 0.7976953125 0.936084656084656 0.8055078125 0.9186507936507936 0.8012109375 0.8871428571428571 0.7933984375 0.8810582010582011 0.7859765625 0.8808201058201058 0.7769921875 0.8818518518518518 0.7312890625
3 0.5793386243386244 0.6549609375 0.5793386243386244 0.7140234375 0.5824338624338624 0.7421484375 0.5915608465608466 0.7950390625 0.6029629629629629 0.8265234375 0.6212433862433863 0.8546484375 0.6376719576719576 0.8523828125 0.655952380952381 0.81640625 0.673068783068783 0.7669140625 0.6780158730158731 0.73484375 0.6727248677248677 0.6526953125 0.6692857142857143 0.617265625 0.6604761904761904 0.59140625 0.6479100529100529 0.580703125 0.6334656084656084 0.5762109375 0.6151587301587301 0.5812890625 0.6109523809523809 0.6273828125 0.5938095238095238 0.63640625
3 0.21402116402116403 0.6069921875 0.193994708994709 0.654453125 0.17661375661375664 0.725234375 0.1702910052910053 0.760234375 0.16555555555555554 0.81078125 0.17502645502645503 0.81625 0.1919047619047619 0.8061328125 0.21507936507936506 0.759453125 0.24351851851851852 0.7166796875 0.2566931216931217 0.7151171875 0.2588095238095238 0.688671875 0.2582804232804233 0.6645703125 0.26301587301587304 0.648984375 0.2651322751322751 0.621015625 0.23560846560846563 0.613984375 0.22193121693121692 0.6132421875
0 0.5977777777777779 0.3970703125 0.5924867724867725 0.3978515625 0.5908994708994709 0.4005859375 0.5911640211640212 0.4123046875 0.5924867724867725 0.4162109375 0.5953968253968254 0.4263671875 0.6006878306878307 0.4248046875 0.6014814814814815 0.4154296875 0.5996296296296296 0.4044921875
3 0.6964021164021165 0.3490234375 0.684973544973545 0.3788671875 0.6678571428571428 0.409296875 0.648994708994709 0.435234375 0.6274867724867724 0.44171875 0.6216931216931217 0.449609375 0.6240740740740741 0.48984375 0.638015873015873 0.5344140625 0.6612698412698413 0.557734375 0.6871693121693122 0.5648828125 0.7042857142857144 0.5603515625 0.72010582010582 0.5363671875 0.7306349206349206 0.4994140625 0.7385449735449736 0.4488671875 0.7394179894179894 0.4183984375 0.7407407407407407 0.37625 0.7376719576719576 0.3464453125 0.7293121693121694 0.3295703125 0.7143915343915345 0.3289453125 0.7012169312169312 0.3360546875
3 0.526058201058201 0.3574609375 0.49447089947089945 0.393125 0.47955026455026456 0.4209765625 0.46679894179894177 0.47671875 0.4575925925925926 0.5084765625 0.4597883597883598 0.57265625 0.4637301587301587 0.5933984375 0.4720634920634921 0.605703125 0.47955026455026456 0.6134765625 0.4887566137566138 0.6296875 0.5194973544973545 0.631015625 0.5603174603174603 0.6323046875 0.5813756613756613 0.636171875 0.6107936507936508 0.6303515625 0.612989417989418 0.6018359375 0.6169312169312169 0.566171875 0.6156349206349206 0.513671875 0.6169312169312169 0.44609375 0.602010582010582 0.3846875 0.5862169312169312 0.364609375 0.5717195767195767 0.356171875 0.5524074074074075 0.3535546875
3 0.8037301587301587 0.5978125 0.7869576719576721 0.6214453125 0.7793386243386242 0.6484375 0.7705820105820105 0.664765625 0.7686772486772487 0.667578125 0.7755291005291005 0.7119921875 0.7793386243386242 0.733359375 0.7976190476190477 0.7508203125 0.8223809523809524 0.789609375 0.8486772486772487 0.83125 0.8661904761904762 0.8453125 0.8791534391534391 0.8413671875 0.8775132275132275 0.832421875 0.8742063492063492 0.803125 0.8804232804232804 0.767578125 0.8810582010582011 0.7226953125 0.8753439153439153 0.6923046875 0.8658201058201057 0.6608203125 0.8513492063492063 0.62875 0.8429629629629629 0.6130078125 0.8292592592592593 0.5989453125 0.8178306878306878 0.595546875