0 0.45183999999999996 0.5380877390326209 0.4505325 0.5372178477690289 0.44769749999999997 0.538848893888264 0.44748000000000004 0.5409186351706037 0.448715 0.543644544431946 0.451985 0.5464754405699288 0.4535825 0.5486539182602175 0.454745 0.5517022872140983 0.45685000000000003 0.5525759280089989 0.460845 0.5522497187851518 0.46208 0.5510498687664043 0.462225 0.5474540682414698 0.465565 0.5442969628796401 0.4675275 0.5426621672290963 0.4670175 0.5401574803149606 0.4653475 0.5381964754405699 0.46375 0.5384139482564679 0.46157 0.5397225346831647 0.45823 0.5402662167229096 0.45576 0.5400487439070116 0.454235 0.5396137982752156
1 0.5180275000000001 0.3895613048368954 0.5305425 0.37866141732283465 0.554365 0.36291338582677163 0.57294 0.36957630296212973 0.5886849999999999 0.3847169103862017 0.600395 0.39864266966629175 0.606855 0.42226096737907765 0.5975675 0.4737345331833521 0.582225 0.5088563929508811 0.57092 0.5058305211848518 0.56123 0.4925084364454443 0.5454825 0.47131233595800526 0.5321575000000001 0.4489051368578928 0.522065 0.4186276715410574 0.5192374999999999 0.4071203599550056
1 0.522365 0.4368391451068616 0.4873875 0.45791901012373454 0.4780175 0.5127184101987252 0.47458249999999996 0.5267716535433071 0.46427749999999995 0.5244281964754406 0.45709500000000003 0.5291151106111737 0.4496 0.5305174353205849 0.44554000000000005 0.5234945631796026 0.4364825 0.5277090363704537 0.43461 0.5370753655793026 0.440855 0.5520659917510311 0.44772500000000004 0.5717360329958755 0.4496 0.5881289838770154 0.44585250000000004 0.6040569928758905 0.44616500000000003 0.6312223472065992 0.45803 0.6415260592425946 0.4649025 0.6537045369328834 0.4739575 0.6668203974503187 0.47458249999999996 0.6288788901387327 0.4717725 0.608740157480315 0.469275 0.5942182227221597 0.47020999999999996 0.5693963254593175 0.47146 0.5590888638920135 0.4908225 0.5567491563554555 0.5036275 0.5473828271466067 0.515495 0.5469141357330334 0.5214275 0.5380127484064492 0.529235 0.5305174353205849 0.545475 0.5277090363704537 0.5620275 0.5277090363704537 0.575455 0.5300487439070116 0.5842 0.5286464191976004 0.56671 0.5010086239220097 0.53673 0.460262467191601
0 0.5851425 0.5141207349081365 0.58282 0.5102212223472066 0.5802200000000001 0.5081289838770154 0.5777125 0.5103599550056244 0.580035 0.5170453693288339 0.5814275 0.5201124859392576 0.5831000000000001 0.5196925384326959 0.5854225000000001 0.5162092238470192
3 0.81968 0.22218222722159728 0.8385750000000001 0.2396212973378328 0.8574725 0.24107611548556432 0.874915 0.2308998875140607 0.8913875 0.21854518185226848 0.9068925 0.18148481439820022 0.9209425 0.14951256092988377 0.9291799999999999 0.11245219347581553 0.9359625 0.08047619047619048 0.933055 0.04777652793400825 0.929665 0.017255343082114738 0.9262725 0.0005399325084364454 0.8923175 0 0.7875025000000001 0 0.767835 0.015076865391826021 0.7596 0.025976752905886764 0.752815 0.050682414698162724 0.754755 0.07248218972628422 0.7537849999999999 0.09646419197600299 0.763475 0.10373078365204348 0.778495 0.11826396700412449 0.782855 0.12189726284214474 0.8007825000000001 0.15677915260592426
0 0.4063275 0.6322909636295463 0.40611 0.6388263967004124 0.40930500000000003 0.6419872515935509 0.41308249999999996 0.6429658792650919 0.41591500000000003 0.6429658792650919 0.41678750000000003 0.6400262467191601 0.41664249999999997 0.6375215598050243 0.412425 0.6341582302212223 0.4090875 0.6309861267341582 0.40749 0.6301124859392576
0 0.5311375 0.7140082489688789 0.5304725 0.7170041244844394 0.53132 0.7180952380952381 0.53253 0.7170978627671541 0.5334375 0.719456317960255 0.5357975 0.72 0.5357375 0.7174578177727784 0.53374 0.7140082489688789 0.5328324999999999 0.7117397825271841 0.5311375 0.7109223847019123 0.5310175 0.7119235095613049
0 0.5077025 0.6849343832020998 0.50613 0.6861154855643045 0.5043125 0.6881102362204725 0.5028 0.6888376452943382 0.50401 0.6911961004874391 0.505705 0.6910161229846269 0.50734 0.68965504311961 0.5081275 0.6878402699662542 0.5087325 0.6862954630671165
3 0.704525 0.09550056242969629 0.683775 0.10482189726284215 0.6676974999999999 0.11959880014998127 0.650065 0.14526809148856393 0.6459175 0.16782527184101986 0.6360625 0.2028271466066742 0.6355449999999999 0.23549681289838773 0.6396925 0.258830146231721 0.6796275 0.33116985376827895 0.69311 0.3545031871016123 0.733045 0.38328083989501316 0.7636425 0.3933933258342707 0.78335 0.38017247844019497 0.8025375 0.3552793400824897 0.8253575 0.30472065991751035 0.827 0.2538432695913011 0.8206749999999999 0.2253843269591301 0.8126 0.19598800149981255 0.800465 0.15771278590176227 0.78335 0.12348706411698537 0.770385 0.11104236970378702 0.7556499999999999 0.09970003749531307 0.74145 0.09535058117735283 0.731275 0.09535058117735283 0.71956 0.10092988376452944 0.7122999999999999 0.10248593925759279
3 0.2248 0.6461867266591677 0.2611025 0.6212973378327709 0.3005175 0.598740157480315 0.327485 0.6189651293588302 0.3363025 0.6236295463067116 0.339415 0.6391863517060368 0.35445499999999996 0.6858567679040121 0.3829775 0.7511961004874391 0.4094275 0.7791976002999624 0.4182425 0.7900862392200975 0.4296525 0.8320884889388825 0.43432 0.8912035995500563 0.4275775 0.9518747656542933 0.40890750000000003 0.9728758905136857 0.3928325 1 0.3219775 1 0.31451999999999997 0.9853205849268841 0.29896249999999996 0.9479865016872892 0.27666250000000003 0.8919835020622422 0.2611025 0.8383127109111362 0.2471 0.7893100862392202 0.22739250000000003 0.6975253093363329 0.219095 0.6617435320584927
3 0.5401174999999999 0.26194225721784775 0.5292275 0.27827521559805024 0.522485 0.30861267341582305 0.5141875 0.33817022872140984 0.5105575 0.36772778402699663 0.5157425 0.39650543682039746 0.5230049999999999 0.4315073115860517 0.5328575 0.45017622797150353 0.5520475 0.47895388076490436 0.57331 0.5069553805774278 0.5857575 0.5124034495688039 0.6075375000000001 0.5295125609298837 0.6246525 0.5442932133483315 0.6625125000000001 0.538848893888264 0.6827375 0.5077352830896138 0.6998525 0.46028871391076115 0.7050375 0.4151743532058493 0.694665 0.36150356205474315 0.67859 0.33116985376827895 0.6547324999999999 0.2907199100112486 0.6376175 0.25727409073865765 0.61791 0.23938507686539184 0.5935349999999999 0.23549681289838773 0.568125 0.24016122984626923 0.5520475 0.2518297712785902
3 0.492925 0.3669478815148106 0.474255 0.36383577052868393 0.4509175 0.36617172853393326 0.4094275 0.39183727034120736 0.391275 0.42606299212598425 0.380385 0.4532883389576303 0.37105 0.4727334083239595 0.3601575 0.48829021372328457 0.349785 0.5147356580427447 0.34045 0.5427371578552681 0.33319 0.5777390326209224 0.335265 0.61429696287964 0.3414875 0.6399662542182227 0.3570475 0.6913010873640795 0.380385 0.7449718785151855 0.3964625 0.7675290588676416 0.4198 0.7924184476940382 0.459215 0.8079752530933633 0.4898125 0.8033108361454817 0.51678 0.7900862392200975 0.5390825 0.7589726284214473 0.5453049999999999 0.7387514060742407 0.5743475 0.7177465316835395 0.589905 0.6944131983502062 0.601315 0.6601874765654293 0.605465 0.6205211848518936 0.59924 0.5684064491938507 0.590425 0.538068991376078 0.5665675 0.49917885264341955 0.5478975 0.47506561679790027 0.5292275 0.4470641169853768 0.5230049999999999 0.42606299212598425 0.51367 0.3980614923134609 0.5126325 0.3856167979002625
3 0.927095 0.0002512185976752906 0.93388 0.05111736032995876 0.938725 0.08963254593175854 0.9474450000000001 0.1186989126359205 0.958105 0.13977502812148482 0.974095 0.15648668916385453 0.9852375 0.16666291713535808 0.997835 0.1782902137232846 1 0.17869516310461192 1 0 0.9303625 0