3 0.5023706377858003 0.78644 0.4919253910950662 0.79622 0.4893140794223827 0.83094 0.4893140794223827 0.86566 0.49127557160048135 0.8993 0.49127557160048135 0.9242400000000001 0.49519855595667867 0.9546399999999999 0.5062936221419976 0.96766 0.52 0.96982 0.5337184115523466 0.94704 0.5513357400722022 0.8841 0.557870036101083 0.85154 0.5637424789410349 0.819 0.5585198555956679 0.78862 0.5441636582430807 0.7756000000000001 0.5311070998796631 0.77234 0.5108664259927798 0.7745
3 0.5585198555956679 0.76148 0.5552587244283995 0.7821 0.5617809867629362 0.80814 0.5637424789410349 0.84286 0.5565583634175691 0.8776 0.5513357400722022 0.8993 0.5493862815884477 0.9144800000000001 0.5663537906137184 0.92534 0.5826835138387485 0.921 0.5950782190132371 0.8993 0.6042238267148015 0.87 0.6127075812274368 0.8341799999999999 0.6179302045728039 0.80598 0.6212033694344165 0.7810199999999999 0.6159687123947052 0.76908 0.5911672683513839 0.7604 0.574849578820698 0.75498
3 0.4351263537906137 0.75932 0.4207701564380265 0.77016 0.4077135980746089 0.80598 0.4077135980746089 0.83962 0.4064019253910951 0.87434 0.4070517448856799 0.9242400000000001 0.40836341756919375 0.94812 0.4129362214199759 0.9568 0.4331768953068592 0.96874 0.4429602888086643 0.9568 0.46385078219013237 0.93726 0.47299638989169673 0.91014 0.48279181708784596 0.8786799999999999 0.49127557160048135 0.84178 0.4938868832731649 0.7973 0.49323706377858 0.7745 0.4867027677496991 0.76148 0.47625752105896507 0.75172 0.46320096269554756 0.7387 0.45536702767749704 0.74088
3 0.7302286401925392 0.48046 0.7289169675090252 0.49782 0.7236943441636582 0.53036 0.7230445246690734 0.58354 0.7250060168471721 0.6139199999999999 0.730878459687124 0.63888 0.7452466907340553 0.6421399999999999 0.7674368231046932 0.65298 0.7994344163658244 0.6605800000000001 0.8092298435619736 0.6584 0.8157521058965103 0.6117400000000001 0.8151022864019254 0.5824600000000001 0.8053068592057763 0.53796 0.8000842358604091 0.5162599999999999 0.7896389891696751 0.49348000000000003 0.7765824308062576 0.48154 0.7439350180505415 0.48154 0.7374127557160047 0.48046
3 0.39073405535499395 0.49998000000000004 0.37441636582430804 0.5162599999999999 0.36788206979542715 0.55098 0.36788206979542715 0.5857 0.37441636582430804 0.6160800000000001 0.3946570397111913 0.63562 0.4129362214199759 0.62802 0.42729241877256313 0.6063200000000001 0.43643802647412755 0.58896 0.4410108303249098 0.5585800000000001 0.4396991576413959 0.52712 0.42860409145607703 0.50324 0.40966305655836344 0.48262 0.3953068592057762 0.49782
3 0.46058965102286403 0.46744 0.45145607701564383 0.48372000000000004 0.44166064981949454 0.5206000000000001 0.4396991576413959 0.56292 0.44492178098676294 0.59764 0.465812274368231 0.6443 0.48344163658243083 0.6497200000000001 0.5141275571600481 0.6302000000000001 0.525222623345367 0.61066 0.5330565583634176 0.58354 0.5350180505415163 0.5488200000000001 0.5317569193742478 0.51844 0.5206498194945849 0.49348000000000003 0.4919253910950662 0.46092 0.4847533092659446 0.46092
3 0.629037304452467 0.79622 0.6166305655836342 0.82226 0.6107460890493381 0.8721599999999999 0.6081347773766547 0.9144800000000001 0.6087966305655836 0.94704 0.6159687123947052 0.9709 0.6349097472924188 0.9600599999999999 0.6420938628158845 0.94162 0.6538387484957883 0.9166599999999999 0.6721179302045728 0.87 0.6773405535499398 0.84286 0.6773405535499398 0.8135800000000001 0.6538387484957883 0.79512 0.6309867629362215 0.79188
3 0.7028038507821901 0.8146599999999999 0.7060649819494585 0.8005599999999999 0.7139109506618532 0.80272 0.7243561973525873 0.8244199999999999 0.7315282791817087 0.83636 0.7276173285198556 0.87 0.7243561973525873 0.90146 0.7263056558363417 0.94052 0.7210830324909747 0.972 0.7145607701564379 0.97958 0.7015042117930205 0.97742 0.6962815884476534 0.9622200000000001 0.6943200962695548 0.94162 0.6975812274368232 0.92534 0.7041155234657039 0.91122 0.7139109506618532 0.88628 0.7171720818291216 0.86674 0.7178219013237064 0.84504 0.7158604091456077 0.8255
3 0.6322984356197353 0.45876 0.622503008423586 0.48913999999999996 0.6212033694344165 0.5282 0.6212033694344165 0.56184 0.618531889290012 0.59 0.6251504211793021 0.6172000000000001 0.6472924187725632 0.6257999999999999 0.6610108303249097 0.6292000000000001 0.6793020457280385 0.63346 0.6982310469314079 0.6367 0.7217448856799037 0.6399600000000001 0.7223947051744884 0.62152 0.7236943441636582 0.58028 0.7210830324909747 0.5564199999999999 0.7178219013237064 0.53146 0.7119494584837545 0.49563999999999997 0.7060649819494585 0.47828 0.6890974729241877 0.4631 0.6642839951865223 0.45876 0.6466546329723225 0.45876
3 0.3006377858002407 0.8135800000000001 0.3078219013237064 0.79296 0.31891696750902526 0.77342 0.3267509025270758 0.76908 0.3509145607701565 0.77016 0.35808664259927797 0.7745 0.363309265944645 0.78754 0.373754512635379 0.78862 0.3835499398315283 0.8135800000000001 0.38747292418772566 0.84612 0.3848616125150421 0.87 0.37441636582430804 0.89278 0.3672322503008424 0.90364 0.3385078219013237 0.90038 0.3247894103489771 0.8786799999999999 0.2973766546329723 0.84286
3 0.6780024067388688 0.80814 0.6910589651022864 0.80706 0.7125992779783393 0.8244199999999999 0.7191335740072202 0.83202 0.7152105896510229 0.8721599999999999 0.7034536702767751 0.90906 0.69367027677497 0.9361799999999999 0.6832250300842359 0.9535399999999999 0.6649458483754513 0.9730800000000001 0.6512274368231047 0.96114 0.6486161251504212 0.94162 0.6558002406738869 0.9166599999999999 0.6617328519855595 0.8937999999999999 0.6747292418772564 0.8623999999999999 0.6793020457280385 0.8386 0.6793020457280385 0.8135800000000001
3 0.816401925391095 0.50216 0.8105294825511431 0.5162599999999999 0.8072683513838749 0.5357999999999999 0.8085679903730445 0.5596599999999999 0.8137906137184115 0.58462 0.8157521058965103 0.6160800000000001 0.811841155234657 0.63562 0.8183634175691937 0.6518999999999999 0.8275090252707581 0.666 0.8405655836341757 0.67252 0.8444765342960289 0.6736 0.8510108303249098 0.6605800000000001 0.8516606498194946 0.6399600000000001 0.8510108303249098 0.60524 0.8477376654632973 0.57594 0.8457882069795427 0.54014 0.8412154031287604 0.5206000000000001 0.8353429602888086 0.5065 0.8248977135980746 0.49782