3 0.5687908496732027 0.5446 0.5678104575163399 0.5536 0.571078431372549 0.5640999999999999 0.5743464052287581 0.5751 0.5771241830065359 0.5775 0.5859477124183007 0.5770000000000001 0.5898692810457516 0.573 0.5931372549019608 0.5715 0.5939542483660131 0.5686 0.5936274509803922 0.5596 0.5913398692810458 0.5521 0.5890522875816994 0.5451 0.5818627450980393 0.5416 0.5763071895424836 0.5406 0.5714052287581699 0.5411
3 0.5042483660130719 0.561 0.5036274509803922 0.5688 0.5029738562091504 0.5843 0.50359477124183 0.6025 0.5114705882352941 0.6028 0.519640522875817 0.6018 0.5254901960784314 0.5985 0.5255228758169934 0.5903 0.5255228758169934 0.5743 0.523202614379085 0.5585 0.5147058823529411 0.56 0.5101307189542483 0.5595
3 0.526078431372549 0.5557 0.5244444444444444 0.5602 0.5244444444444444 0.5652 0.5244444444444444 0.5711999999999999 0.5254248366013072 0.5767 0.526078431372549 0.5837 0.52640522875817 0.5907 0.5270588235294118 0.6012 0.5316339869281046 0.6012 0.5417647058823529 0.6002000000000001 0.5463398692810457 0.5992000000000001 0.5477124183006535 0.596 0.5483660130718955 0.5905 0.5486928104575164 0.5845 0.5470588235294118 0.5770000000000001 0.5467320261437909 0.5685 0.545751633986928 0.5585 0.5411764705882353 0.5555 0.5365359477124183 0.5557 0.5309803921568627 0.5557 0.5280392156862745 0.5557
3 0.6316339869281046 0.39799999999999996 0.6312091503267974 0.41054999999999997 0.6316339869281046 0.43815 0.6328431372549019 0.4476 0.6377777777777778 0.4501 0.6427124183006535 0.45325000000000004 0.6476470588235295 0.45135 0.6505228758169934 0.44195 0.6517320261437909 0.43125 0.6525490196078432 0.41555 0.6488562091503268 0.39925 0.6394117647058823 0.39675
3 0.6008496732026144 0.39985 0.5987908496732026 0.4168 0.5996078431372549 0.43315 0.6029084967320262 0.4476 0.6119281045751634 0.45575000000000004 0.6217647058823529 0.45325000000000004 0.6312091503267974 0.44634999999999997 0.6316339869281046 0.41115 0.63 0.40615 0.6275163398692811 0.39925 0.6201307189542483 0.3917 0.6057843137254902 0.3911 0.602483660130719 0.39235
3 0.48470588235294115 0.42810000000000004 0.48388888888888887 0.4457 0.48470588235294115 0.4727 0.4883986928104575 0.4928 0.49617647058823533 0.4991 0.5105555555555555 0.4972 0.5294444444444444 0.49595 0.5466666666666666 0.48965000000000003 0.5519934640522876 0.48465 0.5487254901960784 0.4595 0.544607843137255 0.42815 0.5417320261437909 0.4181 0.5286274509803921 0.40865 0.5060457516339869 0.40805 0.49166666666666664 0.41495 0.4863398692810457 0.42185
3 0.5486928104575164 0.555 0.5476470588235295 0.5607 0.5483006535947712 0.5687 0.5483006535947712 0.5717 0.548954248366013 0.5807 0.5499346405228758 0.5887 0.5509150326797386 0.5902000000000001 0.5545098039215687 0.5907 0.5587581699346404 0.5907 0.5620261437908496 0.5892000000000001 0.564640522875817 0.5867 0.5682352941176471 0.5852 0.5715032679738562 0.5832 0.5738562091503268 0.58 0.573202614379085 0.573 0.5715032679738562 0.5672 0.5698692810457516 0.5602 0.568562091503268 0.5557 0.5660130718954248 0.5489999999999999 0.5600653594771242 0.5497 0.5545098039215687 0.5492 0.5516339869281046 0.5515
3 0.45186274509803925 0.42625 0.4407843137254902 0.43189999999999995 0.43094771241830065 0.43945 0.43094771241830065 0.4482 0.4313398692810458 0.4658 0.4342156862745098 0.48340000000000005 0.437516339869281 0.48965000000000003 0.44735294117647056 0.4972 0.4592483660130719 0.49845 0.46993464052287587 0.4991 0.47689542483660136 0.49595 0.4810130718954248 0.48590000000000005 0.4810130718954248 0.46895000000000003 0.47937908496732023 0.45325000000000004 0.47444444444444445 0.43945 0.4654248366013071 0.43125 0.46049019607843134 0.42625
3 0.43611111111111106 0.5686 0.42924836601307187 0.5831000000000001 0.4269607843137255 0.5906 0.4266339869281046 0.5996 0.42924836601307187 0.6065999999999999 0.43022875816993467 0.6065999999999999 0.4364379084967321 0.6076 0.4433006535947713 0.6076 0.45179738562091504 0.6071 0.4616013071895425 0.6026 0.467156862745098 0.5986 0.4681372549019608 0.5956 0.4658496732026144 0.5831000000000001 0.46258169934640525 0.5751 0.4602941176470588 0.5736 0.4524509803921568 0.5681 0.4475490196078431 0.5656 0.4423202614379085 0.5656
3 0.4709477124183007 0.5618 0.4663725490196079 0.5713 0.4663725490196079 0.5788 0.4699673202614379 0.5968 0.47421568627450983 0.6008 0.481078431372549 0.6018 0.49349673202614375 0.6038 0.5019934640522876 0.6038 0.5029738562091504 0.5888 0.5029738562091504 0.5718 0.4987254901960785 0.5608 0.47454248366013074 0.5598
3 0.3568954248366013 0.4768 0.35558823529411765 0.49579999999999996 0.36016339869281044 0.5158 0.36604575163398695 0.5328 0.37323529411764705 0.5373 0.38369281045751635 0.5323 0.39055555555555554 0.5163 0.39022875816993463 0.5038 0.38794117647058823 0.49229999999999996 0.38369281045751635 0.4803 0.3725816993464052 0.47479999999999994 0.362124183006536 0.4738
3 0.39728758169934636 0.45515 0.3915359477124183 0.4608 0.38826797385620915 0.4727 0.3870261437908497 0.49155 0.3899019607843137 0.50095 0.3927777777777778 0.5104 0.40098039215686276 0.5223 0.40712418300653597 0.52795 0.42026143790849674 0.52295 0.4284640522875817 0.51225 0.434640522875817 0.5015999999999999 0.437516339869281 0.49090000000000006 0.43297385620915035 0.47835 0.4305228758169935 0.4633 0.42232026143790846 0.452 0.41330065359477125 0.4495 0.40261437908496733 0.4495
3 0.545 0.41450000000000004 0.5469607843137255 0.4285 0.5505555555555556 0.4385 0.5662418300653596 0.445 0.5776797385620915 0.456 0.5838888888888889 0.4685 0.5887908496732026 0.47450000000000003 0.6002287581699346 0.46950000000000003 0.6031699346405228 0.46299999999999997 0.6025163398692811 0.4465 0.5999019607843137 0.429 0.5963071895424836 0.414 0.5933660130718954 0.4 0.583562091503268 0.39649999999999996 0.5688562091503268 0.39799999999999996 0.5580718954248366 0.3985 0.5502287581699347 0.40549999999999997