3 0.5214 0.40685000000000004 0.5096666666666667 0.47204999999999997 0.5110333333333333 0.5259 0.5145 0.5414 0.5255333333333333 0.53725 0.5337999999999999 0.52485 0.5448666666666667 0.53415 0.5648666666666667 0.53415 0.5862666666666666 0.5196500000000001 0.5987 0.5207 0.6062666666666666 0.5227499999999999 0.6131666666666666 0.5031 0.6062666666666666 0.44409999999999994 0.6014333333333334 0.40685000000000004 0.5828 0.39130000000000004 0.5600333333333333 0.37475 0.5414 0.38299999999999995
3 0.6144333333333334 0.5725 0.6107666666666667 0.5825 0.6091 0.6 0.6087666666666667 0.6145 0.6101 0.638 0.6164333333333334 0.6585 0.6241 0.6759999999999999 0.6297666666666667 0.682 0.6474333333333333 0.6875 0.6571 0.6845 0.6727666666666667 0.6809999999999999 0.6817666666666666 0.679 0.6847666666666666 0.6629999999999999 0.6844333333333333 0.6485 0.6839999999999999 0.6285000000000001 0.6817666666666666 0.606 0.6754333333333333 0.5875 0.6714333333333333 0.583 0.6640999999999999 0.5735 0.6547666666666667 0.569 0.6441 0.568 0.6374333333333333 0.5685 0.6296666666666667 0.562 0.6233333333333333 0.5645 0.6171 0.5670000000000001
3 0.7184333333333334 0.524 0.7247666666666667 0.531 0.7284333333333334 0.5415 0.7344333333333334 0.5479999999999999 0.7394333333333334 0.555 0.7467666666666667 0.5589999999999999 0.7557666666666666 0.5545 0.7647666666666667 0.5429999999999999 0.7671 0.5335 0.7691 0.522 0.7647666666666667 0.503 0.7597666666666667 0.4935 0.7544333333333334 0.4815 0.7511 0.4755 0.7467666666666667 0.466 0.7437666666666667 0.45899999999999996 0.7367666666666667 0.4575 0.7337666666666667 0.4585 0.7304333333333333 0.46399999999999997 0.7264333333333334 0.4755 0.7244333333333334 0.4855 0.7241 0.4885 0.7234333333333334 0.498 0.7224333333333333 0.5075 0.7191 0.517
3 0.47833333333333333 0.5581 0.48793333333333333 0.5575 0.5021666666666667 0.5562 0.5256333333333333 0.55875 0.5366666666666666 0.5670000000000001 0.5415333333333333 0.5719 0.5386000000000001 0.5807 0.5402666666666667 0.5989 0.5394333333333333 0.6146 0.5386000000000001 0.6322 0.5386000000000001 0.65605 0.5386000000000001 0.66425 0.5344 0.6748999999999999 0.5277000000000001 0.6931 0.5185000000000001 0.70065 0.5001 0.7075499999999999 0.4883666666666666 0.7 0.48033333333333333 0.6785 0.47663333333333335 0.66295 0.4745666666666667 0.6548 0.4736666666666666 0.642 0.47333333333333333 0.6255 0.47163333333333335 0.61025 0.47203333333333336 0.5939 0.47330000000000005 0.5763 0.4745666666666667 0.5631499999999999
3 0.6814333333333333 0.6054999999999999 0.6831 0.6315 0.6844333333333333 0.6485 0.6897666666666666 0.6615000000000001 0.6937666666666666 0.672 0.7004333333333334 0.6809999999999999 0.7077666666666667 0.6805 0.7217666666666667 0.68 0.7331 0.679 0.7384333333333334 0.6779999999999999 0.7367666666666667 0.664 0.7351 0.6515000000000001 0.7351 0.644 0.7334333333333334 0.6335000000000001 0.7294333333333334 0.6164999999999999 0.7257666666666667 0.6095 0.7187666666666667 0.6035 0.7114333333333334 0.5985 0.7031000000000001 0.595 0.6947666666666666 0.5935 0.6901 0.5954999999999999 0.6847666666666666 0.601
3 0.6763333333333333 0.42119999999999996 0.6717333333333334 0.43755000000000005 0.6725666666666666 0.45890000000000003 0.6734 0.48840000000000006 0.6709 0.5065999999999999 0.6704666666666667 0.5173 0.6729666666666666 0.5305 0.6923333333333332 0.5425 0.7018666666666666 0.5499499999999999 0.7114999999999999 0.5487 0.7156666666666667 0.5329999999999999 0.7207 0.511 0.7257333333333333 0.484 0.7274 0.45890000000000003 0.7228 0.43065 0.7114999999999999 0.4181 0.6997666666666666 0.41054999999999997 0.6868 0.41115
3 0.4473333333333333 0.3961 0.43143333333333334 0.40990000000000004 0.4180333333333333 0.43189999999999995 0.4126 0.46015 0.41006666666666663 0.49784999999999996 0.41133333333333333 0.52545 0.41426666666666667 0.5336 0.43646666666666667 0.53675 0.4578 0.54365 0.46870000000000006 0.5424 0.4841666666666667 0.5462 0.49923333333333336 0.55245 0.5084666666666666 0.55245 0.5093 0.5261 0.5063666666666666 0.5015999999999999 0.5068 0.4595 0.5088666666666667 0.43 0.498 0.40549999999999997 0.48083333333333333 0.3917 0.4624 0.3911
3 0.35533333333333333 0.56485 0.35113333333333335 0.57325 0.34486666666666665 0.602 0.34276666666666666 0.6329 0.34453333333333336 0.65485 0.34523333333333334 0.6737000000000001 0.35323333333333334 0.691 0.36160000000000003 0.6940999999999999 0.3713666666666667 0.6972499999999999 0.385 0.6920000000000001 0.3933666666666667 0.6805 0.39963333333333334 0.669 0.4003333333333333 0.65225 0.4003333333333333 0.6365500000000001 0.39893333333333336 0.61405 0.39963333333333334 0.5905 0.4003333333333333 0.5696 0.3951 0.56485 0.38986666666666664 0.5611999999999999 0.3787 0.55965 0.3693 0.56225 0.36160000000000003 0.56435
2 0.5140666666666667 0.49405 0.5374 0.48705 0.5574 0.48905 0.5797333333333333 0.47905000000000003 0.6013999999999999 0.47855 0.6101 0.48505000000000004 0.6117666666666667 0.49805 0.6080666666666666 0.51455 0.6030666666666666 0.52155 0.5893999999999999 0.51805 0.5760666666666666 0.52305 0.5651 0.53005 0.5557333333333333 0.53305 0.5467666666666666 0.53305 0.5401 0.52655 0.532 0.527 0.5276666666666667 0.5329999999999999 0.5147333333333333 0.5410499999999999 0.5134333333333333 0.53505 0.5124 0.50705
3 0.30123333333333335 0.42810000000000004 0.2970666666666667 0.45325000000000004 0.2983 0.48965000000000003 0.30376666666666663 0.511 0.31046666666666667 0.5267000000000001 0.32176666666666665 0.5329999999999999 0.3276 0.5379999999999999 0.34143333333333337 0.53925 0.3498 0.5286 0.3502333333333333 0.5104 0.34813333333333335 0.48465 0.3452 0.46265 0.34353333333333336 0.4476 0.33180000000000004 0.43565 0.3247 0.42875 0.31506666666666666 0.42245 0.30876666666666663 0.42245
3 0.3552333333333333 0.40490000000000004 0.34813333333333335 0.42310000000000003 0.34603333333333336 0.44695 0.34603333333333336 0.4796 0.34813333333333335 0.50285 0.3502333333333333 0.52355 0.3581666666666667 0.53615 0.3732333333333333 0.54115 0.3920666666666667 0.5399 0.4029666666666667 0.53675 0.4059 0.53485 0.41006666666666663 0.52795 0.41050000000000003 0.5015999999999999 0.41050000000000003 0.4658 0.40800000000000003 0.44005000000000005 0.3933333333333333 0.41995 0.3812 0.41245 0.37156666666666666 0.40805 0.36446666666666666 0.40425
3 0.5419333333333334 0.56565 0.5402666666666667 0.5870000000000001 0.5402666666666667 0.61525 0.5390333333333334 0.63725 0.5402666666666667 0.6586 0.5474 0.6748999999999999 0.5574333333333333 0.69435 0.5670666666666667 0.6969 0.5821333333333333 0.69625 0.5922 0.69625 0.5968 0.6837000000000001 0.6035 0.65985 0.6081 0.6341 0.6093333333333334 0.6133500000000001 0.6102 0.58195 0.6030666666666666 0.5669 0.5905 0.5619 0.5758666666666666 0.55935 0.5595333333333333 0.5606 0.5511666666666667 0.56125
3 0.31366666666666665 0.586 0.3051 0.5989 0.29533333333333334 0.6245 0.29183333333333333 0.64075 0.2869666666666667 0.6674500000000001 0.2855666666666667 0.6779000000000001 0.2866 0.6847 0.2991666666666667 0.6873 0.3079 0.6873 0.3208 0.6889 0.3368333333333333 0.6831499999999999 0.34136666666666665 0.6779000000000001 0.3434666666666667 0.6711 0.34313333333333335 0.6569499999999999 0.34276666666666666 0.6396999999999999 0.3434666666666667 0.6245 0.34313333333333335 0.6088 0.3473 0.5905 0.35113333333333335 0.57845 0.3529 0.56645 0.34836666666666666 0.5638000000000001 0.34136666666666665 0.56175 0.32766666666666666 0.5675 0.319 0.5760000000000001
3 0.40243333333333337 0.5654 0.4 0.5821500000000001 0.39930000000000004 0.5989 0.39893333333333336 0.62035 0.40103333333333335 0.6554000000000001 0.40486666666666665 0.6705500000000001 0.4090666666666667 0.68 0.41569999999999996 0.6988500000000001 0.42160000000000003 0.7071999999999999 0.42406666666666665 0.7067 0.4383666666666666 0.7067 0.4477666666666667 0.7009000000000001 0.45580000000000004 0.6873 0.4596333333333333 0.6700499999999999 0.46313333333333334 0.6528 0.46523333333333333 0.63605 0.46556666666666663 0.61145 0.46453333333333335 0.59105 0.46313333333333334 0.57795 0.45860000000000006 0.5633 0.45439999999999997 0.5590999999999999 0.4429 0.557 0.4331333333333333 0.5559499999999999 0.42196666666666666 0.55755 0.41150000000000003 0.5611999999999999
3 0.6143666666666667 0.41369999999999996 0.6085 0.4325 0.6093333333333334 0.4608 0.6102 0.47775 0.6127 0.50095 0.6089333333333333 0.5223 0.6097666666666667 0.5267000000000001 0.6235666666666666 0.53485 0.6386666666666666 0.5424 0.6516333333333334 0.5399 0.6646 0.5242 0.6709 0.50095 0.6738 0.4721 0.6717333333333334 0.44634999999999997 0.6683666666666667 0.42685 0.6558 0.40615 0.6403333333333333 0.3986 0.6244333333333334 0.40049999999999997