3 0.633864406779661 0.45185000000000003 0.6309830508474575 0.4585 0.6309830508474575 0.46454999999999996 0.6309830508474575 0.4706 0.6358983050847458 0.47609999999999997 0.6445423728813559 0.4803 0.6511186440677966 0.4803 0.6576949152542373 0.47424999999999995 0.6605762711864407 0.467 0.6622033898305084 0.4597 0.6626101694915254 0.45365 0.6548135593220339 0.4476 0.6470169491525424 0.44335 0.6437288135593221 0.4403 0.6424745762711864 0.4403 0.6379661016949152 0.4476
3 0.5280677966101694 0.5053 0.5265762711864407 0.5104 0.525593220338983 0.5235 0.525593220338983 0.53295 0.5275593220338983 0.5453 0.5295254237288136 0.5577000000000001 0.5349491525423729 0.5657 0.5374237288135593 0.5664 0.5428474576271186 0.56715 0.548271186440678 0.5657 0.5532203389830508 0.564 0.5576610169491525 0.5548 0.5596271186440678 0.52205 0.558135593220339 0.5075 0.5497627118644068 0.5046 0.543728813559322 0.503 0.5364406779661017 0.50315
3 0.5014237288135592 0.49225 0.49847457627118646 0.49875 0.49847457627118646 0.50605 0.49847457627118646 0.5155 0.49945762711864405 0.53295 0.5019322033898305 0.5468 0.5043728813559322 0.5548 0.5127796610169492 0.5635 0.5182033898305085 0.5635 0.5261016949152542 0.55985 0.5265762711864407 0.55625 0.5270847457627119 0.55115 0.5265762711864407 0.54095 0.5261016949152542 0.5278499999999999 0.5275593220338983 0.5097 0.5295254237288136 0.5067499999999999 0.5295254237288136 0.50095 0.5162372881355932 0.49585 0.5142372881355932 0.49515 0.5063728813559322 0.49369999999999997
3 0.4614915254237288 0.46675 0.4590169491525424 0.4755 0.45752542372881355 0.49075 0.45850847457627114 0.50825 0.46050847457627114 0.5133 0.46640677966101696 0.5206000000000001 0.47281355932203384 0.51915 0.4748135593220339 0.51475 0.4767796610169492 0.5053 0.47874576271186436 0.49585 0.48169491525423724 0.4857 0.4822033898305085 0.47985 0.4802372881355932 0.4733 0.47379661016949154 0.4697 0.46888135593220337 0.46895000000000003
3 0.45162711864406774 0.4035 0.44620338983050845 0.41295000000000004 0.44223728813559327 0.4326 0.4427118644067796 0.4465 0.45261016949152544 0.45585000000000003 0.46444067796610167 0.45585000000000003 0.4703728813559322 0.45365 0.47183050847457625 0.44205 0.4713559322033899 0.42164999999999997 0.46938983050847455 0.4122 0.4624745762711865 0.4064 0.46050847457627114 0.40495
3 0.48416949152542377 0.48205 0.4822033898305085 0.4857 0.47725423728813554 0.49295 0.4767796610169492 0.5053 0.47627118644067795 0.51915 0.47874576271186436 0.54025 0.48169491525423724 0.5460499999999999 0.4866440677966102 0.5548 0.4969830508474577 0.5555 0.4979661016949153 0.55405 0.49993220338983047 0.5475 0.5004406779661017 0.5373 0.5009491525423729 0.5278499999999999 0.5009491525423729 0.51625 0.5014237288135592 0.49729999999999996 0.502406779661017 0.49005000000000004 0.4979661016949153 0.4842 0.48515254237288136 0.47985
3 0.5714576271186441 0.43405 0.5635593220338984 0.45075000000000004 0.561593220338983 0.46240000000000003 0.5606101694915254 0.47259999999999996 0.5635593220338984 0.47985 0.5689830508474576 0.48350000000000004 0.5827796610169491 0.4886 0.5931525423728813 0.4886 0.5990847457627119 0.47985 0.6010508474576272 0.46165 0.5995593220338983 0.44565 0.5980677966101695 0.4304 0.5921694915254238 0.4275 0.5832881355932203 0.42460000000000003 0.577864406779661 0.42385
3 0.6207796610169491 0.49805 0.6202711864406779 0.5075 0.6237288135593221 0.51405 0.6291525423728813 0.5264 0.636542372881356 0.5307999999999999 0.6439322033898305 0.5373 0.6503728813559323 0.5344 0.6582372881355932 0.52425 0.6607118644067796 0.51405 0.6592203389830509 0.49950000000000006 0.6557966101694915 0.49585 0.6449152542372881 0.49295 0.6360677966101694 0.49729999999999996 0.6266779661016949 0.49875
3 0.6084406779661017 0.44205 0.6030169491525423 0.45365 0.6005423728813559 0.46240000000000003 0.6000677966101695 0.47475 0.6025084745762712 0.4813 0.607457627118644 0.4842 0.6177966101694915 0.48495 0.6271864406779661 0.48275 0.6306440677966102 0.46604999999999996 0.6326101694915255 0.45005 0.6271864406779661 0.4413 0.6187796610169491 0.4355 0.6158305084745762 0.43475
3 0.47725423728813554 0.4042 0.47281355932203384 0.41585 0.47281355932203384 0.4362 0.47528813559322036 0.45439999999999997 0.4836610169491526 0.47115 0.492542372881356 0.47185000000000005 0.5083389830508475 0.4733 0.5137627118644068 0.46385 0.5137627118644068 0.44784999999999997 0.5137627118644068 0.4304 0.5117966101694915 0.41875 0.5033898305084745 0.4115 0.4901016949152543 0.4064
3 0.5625762711864407 0.49729999999999996 0.5606101694915254 0.50825 0.5596271186440678 0.51625 0.5596271186440678 0.5235 0.5596271186440678 0.53515 0.5601016949152542 0.5468 0.561593220338983 0.5518500000000001 0.5635593220338984 0.5577000000000001 0.5675254237288135 0.5606 0.5773559322033898 0.5628 0.5837966101694915 0.5606 0.5906779661016949 0.5504 0.5921694915254238 0.53585 0.5931525423728813 0.5286 0.5936610169491525 0.5126 0.5882372881355932 0.50095 0.5827796610169491 0.50095 0.5704745762711864 0.50025
3 0.5152542372881356 0.42164999999999997 0.5137627118644068 0.44060000000000005 0.5132542372881356 0.46240000000000003 0.5147457627118643 0.47405 0.5241016949152543 0.4813 0.5379322033898305 0.48205 0.5477966101694915 0.48275 0.5556610169491525 0.4777 0.5625762711864407 0.46094999999999997 0.5640677966101695 0.43915 0.5591186440677967 0.42460000000000003 0.5497627118644068 0.41805 0.5379322033898305 0.41365 0.5241016949152543 0.41509999999999997
3 0.6634237288135594 0.49055 0.6613898305084747 0.493 0.659728813559322 0.5027 0.6605762711864407 0.51115 0.6630169491525424 0.51905 0.6683728813559322 0.52635 0.6782372881355933 0.5299499999999999 0.688915254237288 0.52695 0.693864406779661 0.5196500000000001 0.6954915254237287 0.5075500000000001 0.694271186440678 0.49479999999999996 0.6884745762711865 0.4875 0.6835932203389831 0.4851 0.6728813559322034 0.4851