3 0.2888 0.3107 0.28186666666666665 0.33030000000000004 0.2748 0.39065 0.26966666666666667 0.4374 0.27180000000000004 0.4721 0.2803333333333333 0.5035000000000001 0.31403333333333333 0.50375 0.33513333333333334 0.5053 0.3653 0.4947 0.368 0.488 0.37133333333333335 0.4235 0.3702333333333333 0.3967 0.3743666666666667 0.3665 0.36723333333333336 0.33635 0.3461 0.3062 0.32306666666666667 0.29109999999999997 0.3089 0.28504999999999997 0.29883333333333334 0.29565
3 0.13786666666666667 0.48825 0.1298 0.5184000000000001 0.12780000000000002 0.5697 0.13383333333333333 0.6013499999999999 0.14186666666666667 0.61645 0.15393333333333334 0.61645 0.162 0.6089 0.17506666666666668 0.5893 0.1821 0.5742 0.18409999999999999 0.5546 0.18913333333333335 0.52445 0.19616666666666668 0.49729999999999996 0.1972 0.48825 0.18913333333333335 0.47615 0.18613333333333335 0.45805 0.17909999999999998 0.45805 0.15393333333333334 0.47465
3 0.6336 0.5727 0.6336 0.5771999999999999 0.6436333333333334 0.6315 0.6617333333333334 0.65865 0.6858666666666666 0.6707500000000001 0.6959333333333333 0.6647 0.7080000000000001 0.6466 0.7130333333333333 0.62095 0.7160333333333333 0.5893 0.7170333333333334 0.5546 0.7170333333333334 0.5154 0.7170333333333334 0.49579999999999996 0.7140333333333334 0.47465 0.712 0.47465 0.6929 0.4852 0.6627333333333333 0.4807 0.6376000000000001 0.47015 0.6325666666666667 0.48369999999999996 0.6295666666666667 0.49125 0.6225333333333333 0.50635 0.6285666666666666 0.5335 0.6295666666666667 0.56065
3 0.3824 0.30015000000000003 0.3772666666666667 0.33935000000000004 0.37233333333333335 0.37555 0.3692333333333333 0.4193 0.36723333333333336 0.46305 0.37133333333333335 0.49774999999999997 0.38439999999999996 0.52035 0.3954666666666667 0.5249 0.4295666666666667 0.5279 0.4677666666666667 0.5294 0.4899 0.52035 0.4999333333333333 0.49924999999999997 0.5040666666666667 0.4721 0.5030666666666667 0.42685 0.5030666666666667 0.3861 0.49893333333333334 0.34840000000000004 0.493 0.3243 0.47583333333333333 0.29864999999999997 0.4628333333333333 0.28504999999999997 0.43963333333333326 0.27 0.4216333333333333 0.26695 0.41156666666666664 0.26695 0.4015 0.276
3 0.8769333333333332 0.43395000000000006 0.8929999999999999 0.43845 0.9030666666666667 0.43245 0.9121 0.39020000000000005 0.9151333333333334 0.35700000000000004 0.9121 0.32685000000000003 0.9030666666666667 0.3042 0.889 0.29065 0.8839666666666667 0.29364999999999997 0.8809333333333332 0.31024999999999997 0.8799333333333333 0.33135 0.8799333333333333 0.3872 0.8789333333333333 0.41585
3 0.12789999999999999 0.2926 0.11783333333333333 0.30920000000000003 0.11393333333333333 0.35745 0.11493333333333332 0.39365 0.12086666666666666 0.44494999999999996 0.12396666666666666 0.46755 0.13696666666666668 0.47509999999999997 0.15413333333333334 0.46305 0.17816666666666667 0.451 0.1843 0.4329 0.1823 0.39515 0.1812 0.35895000000000005 0.17223333333333335 0.33485 0.1611 0.31375 0.15003333333333332 0.30015000000000003 0.147 0.29864999999999997
3 0.8125666666666667 0.5576 0.8216333333333333 0.58175 0.8337 0.5922999999999999 0.8497666666666667 0.5953 0.8598333333333333 0.5681499999999999 0.8608333333333333 0.5395 0.8608333333333333 0.50485 0.8558 0.4792 0.8497666666666667 0.46259999999999996 0.8306666666666667 0.45055 0.8226333333333333 0.4415 0.8216333333333333 0.4445 0.8095666666666667 0.46259999999999996 0.7934666666666667 0.47314999999999996 0.7934666666666667 0.4792 0.7975 0.50635 0.8055333333333333 0.535 0.8065333333333333 0.54555
3 0.7210666666666666 0.56215 0.7371666666666666 0.5878 0.7633 0.61645 0.7824 0.63 0.7914666666666667 0.63 0.7975 0.6134000000000001 0.8005 0.59835 0.8095666666666667 0.5757 0.8085333333333333 0.5531 0.8005 0.5184000000000001 0.7985 0.49424999999999997 0.7904333333333333 0.47465 0.7854333333333333 0.47015 0.7723333333333333 0.4671 0.7472 0.46259999999999996 0.7371666666666666 0.45205 0.7321333333333333 0.4611 0.712 0.4807 0.7130333333333333 0.48825 0.7180333333333333 0.52445 0.7210666666666666 0.55915
3 0.509 0.3605 0.508 0.4012 0.5040666666666667 0.457 0.5059666666666667 0.49924999999999997 0.5271 0.51735 0.5915666666666667 0.51585 0.6327666666666667 0.49774999999999997 0.6428333333333334 0.451 0.6387 0.37555 0.6276666666666667 0.32280000000000003 0.6165999999999999 0.28204999999999997 0.5945666666666667 0.2564 0.5734666666666667 0.24885000000000002 0.5342333333333333 0.276 0.5251 0.30015000000000003 0.5160333333333333 0.33030000000000004
3 0.7504333333333333 0.457 0.7715333333333334 0.46454999999999996 0.7886333333333333 0.46454999999999996 0.8056333333333333 0.46454999999999996 0.8177 0.44945 0.8228333333333333 0.41479999999999995 0.8228333333333333 0.3846 0.8218333333333334 0.34240000000000004 0.8188 0.30165 0.8157 0.27449999999999997 0.8146666666666667 0.25489999999999996 0.7976 0.2368 0.7875333333333333 0.2353 0.7695333333333334 0.25489999999999996 0.7524333333333333 0.2896 0.7413666666666666 0.31525 0.7333333333333333 0.33785 0.7323333333333333 0.37555 0.7313333333333334 0.3997 0.7342333333333334 0.4193 0.7352333333333333 0.4359 0.7362333333333333 0.44494999999999996 0.7534333333333333 0.4585
3 0.20020000000000002 0.49424999999999997 0.19013333333333332 0.53045 0.18713333333333335 0.56065 0.19013333333333332 0.59685 0.20020000000000002 0.624 0.21026666666666666 0.63305 0.23036666666666666 0.63305 0.2565 0.60285 0.2665666666666667 0.5681499999999999 0.2706 0.5410499999999999 0.2726 0.50935 0.26456666666666667 0.48674999999999996 0.2575 0.47314999999999996 0.24243333333333333 0.4792 0.2183 0.4852 0.2022 0.49424999999999997
3 0.09463333333333333 0.47015 0.08756666666666667 0.49274999999999997 0.08153333333333333 0.52595 0.08153333333333333 0.5546 0.08656666666666667 0.57875 0.09966666666666667 0.5815 0.1117 0.5727 0.1258 0.56065 0.1298 0.53045 0.13283333333333333 0.5003 0.14186666666666667 0.4792 0.1298 0.47015 0.11573333333333333 0.46865 0.09763333333333334 0.47615
3 0.8216333333333333 0.4294 0.8347 0.449 0.8538 0.4611 0.8699000000000001 0.45505 0.8779333333333333 0.4068 0.8799333333333333 0.36755000000000004 0.8799333333333333 0.32835000000000003 0.8809333333333332 0.29364999999999997 0.8658666666666667 0.26954999999999996 0.8608333333333333 0.268 0.8457666666666667 0.27405 0.8286666666666667 0.3012 0.8216333333333333 0.3223 0.8216333333333333 0.34945 0.8236333333333333 0.3691 0.8246333333333333 0.3932 0.8246333333333333 0.4249
3 0.10066666666666667 0.31325 0.0916 0.3193 0.08153333333333333 0.3736 0.08456666666666666 0.41735 0.0896 0.45505 0.09359999999999999 0.47314999999999996 0.10466666666666666 0.47465 0.12780000000000002 0.46409999999999996 0.12066666666666667 0.4445 0.11673333333333334 0.41585 0.11273333333333334 0.3751 0.1107 0.34345 0.10969999999999999 0.32535
3 0.44856666666666667 0.5379999999999999 0.44856666666666667 0.5893 0.4546 0.62095 0.46063333333333334 0.65865 0.47673333333333334 0.6918500000000001 0.49683333333333335 0.7039 0.5139333333333334 0.7039 0.5289999999999999 0.6843 0.5340333333333334 0.65715 0.5350333333333332 0.6103999999999999 0.5350333333333332 0.5561 0.5370666666666667 0.52295 0.5330333333333334 0.5199 0.5139333333333334 0.50935 0.5069 0.49729999999999996 0.5048666666666667 0.49729999999999996 0.4928 0.5184000000000001 0.4727 0.52895 0.44856666666666667 0.532
3 0.3691333333333333 0.49424999999999997 0.3570666666666667 0.49424999999999997 0.3540333333333333 0.50635 0.35606666666666664 0.5335 0.3691333333333333 0.5908 0.37516666666666665 0.624 0.3802 0.65865 0.3922666666666667 0.67525 0.4063333333333334 0.6783 0.4184 0.6662 0.4324666666666667 0.6451 0.44053333333333333 0.6134000000000001 0.4455666666666666 0.59835 0.4445333333333334 0.5771999999999999 0.4445333333333334 0.54705 0.4455666666666666 0.53045 0.4083333333333333 0.53045 0.3862333333333334 0.52295 0.3771666666666667 0.51235
3 0.6428333333333334 0.46604999999999996 0.6547999999999999 0.47965 0.6629333333333333 0.47965 0.6849666666666667 0.47965 0.7071 0.47965 0.7222666666666667 0.46909999999999996 0.7333333333333333 0.45549999999999996 0.7393666666666667 0.42385 0.7333333333333333 0.35145000000000004 0.7252 0.33030000000000004 0.7222666666666667 0.30165 0.7112 0.27149999999999996 0.6940333333333334 0.2519 0.6769333333333334 0.24885000000000002 0.6588333333333334 0.2685 0.6398333333333333 0.3122 0.6357 0.34240000000000004 0.6366999999999999 0.37105 0.6447333333333333 0.40875 0.6447333333333333 0.4329
3 0.8678666666666667 0.5379999999999999 0.8799333333333333 0.5531 0.8929999999999999 0.5529999999999999 0.9040666666666668 0.5410499999999999 0.9030666666666667 0.5139 0.9020666666666667 0.48975 0.9020666666666667 0.4671 0.8960333333333333 0.4475 0.8940333333333332 0.43845 0.8809333333333332 0.44299999999999995 0.8729 0.43845 0.8658666666666667 0.45505 0.8497666666666667 0.47015 0.8548 0.4807 0.8618333333333333 0.5214
3 0.1943666666666667 0.26695 0.18723333333333333 0.2926 0.1792 0.37255000000000005 0.17816666666666667 0.41025 0.18533333333333335 0.4585 0.1943666666666667 0.48719999999999997 0.2174 0.48719999999999997 0.24756666666666666 0.47659999999999997 0.2627333333333333 0.46005 0.26666666666666666 0.4374 0.2707 0.40575000000000006 0.2758333333333333 0.37255000000000005 0.2748 0.34240000000000004 0.26666666666666666 0.31825 0.2547 0.29864999999999997 0.24053333333333332 0.28055 0.23046666666666668 0.26245 0.21550000000000002 0.2519 0.20543333333333333 0.2534
3 0.5380666666666666 0.6225 0.5420666666666667 0.6662 0.5561666666666667 0.6979000000000001 0.5943333333333334 0.6829999999999999 0.6094666666666667 0.6420999999999999 0.6164999999999999 0.58625 0.6215333333333334 0.5410499999999999 0.6235333333333334 0.4988 0.6175 0.5018 0.5732666666666666 0.5169 0.5320333333333334 0.5169 0.5330333333333334 0.5395 0.5360333333333334 0.5742 0.5360333333333334 0.6103999999999999
3 0.27663333333333334 0.5033 0.2736 0.52445 0.2716 0.54255 0.2706 0.5893 0.2706 0.627 0.2736 0.65865 0.2826666666666667 0.6812999999999999 0.29873333333333335 0.6858 0.3178333333333333 0.6783 0.3319333333333333 0.6617000000000001 0.347 0.62245 0.35506666666666664 0.58475 0.3570666666666667 0.5681499999999999 0.35606666666666664 0.54405 0.35506666666666664 0.5199 0.3520333333333333 0.5139 0.35003333333333336 0.5003 0.32989999999999997 0.5078499999999999 0.3128333333333333 0.51085 0.2937 0.50935