3 0.4020176991150442 0.5890981432360742 0.3986548672566372 0.6042705570291778 0.3956106194690266 0.6259681697612732 0.39831858407079646 0.6487002652519894 0.4010088495575221 0.64973474801061 0.4101061946902655 0.6406366047745359 0.41584070796460176 0.6310344827586207 0.4215575221238938 0.6219363395225465 0.42460176991150445 0.6057824933687003 0.42561061946902656 0.5911405835543767 0.42930973451327437 0.5845623342175066 0.4272920353982301 0.5764721485411141 0.417858407079646 0.5759681697612732 0.40876106194690265 0.5795225464190981 0.40369911504424777 0.5880901856763926
3 0.7153451327433629 0.5959416445623342 0.7250442477876106 0.6001856763925729 0.7359646017699115 0.593501326259947 0.7452743362831858 0.5662334217506632 0.7501238938053097 0.543209549071618 0.7465486725663717 0.5281167108753315 0.744424778761062 0.5249336870026525 0.7351681415929203 0.52684350132626 0.7278761061946902 0.533501326259947 0.7242477876106195 0.5450132625994695 0.7181769911504424 0.5680636604774536 0.7173628318584071 0.5838196286472148 0.7125132743362832 0.5910875331564986
3 0.6813628318584072 0.5741114058355438 0.6918938053097345 0.5904774535809019 0.7064424778761061 0.5971618037135279 0.7177699115044248 0.5838196286472148 0.722212389380531 0.553501326259947 0.7254513274336283 0.5353315649867374 0.7250442477876106 0.523209549071618 0.7210088495575221 0.5135013262599469 0.7068495575221239 0.5135013262599469 0.6902654867256637 0.5225464190981433 0.6899115044247788 0.5395225464190981 0.6886725663716815 0.5527851458885942 0.6866194690265487 0.5686472148541114
3 0.6012920353982302 0.5183554376657825 0.6109911504424779 0.5316976127320955 0.6142300884955753 0.5450132625994695 0.6207079646017699 0.5492572944297082 0.6320176991150442 0.5438196286472149 0.6372920353982301 0.5256233421750663 0.642141592920354 0.509867374005305 0.6429380530973451 0.4983554376657825 0.6344601769911505 0.48986737400530506 0.6247433628318584 0.4886472148541114 0.6113982300884956 0.49896551724137933 0.6020884955752213 0.5147214854111406
3 0.5668318584070796 0.6487002652519894 0.5722300884955752 0.663368700265252 0.5803185840707965 0.6805305039787799 0.5873982300884956 0.6845888594164455 0.5951504424778761 0.680026525198939 0.6015575221238938 0.6643766578249337 0.6049203539823008 0.6527586206896552 0.6089734513274336 0.6406366047745359 0.6130088495575222 0.6295225464190982 0.6150265486725663 0.6204244031830239 0.6130088495575222 0.6113262599469496 0.6066017699115045 0.6062864721485411 0.5964955752212389 0.6037665782493369 0.5877345132743362 0.6037665782493369 0.5816637168141593 0.6037665782493369 0.5766017699115044 0.6037665782493369 0.5722300884955752 0.6042705570291778 0.5691858407079645 0.6128381962864722 0.5688495575221238 0.6244562334217506 0.5668318584070796 0.6381167108753315
3 0.7371858407079646 0.5953315649867374 0.7436637168141593 0.6007957559681698 0.7537699115044247 0.5959416445623342 0.7622654867256637 0.556525198938992 0.7630619469026548 0.5401591511936339 0.7650973451327433 0.5237931034482759 0.7646902654867257 0.5128912466843502 0.7586194690265486 0.5062334217506631 0.7400176991150442 0.5159151193633952 0.7375929203539823 0.5183554376657825 0.7404247787610619 0.5244031830238727 0.7436637168141593 0.5256233421750663 0.7501238938053097 0.5365251989389921 0.7509380530973451 0.5474535809018567 0.748141592920354 0.5559681697612732 0.7456814159292036 0.5638196286472149 0.7432566371681416 0.5747214854111405 0.7387964601769912 0.5850132625994695 0.7371858407079646 0.5923076923076923
3 0.5324601769911504 0.646684350132626 0.5378407079646018 0.6588063660477453 0.5435752212389381 0.6658885941644562 0.5516637168141593 0.6679045092838196 0.5587433628318584 0.6668965517241379 0.564141592920354 0.6527586206896552 0.5668318584070796 0.6411405835543766 0.5681769911504424 0.630026525198939 0.5685132743362832 0.6184084880636604 0.5685132743362832 0.6118302387267904 0.564141592920354 0.6072944297082228 0.5587433628318584 0.6042705570291778 0.5503185840707965 0.6007161803713528 0.5466194690265487 0.5992042440318303 0.542566371681416 0.5976923076923077 0.5368318584070797 0.5987002652519894 0.5344778761061947 0.603262599469496 0.5348141592920355 0.6189124668435013 0.5344778761061947 0.6345623342175066 0.5331327433628319 0.6416445623342175
3 0.6320176991150442 0.5528912466843501 0.6376814159292036 0.5619893899204245 0.6473982300884955 0.5698673740053051 0.6579115044247789 0.573501326259947 0.6704424778761062 0.583209549071618 0.6744955752212389 0.5856233421750663 0.6829911504424778 0.5789655172413793 0.6866194690265487 0.5577453580901857 0.689858407079646 0.5328912466843502 0.6886548672566372 0.5183554376657825 0.6797522123893806 0.5080371352785146 0.6668141592920354 0.5056233421750663 0.6518407079646018 0.5177453580901856 0.6393097345132743 0.5353315649867374 0.633646017699115 0.543209549071618
3 0.39157522123893806 0.4779840848806366 0.39123893805309734 0.49312997347480103 0.3929203539823009 0.516870026525199 0.3976283185840708 0.5294960212201592 0.40707964601769914 0.5274801061007958 0.42191150442477876 0.5294960212201592 0.42930973451327437 0.5325198938992042 0.4347079646017699 0.5305039787798409 0.4380884955752213 0.513342175066313 0.4380884955752213 0.5037400530503978 0.43 0.49665782493368704 0.4171858407079646 0.4885941644562334 0.40775221238938053 0.48100795755968173 0.402353982300885 0.4693899204244032 0.3993274336283186 0.46687002652519893 0.39527433628318587 0.46636604774535806
3 0.5487079646017698 0.48681697612732094 0.5462831858407079 0.4977453580901857 0.549929203539823 0.5213793103448275 0.5527433628318584 0.5383554376657825 0.5644778761061947 0.5510875331564986 0.5786371681415929 0.5462334217506631 0.5859115044247788 0.5377453580901856 0.5863185840707964 0.5110875331564987 0.5851150442477876 0.49411140583554375 0.5814690265486725 0.48137931034482756 0.5705486725663717 0.47652519893899203 0.5559823008849557 0.4783554376657825
3 0.37 0.4744562334217507 0.37 0.48453580901856763 0.3710088495575221 0.5103183023872678 0.3733628318584071 0.5284880636604775 0.38077876106194686 0.5340583554376658 0.39123893805309734 0.5360742705570292 0.3989911504424779 0.53 0.3946017699115044 0.5219363395225465 0.39090265486725667 0.49716180371352786 0.38987610619469026 0.4926259946949602 0.3841592920353982 0.4885941644562334 0.37976991150442474 0.48100795755968173 0.37640707964601766 0.4719098143236074 0.3726902654867256 0.4693899204244032
3 0.4953805309734513 0.6335543766578249 0.49907964601769916 0.6456763925729443 0.5044778761061947 0.6577984084880637 0.516283185840708 0.663368700265252 0.5240353982300885 0.6588063660477453 0.5297522123893805 0.6492042440318302 0.5338053097345133 0.6325464190981432 0.5344778761061947 0.6184084880636604 0.531787610619469 0.6017241379310345 0.5230088495575221 0.5926525198938992 0.5156106194690265 0.5921485411140583 0.506495575221239 0.5921485411140583 0.5021238938053098 0.5941644562334217 0.4950442477876106 0.5997082228116711 0.4936991150442478 0.609814323607427 0.4930265486725664 0.6204244031830239 0.4930265486725664 0.6325464190981432
3 0.4616814159292036 0.6320424403183024 0.465716814159292 0.6386206896551724 0.4701061946902655 0.6481962864721486 0.47246017699115045 0.656790450928382 0.4751504424778761 0.6572944297082228 0.48021238938053096 0.6522546419098143 0.4866194690265487 0.6436604774535809 0.4926902654867257 0.6345623342175066 0.4950442477876106 0.6249602122015916 0.4943716814159292 0.6143501326259947 0.4950442477876106 0.6022281167108753 0.4953805309734513 0.5931564986737401 0.4890265486725664 0.5862068965517241 0.4801769911504425 0.5814323607427055 0.4697699115044248 0.5820424403183024 0.46538053097345133 0.5885941644562335 0.462353982300885 0.596684350132626 0.46031858407079645 0.6093103448275863 0.4589734513274336 0.6204244031830239
3 0.4229203539823009 0.6254641909814324 0.42224778761061943 0.6375862068965518 0.42191150442477876 0.6527586206896552 0.42460176991150445 0.6613527851458886 0.43201769911504423 0.6648806366047745 0.4387610619469027 0.6577984084880637 0.44447787610619466 0.6471883289124669 0.4522300884955752 0.63657824933687 0.46031858407079645 0.6214323607427056 0.4606548672566371 0.6062864721485411 0.46134513274336286 0.5931564986737401 0.45486725663716815 0.5880636604774535 0.44617699115044246 0.5800265251989389 0.43336283185840707 0.5800265251989389 0.4279646017699115 0.5880901856763926 0.42527433628318584 0.5976923076923077 0.4242654867256637 0.6093103448275863 0.42392920353982305 0.6209283819628647
3 0.6055929203539824 0.6512466843501327 0.612 0.6663925729442971 0.6200884955752213 0.6861007957559683 0.6305309734513275 0.6987267904509284 0.6409911504424779 0.7123607427055703 0.6494159292035399 0.7174005305039787 0.6568318584070797 0.706286472148541 0.6581769911504425 0.6790185676392573 0.657504424778761 0.6628647214854112 0.6554690265486726 0.646684350132626 0.6541238938053097 0.6355702917771884 0.6507610619469026 0.6280106100795756 0.6406548672566372 0.6259681697612732 0.6318761061946903 0.6204244031830239 0.623787610619469 0.6163925729442971 0.6187433628318584 0.6158885941644562 0.6146902654867257 0.6259681697612732 0.612 0.6355702917771884 0.6099823008849558 0.6487002652519894