3 0.36774305555555553 0.634 0.36850694444444443 0.6641714285714286 0.38225694444444447 0.6956 0.4013541666666667 0.7031428571428572 0.42656249999999996 0.6704571428571429 0.43725694444444446 0.6402857142857142 0.4403125 0.6088571428571429 0.4364930555555555 0.5799428571428571 0.4334375 0.5761714285714286 0.41510416666666666 0.5673714285714286 0.4005902777777778 0.5560571428571429 0.39447916666666666 0.5397142857142857 0.3929513888888889 0.5334285714285714 0.38149305555555557 0.5472571428571429 0.36239583333333336 0.5510285714285714 0.36086805555555557 0.5548000000000001 0.3662152777777778 0.5937714285714285 0.3646875 0.6101142857142857
3 0.25625 0.38388571428571433 0.24784722222222222 0.4115428571428571 0.2440277777777778 0.4642857142857143 0.2486111111111111 0.5095428571428572 0.25243055555555555 0.5472571428571429 0.2646527777777778 0.5711428571428572 0.28680555555555554 0.5686285714285715 0.3020486111111111 0.5397142857142857 0.3096875 0.5108 0.31197916666666664 0.47308571428571433 0.3104513888888889 0.4466857142857143 0.29822916666666666 0.42034285714285713 0.28527777777777774 0.4027428571428572 0.27381944444444445 0.39394285714285715
3 0.2134722222222222 0.4466857142857143 0.2096527777777778 0.47308571428571433 0.20972222222222223 0.5182857142857143 0.215 0.5560571428571429 0.22263888888888891 0.5761714285714286 0.2348611111111111 0.5786857142857142 0.24937499999999999 0.5648571428571428 0.25395833333333334 0.5409714285714285 0.24784722222222222 0.502 0.24555555555555555 0.4642857142857143 0.235625 0.44794285714285714 0.2279861111111111 0.44794285714285714
3 0.5372916666666667 0.37885714285714284 0.5265972222222222 0.4115428571428571 0.5159027777777778 0.4542285714285714 0.5143749999999999 0.4944571428571429 0.5166666666666667 0.5384571428571429 0.5365277777777778 0.5661142857142857 0.569375 0.5686285714285715 0.6060416666666666 0.5686285714285715 0.6327777777777778 0.5548000000000001 0.6373611111111112 0.4982285714285714 0.6335416666666667 0.4416571428571429 0.618263888888889 0.3826285714285714 0.6052777777777778 0.3574857142857143 0.5823611111111111 0.34114285714285714 0.5602083333333333 0.3486857142857143
3 0.290625 0.6214285714285714 0.29215277777777776 0.6553714285714286 0.29899305555555555 0.6830285714285714 0.32343750000000004 0.6855428571428571 0.3501736111111111 0.6566285714285715 0.3646875 0.634 0.3662152777777778 0.6050857142857143 0.36163194444444446 0.5774285714285714 0.3585763888888889 0.5573142857142858 0.33489583333333334 0.5497714285714286 0.32038194444444446 0.5434857142857142 0.3135069444444445 0.5233714285714286 0.3096875 0.5233714285714286 0.3028125 0.5422285714285714 0.2913888888888889 0.5623428571428571 0.290625 0.5837142857142857
3 0.7992013888888888 0.6507428571428571 0.80875 0.6612 0.8170138888888889 0.6758857142857143 0.8265625000000001 0.6800571428571429 0.8316319444444444 0.6517714285714286 0.8303819444444445 0.6172571428571428 0.8202083333333333 0.5940571428571428 0.8131944444444444 0.5795428571428571 0.8055555555555556 0.5721714285714286 0.7934722222222222 0.5711428571428572 0.7845486111111111 0.5690285714285714 0.783263888888889 0.5795428571428571 0.7916666666666666 0.6005714285714285 0.7958333333333333 0.6234285714285714 0.7986111111111112 0.6434285714285713
3 0.5984027777777778 0.6402857142857142 0.6075694444444444 0.678 0.6213194444444444 0.7081714285714286 0.6358333333333334 0.722 0.651875 0.6981142857142857 0.6625694444444444 0.6604 0.6648611111111111 0.6277142857142857 0.6640972222222222 0.5874857142857143 0.6579861111111112 0.5698857142857143 0.6404166666666666 0.5560571428571429 0.6350694444444445 0.5522857142857143 0.618263888888889 0.5623428571428571 0.5892361111111111 0.5749142857142857 0.5884722222222222 0.5799428571428571 0.5930555555555556 0.6126285714285714 0.5945833333333334 0.6427999999999999
3 0.22111111111111112 0.5786857142857142 0.2065972222222222 0.5937714285714285 0.18444444444444444 0.6289714285714285 0.1790972222222222 0.6604 0.1882638888888889 0.6742285714285714 0.20583333333333334 0.6679428571428572 0.22111111111111112 0.6516 0.23409722222222223 0.6277142857142857 0.24250000000000002 0.5988 0.24097222222222225 0.5799428571428571 0.221875 0.5774285714285714
3 0.22722222222222221 0.6478285714285714 0.23256944444444447 0.6604 0.23868055555555553 0.6717142857142857 0.26006944444444446 0.6616571428571429 0.27458333333333335 0.6352571428571429 0.28680555555555554 0.6138857142857144 0.29291666666666666 0.59 0.29444444444444445 0.5736571428571429 0.290625 0.5661142857142857 0.2692361111111111 0.5698857142857143 0.2570138888888889 0.5724 0.24784722222222222 0.5811999999999999 0.2440277777777778 0.5950285714285714 0.23409722222222223 0.6201714285714286 0.22569444444444445 0.6478285714285714
3 0.7465972222222222 0.6362857142857142 0.7580902777777778 0.6588571428571428 0.7722222222222223 0.6792 0.7890277777777778 0.6886857142857142 0.79875 0.6602857142857143 0.7925694444444444 0.6166857142857143 0.7863888888888888 0.5810285714285714 0.7823958333333334 0.5642857142857143 0.7748958333333333 0.5722857142857143 0.7660416666666667 0.5861142857142857 0.7536805555555556 0.5868571428571429 0.7439583333333333 0.5730285714285714 0.7412847222222223 0.5730285714285714 0.7386458333333333 0.5933714285714285 0.7417361111111112 0.6202857142857142
3 0.7213541666666666 0.5422285714285714 0.7373958333333334 0.5636 0.7549652777777778 0.5824571428571429 0.7710069444444445 0.5874857142857143 0.7862847222222222 0.5447428571428571 0.7923958333333334 0.5045142857142858 0.7985069444444445 0.4718285714285714 0.8007986111111111 0.4353714285714286 0.8023263888888889 0.41028571428571425 0.7985069444444445 0.3826285714285714 0.7809375 0.3725714285714286 0.7618402777777777 0.3776 0.7465625 0.39897142857142853 0.7305208333333333 0.43034285714285714 0.7251736111111111 0.45045714285714283 0.7228819444444444 0.4781142857142857 0.7221180555555555 0.4982285714285714
3 0.6457638888888888 0.5648571428571428 0.6602777777777777 0.5724 0.6831597222222222 0.5761714285714286 0.7053125 0.5673714285714286 0.7167708333333334 0.5510285714285714 0.719826388888889 0.5208571428571429 0.7221180555555555 0.48188571428571425 0.7175347222222223 0.44794285714285714 0.712951388888889 0.42034285714285713 0.7045486111111111 0.3952 0.6892708333333333 0.37634285714285715 0.6717361111111111 0.37634285714285715 0.6564583333333334 0.39897142857142853 0.645 0.4265714285714286 0.638125 0.4567428571428572 0.6365972222222223 0.48314285714285715 0.6365972222222223 0.5120571428571429 0.6365972222222223 0.5485142857142857
3 0.7863888888888888 0.5642857142857143 0.7947916666666667 0.5730285714285714 0.8124652777777778 0.5716 0.8279166666666666 0.5410285714285714 0.8367708333333334 0.5148571428571428 0.8438194444444445 0.47194285714285716 0.8469444444444444 0.45885714285714285 0.8438194444444445 0.4362857142857143 0.8394097222222222 0.41880000000000006 0.8288194444444444 0.4181142857142857 0.8173263888888889 0.4268 0.8040625 0.4406285714285714 0.79875 0.46102857142857145 0.7947916666666667 0.48937142857142857 0.7898958333333334 0.5199428571428572 0.7859375 0.5468571428571428
3 0.4410763888888889 0.6264571428571428 0.4456597222222222 0.6842857142857143 0.4510069444444444 0.7044 0.4617013888888889 0.7144571428571429 0.4769791666666667 0.7144571428571429 0.48916666666666664 0.7044 0.5044444444444445 0.6692 0.5105555555555555 0.6390285714285714 0.513611111111111 0.6063428571428572 0.513611111111111 0.5811999999999999 0.5105555555555555 0.5623428571428571 0.5059722222222223 0.5585714285714286 0.48993055555555554 0.5736571428571429 0.46475694444444443 0.5811999999999999 0.4418402777777778 0.5786857142857142 0.4403125 0.5799428571428571 0.43878472222222226 0.6038285714285715
3 0.3303125 0.3776 0.31961805555555556 0.4065142857142857 0.3089236111111111 0.4881714285714286 0.31503472222222223 0.5183428571428571 0.32343750000000004 0.5422285714285714 0.35093749999999996 0.5497714285714286 0.3799652777777778 0.5497714285714286 0.39371527777777776 0.5271428571428571 0.39447916666666666 0.4881714285714286 0.38913194444444443 0.4567428571428572 0.38684027777777774 0.4241142857142857 0.3730902777777778 0.4002285714285715 0.3593402777777778 0.38137142857142853 0.3463541666666667 0.3725714285714286
3 0.5181944444444445 0.6151428571428572 0.5288888888888889 0.6817714285714286 0.5365277777777778 0.7044 0.5533333333333333 0.7157142857142857 0.5785416666666667 0.7056571428571429 0.5915277777777779 0.6629142857142858 0.5930555555555556 0.6239428571428571 0.59 0.5849714285714286 0.5869444444444444 0.5711428571428572 0.5686111111111111 0.5686285714285715 0.535 0.5636 0.5143749999999999 0.5548000000000001 0.5197222222222222 0.5623428571428571 0.5197222222222222 0.5887428571428571 0.5189583333333334 0.6101142857142857
3 0.6633333333333333 0.5761714285714286 0.6694444444444445 0.6201714285714286 0.6755555555555556 0.6629142857142858 0.6885069444444444 0.6893142857142857 0.7083680555555555 0.7081714285714286 0.7284722222222223 0.7034285714285714 0.7420138888888889 0.6759999999999999 0.7434027777777777 0.6371428571428571 0.7389236111111112 0.5736571428571429 0.7282291666666666 0.5497714285714286 0.7213541666666666 0.5459999999999999 0.7106597222222222 0.5573142857142858 0.6976736111111111 0.5698857142857143 0.6717361111111111 0.5786857142857142
3 0.4166319444444444 0.3474285714285714 0.4051736111111111 0.3864 0.39524305555555556 0.4328571428571429 0.3906597222222222 0.4806285714285714 0.39524305555555556 0.5296571428571428 0.4059375 0.5585714285714286 0.44795138888888886 0.5761714285714286 0.48385416666666664 0.5774285714285714 0.5113194444444444 0.5585714285714286 0.5151388888888889 0.5120571428571429 0.5151388888888889 0.4756 0.5174305555555556 0.4316 0.5090277777777777 0.3801142857142857 0.49374999999999997 0.35245714285714286 0.4708680555555556 0.33737142857142854 0.4456597222222222 0.3336