3 0.5554135338345865 0.5708994708994709 0.5417669172932331 0.5822222222222223 0.5405263157894737 0.6476719576719576 0.5405263157894737 0.6712698412698412 0.54796992481203 0.7105291005291005 0.5634586466165413 0.7358730158730159 0.5827067669172933 0.7437037037037038 0.6093609022556391 0.7367195767195768 0.6285714285714286 0.7026984126984127 0.640375939849624 0.6538095238095237 0.6397368421052632 0.6127513227513227 0.6354135338345865 0.5813756613756613 0.6279699248120301 0.5682539682539682 0.6143233082706767 0.5525396825396826 0.605 0.542962962962963 0.5876691729323308 0.5447089947089947 0.5765037593984962 0.5516931216931217 0.5634586466165413 0.5656613756613756
3 0.6166917293233083 0.3737566137566138 0.6069924812030075 0.3904761904761905 0.5980827067669173 0.42714285714285716 0.5973308270676692 0.46592592592592597 0.6040225563909773 0.5004761904761905 0.6352631578947368 0.533968253968254 0.6546240601503759 0.5423809523809524 0.6784586466165413 0.536084656084656 0.6970676691729323 0.4910582010582011 0.7015037593984962 0.44497354497354497 0.7015037593984962 0.40306878306878313 0.6970676691729323 0.37793650793650796 0.6851503759398496 0.35280423280423284 0.6777067669172933 0.3307936507936508 0.6635714285714286 0.3339153439153439 0.6375187969924813 0.3506878306878307 0.6256015037593985 0.36328042328042326
3 0.6521428571428571 0.5447089947089947 0.642218045112782 0.5560317460317461 0.6322932330827068 0.5813756613756613 0.6391353383458647 0.6136507936507937 0.6503007518796992 0.6642857142857143 0.6577443609022556 0.6791005291005291 0.6806766917293233 0.6983068783068782 0.7042481203007519 0.707936507936508 0.7303007518796992 0.6904761904761905 0.7476691729323308 0.6695238095238095 0.7551127819548873 0.6276190476190476 0.7526315789473684 0.5918518518518519 0.738984962406015 0.563015873015873 0.7321428571428571 0.5507936507936507 0.7085714285714285 0.5342328042328043 0.6893609022556391 0.5368253968253968 0.671390977443609 0.5394708994708994
3 0.2918045112781955 0.5761375661375662 0.2868421052631579 0.5988359788359788 0.28500000000000003 0.6389417989417989 0.2942857142857143 0.686984126984127 0.309812030075188 0.7184126984126984 0.3302631578947368 0.727989417989418 0.3507518796992481 0.7087830687830688 0.3550751879699248 0.6633862433862434 0.3581954887218045 0.6197354497354497 0.358796992481203 0.5769841269841269 0.3557142857142857 0.5682539682539682 0.3439097744360902 0.5674074074074074 0.3352255639097744 0.5726455026455026 0.3190977443609022 0.5752380952380952 0.3017293233082707 0.5761375661375662
3 0.3619172932330827 0.5769841269841269 0.358796992481203 0.6162433862433863 0.3612781954887218 0.6546560846560847 0.3687218045112782 0.7035449735449736 0.383609022556391 0.7262433862433862 0.4053007518796993 0.7314814814814815 0.4307518796992481 0.7105291005291005 0.445 0.6354497354497354 0.4462406015037594 0.6031746031746031 0.4468796992481203 0.5813756613756613 0.4431578947368421 0.5647619047619047 0.42578947368421055 0.5639153439153439 0.39785714285714285 0.5682539682539682 0.3792857142857143 0.5691534391534391 0.37244360902255635 0.5708994708994709
3 0.7333834586466166 0.5577777777777778 0.7495112781954887 0.5935978835978836 0.7625563909774437 0.6276190476190476 0.7997368421052631 0.6564021164021164 0.8295112781954888 0.652063492063492 0.8425563909774436 0.6066666666666667 0.82703007518797 0.5569312169312169 0.8103007518796992 0.5237566137566138 0.7904511278195488 0.5176190476190476 0.782406015037594 0.5324867724867725 0.77 0.5438095238095239 0.7457894736842106 0.5534391534391534 0.7402255639097745 0.5542857142857143
3 0.2817669172932331 0.36428571428571427 0.260187969924812 0.3884126984126984 0.2438345864661654 0.41354497354497355 0.23266917293233083 0.46068783068783065 0.23041353383458646 0.4994179894179894 0.23266917293233083 0.5392063492063491 0.24605263157894738 0.5622751322751323 0.275827067669173 0.5748677248677249 0.30409774436090226 0.5748677248677249 0.33462406015037593 0.5748677248677249 0.34578947368421054 0.5539153439153439 0.35022556390977444 0.513068783068783 0.35097744360902255 0.46174603174603174 0.3390977443609023 0.4156084656084656 0.33462406015037593 0.38423280423280426 0.3286466165413534 0.3601058201058201 0.31601503759398497 0.3454497354497355
3 0.7910526315789473 0.5189417989417989 0.8245488721804511 0.5259259259259259 0.8475187969924812 0.5163492063492063 0.8611654135338346 0.4604761904761905 0.8654887218045113 0.43777777777777777 0.8592857142857142 0.3906349206349206 0.8344736842105263 0.3871428571428572 0.8140225563909774 0.3888888888888889 0.8003759398496241 0.40111111111111114 0.7941729323308271 0.4168253968253968 0.7904511278195488 0.45 0.7916917293233083 0.47793650793650794
3 0.4864661654135339 0.41481481481481486 0.4782330827067669 0.4365608465608466 0.4804887218045113 0.5266666666666667 0.4834586466165413 0.5444444444444445 0.5072556390977444 0.5622751322751323 0.5400375939849624 0.5675132275132275 0.5734962406015038 0.5601587301587302 0.6010526315789474 0.5004761904761905 0.5950751879699248 0.46174603174603174 0.5846616541353384 0.4156084656084656 0.5757518796992481 0.3988888888888889 0.557142857142857 0.38211640211640213 0.5333082706766917 0.37582010582010583 0.5048872180451128 0.3915343915343915
3 0.15526315789473683 0.34857142857142853 0.1500375939849624 0.3726984126984127 0.14112781954887219 0.40830687830687834 0.13740601503759398 0.467989417989418 0.14184210526315788 0.4941798941798942 0.1574812030075188 0.5035978835978836 0.1701503759398496 0.4994179894179894 0.17684210526315788 0.45962962962962967 0.17684210526315788 0.42925925925925923 0.17906015037593986 0.3904761904761905 0.17684210526315788 0.36428571428571427 0.16642857142857145 0.3443915343915344
3 0.48037593984962407 0.5412169312169313 0.46112781954887216 0.5516931216931217 0.4543233082706767 0.5656613756613756 0.4481203007518797 0.5769841269841269 0.4462406015037594 0.6398412698412699 0.4518421052631579 0.6808465608465609 0.4605263157894737 0.7210052910052911 0.474172932330827 0.7471957671957672 0.49894736842105264 0.7567724867724868 0.5225187969924813 0.7332275132275133 0.5318421052631579 0.6843386243386244 0.5349248120300751 0.6363492063492063 0.5392857142857143 0.6058201058201058 0.5405263157894737 0.5796296296296296 0.5349248120300751 0.5700000000000001 0.5194360902255639 0.5647619047619047 0.506390977443609 0.5586772486772487 0.4915037593984963 0.5525396825396826
3 0.7245864661654136 0.40619047619047616 0.7112030075187971 0.43238095238095237 0.7007894736842105 0.45650793650793653 0.7007894736842105 0.4952380952380952 0.7030075187969925 0.5183068783068783 0.7193609022556391 0.5413227513227513 0.7424436090225565 0.5517989417989418 0.7640225563909774 0.5496825396825397 0.7871052631578948 0.5287301587301587 0.7923308270676691 0.4784656084656085 0.7923308270676691 0.43555555555555553 0.7818796992481203 0.40201058201058204 0.7551127819548873 0.3884126984126984
3 0.19849624060150375 0.36666666666666664 0.19172932330827067 0.3978306878306878 0.1774436090225564 0.42804232804232806 0.17293233082706766 0.48677248677248675 0.18725563909774437 0.5245502645502645 0.21109022556390977 0.5434391534391534 0.23041353383458646 0.5413227513227513 0.23413533834586467 0.5183068783068783 0.23338345864661653 0.4690476190476191 0.2393609022556391 0.4166666666666667 0.2393609022556391 0.3768783068783069 0.2274436090225564 0.3412698412698413 0.2118045112781955 0.3402116402116402
3 0.36661654135338345 0.37793650793650796 0.3576691729323308 0.40724867724867725 0.3487593984962406 0.4417989417989418 0.3495112781954887 0.467989417989418 0.35022556390977444 0.50989417989418 0.35172932330827067 0.5413227513227513 0.36439849624060155 0.5580952380952381 0.38819548872180454 0.5643915343915344 0.420187969924812 0.5675132275132275 0.45665413533834587 0.5643915343915344 0.47526315789473683 0.5402645502645502 0.473796992481203 0.4638095238095238 0.47229323308270676 0.45021164021164023 0.4693233082706767 0.42608465608465607 0.45665413533834587 0.3904761904761905 0.44548872180451127 0.3611640211640212 0.42541353383458647 0.3506878306878307 0.39413533834586467 0.3465079365079365 0.38150375939849623 0.35804232804232805
3 0.22793233082706768 0.5577777777777778 0.22793233082706768 0.5822222222222223 0.22669172932330825 0.6214814814814814 0.23165413533834586 0.6590476190476191 0.24097744360902254 0.6974603174603174 0.2577067669172932 0.7184126984126984 0.2719924812030075 0.707936507936508 0.2775563909774436 0.6730158730158731 0.2812781954887218 0.638095238095238 0.28560150375939847 0.6031746031746031 0.28560150375939847 0.5752380952380952 0.27631578947368424 0.5708994708994709 0.26330827067669177 0.5700000000000001 0.24902255639097742 0.5621693121693122 0.24221804511278197 0.5569312169312169 0.23849624060150376 0.5542857142857143