3 0.5128368794326241 0.33560283687943265 0.49936170212765957 0.34695035460992907 0.49297872340425536 0.3618439716312057 0.48801418439716315 0.3802836879432624 0.4908510638297872 0.394468085106383 0.49865248226950354 0.39659574468085107 0.509290780141844 0.395177304964539 0.5227659574468084 0.3809929078014184 0.5284397163120568 0.36822695035460995 0.5334042553191489 0.3526241134751773 0.534113475177305 0.3370212765957447 0.5256028368794327 0.3306382978723404 0.5213475177304965 0.3313475177304964
3 0.5142553191489362 0.4497872340425532 0.509290780141844 0.4512056737588652 0.5000709219858156 0.45900709219858155 0.48801418439716315 0.47319148936170213 0.48801418439716315 0.4880851063829787 0.4915602836879433 0.5072340425531915 0.5000709219858156 0.5093617021276595 0.5227659574468084 0.5058156028368794 0.5291489361702127 0.49446808510638296 0.536241134751773 0.4809929078014184 0.5376595744680851 0.469645390070922 0.5291489361702127 0.4604255319148936 0.5234751773049645 0.4547517730496454
3 0.583758865248227 0.4887943262411348 0.5766666666666667 0.493758865248227 0.5695744680851064 0.5100709219858156 0.5674468085106383 0.5242553191489362 0.5702836879432623 0.5497872340425531 0.5823404255319149 0.5590070921985815 0.5986524822695035 0.5540425531914894 0.6085815602836879 0.5419858156028369 0.6170921985815603 0.5249645390070922 0.6192198581560284 0.5100709219858156 0.611418439716312 0.5008510638297873 0.5958156028368795 0.49163120567375884 0.5929787234042553 0.49163120567375884
3 0.6227659574468085 0.5143262411347518 0.6149645390070921 0.5242553191489362 0.6092198581560284 0.5524822695035462 0.6128368794326241 0.56822695035461 0.6312765957446809 0.571063829787234 0.6475886524822695 0.5668085106382978 0.6546808510638298 0.5490780141843972 0.6617730496453901 0.5292198581560285 0.661063829787234 0.5199999999999999 0.6482978723404255 0.5114893617021277 0.6305673758865248 0.5065248226950355
3 0.5912056737588652 0.37631205673758866 0.5763829787234043 0.39290780141843973 0.5693617021276596 0.42347517730496453 0.5711347517730496 0.4321985815602837 0.5886524822695035 0.4453900709219858 0.6120567375886524 0.450354609929078 0.6340425531914894 0.450354609929078 0.6418439716312057 0.43652482269503545 0.652340425531915 0.41822695035460994 0.6575177304964539 0.39375886524822695 0.6558156028368795 0.3754609929078014 0.6453191489361702 0.3658156028368794 0.6243971631205674 0.3606382978723404 0.6112765957446809 0.3606382978723404
3 0.5466666666666666 0.3527659574468085 0.5309929078014185 0.3623404255319149 0.5170212765957447 0.3911347517730496 0.5257446808510639 0.41120567375886524 0.5431914893617021 0.41822695035460994 0.5545390070921986 0.41822695035460994 0.5685106382978723 0.41212765957446806 0.5772340425531914 0.3902836879432624 0.5859574468085107 0.36936170212765956 0.5842553191489361 0.3518439716312057 0.5693617021276596 0.3475177304964539
3 0.7482978723404256 0.4225531914893617 0.7352482269503546 0.43127659574468086 0.7247517730496453 0.45049645390070925 0.7198581560283688 0.47304964539007094 0.7219858156028368 0.4836879432624114 0.7297872340425532 0.4907801418439717 0.7431205673758865 0.4932624113475177 0.7526950354609929 0.4932624113475177 0.7648936170212766 0.4897872340425532 0.7701418439716312 0.46886524822695036 0.7736170212765957 0.4531205673758865 0.7736170212765957 0.4321985815602837 0.7727659574468084 0.4217021276595745 0.759645390070922 0.41645390070921984
3 0.6793617021276597 0.3902836879432624 0.6627659574468086 0.40773049645390075 0.6540425531914894 0.41822695035460994 0.6487943262411348 0.4321985815602837 0.6382978723404256 0.4453900709219858 0.6382978723404256 0.4567375886524823 0.6663120567375886 0.4740425531914894 0.7014184397163121 0.48439716312056735 0.7156028368794327 0.48226950354609927 0.7256028368794326 0.46014184397163116 0.7300000000000001 0.42865248226950353 0.7317730496453901 0.4016312056737589 0.7064539007092199 0.38680851063829785 0.6968085106382979 0.3850354609929078
3 0.7688652482269503 0.48950354609929075 0.7709929078014184 0.4987234042553191 0.7787234042553192 0.5070921985815603 0.7887234042553191 0.5086524822695035 0.8057446808510639 0.4987234042553191 0.8192198581560284 0.4724822695035461 0.8312765957446808 0.4476595744680851 0.8312765957446808 0.43134751773049645 0.8149645390070922 0.42212765957446813 0.8029078014184396 0.42921985815602837 0.7887234042553191 0.4398581560283688 0.7802127659574468 0.44624113475177307 0.7745390070921986 0.4561702127659574 0.7688652482269503 0.4724822695035461
3 0.5532624113475177 0.47531914893617017 0.5454609929078014 0.47602836879432625 0.534113475177305 0.4788652482269503 0.5305673758865248 0.49163120567375884 0.5291489361702127 0.5029787234042553 0.5284397163120568 0.5171631205673759 0.536950354609929 0.5256737588652483 0.5504255319148936 0.5278014184397163 0.5653191489361702 0.518581560283688 0.5745390070921986 0.5022695035460992 0.5780851063829787 0.4909219858156028 0.5646099290780142 0.4809929078014184 0.5560992907801419 0.47744680851063825
3 0.7107092198581559 0.5405673758865248 0.7149645390070922 0.5391489361702128 0.734113475177305 0.5426950354609928 0.7376595744680852 0.5483687943262411 0.7369503546099291 0.5632624113475178 0.7319858156028368 0.5753191489361702 0.7178014184397162 0.5795744680851064 0.7050354609929078 0.5774468085106383 0.7036170212765958 0.570354609929078 0.7064539007092199 0.5639716312056737 0.7121276595744681 0.5512056737588652 0.709290780141844 0.5455319148936171
3 0.6695035460992909 0.524113475177305 0.6595744680851063 0.5361702127659574 0.6568085106382978 0.5533333333333333 0.6553900709219858 0.5632624113475178 0.6681560283687943 0.5746099290780141 0.6951063829787234 0.5746099290780141 0.7071631205673758 0.5604255319148936 0.7092198581560284 0.5439716312056738 0.7021276595744681 0.5326241134751772 0.6837588652482269 0.5285106382978723