3 0.6775636363636364 0.6304891304347826 0.6985818181818182 0.6639673913043478 0.7210181818181818 0.6786413043478261 0.7399272727272727 0.671304347826087 0.7427636363636363 0.6126630434782608 0.7455636363636363 0.5676086956521739 0.7434545454545454 0.5320108695652174 0.7238181818181818 0.5141847826086956 0.6936727272727272 0.51 0.6740727272727273 0.5163043478260869 0.6761818181818181 0.5455978260869565 0.6782545454545454 0.6021739130434782
3 0.7280363636363637 0.5163043478260869 0.7476363636363637 0.5560869565217391 0.7623636363636364 0.561358695652174 0.7841090909090909 0.5592391304347827 0.7904000000000001 0.5183695652173913 0.795309090909091 0.46184782608695657 0.7988 0.41782608695652174 0.7932 0.39059782608695653 0.7658909090909091 0.3853804347826087 0.7371272727272727 0.4126086956521739 0.7301454545454545 0.4419021739130435 0.7273454545454546 0.4817391304347826
3 0.1295272727272727 0.54875 0.1225090909090909 0.5665760869565217 0.11130909090909091 0.6136956521739131 0.11269090909090909 0.6420108695652174 0.11760000000000001 0.665054347826087 0.1281090909090909 0.6807608695652174 0.15476363636363638 0.671304347826087 0.17156363636363636 0.639891304347826 0.17858181818181817 0.6053260869565217 0.1834909090909091 0.5655434782608696 0.18280000000000002 0.5425 0.16596363636363637 0.5414130434782609 0.15476363636363638 0.5330434782608695 0.14494545454545454 0.5152717391304348 0.13792727272727273 0.522554347826087
3 0.5030545454545454 0.49010869565217396 0.4995636363636363 0.5351630434782608 0.5016727272727273 0.5979891304347826 0.5114909090909091 0.652445652173913 0.525490909090909 0.6880978260869565 0.5619272727272727 0.6964673913043479 0.5759636363636363 0.6681521739130435 0.5815636363636364 0.6095108695652174 0.5808727272727273 0.5393478260869565 0.5661454545454545 0.5340760869565218 0.5325090909090909 0.5141847826086956 0.522 0.4964130434782609 0.5149818181818182 0.47543478260869565 0.5072727272727273 0.46603260869565216 0.5037818181818181 0.4680978260869565
3 0.059781818181818186 0.37021739130434783 0.05509090909090909 0.39467391304347826 0.055672727272727277 0.4435326086956522 0.06618181818181817 0.4854347826086956 0.08781818181818181 0.5028804347826087 0.09247272727272728 0.48282608695652174 0.08839999999999999 0.4478804347826087 0.09014545454545454 0.4155978260869565 0.08945454545454545 0.39619565217391306 0.0778909090909091 0.38157608695652173 0.0592 0.3676086956521739
3 0.5906545454545454 0.54875 0.5990909090909091 0.6032065217391304 0.604 0.6315217391304347 0.6285090909090909 0.6671195652173914 0.6418181818181818 0.6828260869565217 0.6642545454545454 0.6744565217391304 0.6733818181818182 0.6315217391304347 0.6740727272727273 0.5697282608695652 0.6740727272727273 0.5236413043478261 0.6698545454545455 0.5058152173913043 0.6453454545454546 0.4911413043478261 0.6432363636363636 0.5047826086956522 0.6236 0.5278260869565218 0.5997818181818182 0.5320108695652174
3 0.1722909090909091 0.6377717391304347 0.17367272727272726 0.6660869565217391 0.18280000000000002 0.6859782608695653 0.1968 0.6911956521739131 0.21083636363636363 0.6744565217391304 0.22974545454545456 0.6535326086956522 0.23956363636363634 0.6377717391304347 0.24654545454545454 0.600108695652174 0.2500727272727273 0.5644565217391304 0.24865454545454543 0.5455978260869565 0.24447272727272729 0.5425 0.22625454545454546 0.5519021739130434 0.21643636363636365 0.5519021739130434 0.20872727272727273 0.5320108695652174 0.20730909090909092 0.5267934782608696 0.20029090909090908 0.5414130434782609 0.19119999999999998 0.5466847826086957 0.1834909090909091 0.5519021739130434 0.18280000000000002 0.5665760869565217 0.1813818181818182 0.5906521739130435 0.17647272727272728 0.6095108695652174
3 0.8233454545454545 0.6535326086956522 0.8464727272727273 0.684945652173913 0.8604727272727273 0.7006521739130435 0.8752 0.6891304347826087 0.873090909090909 0.6430434782608695 0.8695999999999999 0.5990217391304348 0.8653818181818181 0.5655434782608696 0.8408727272727273 0.5623913043478261 0.8149454545454546 0.5739130434782609 0.8016 0.5780978260869566 0.8135272727272728 0.6063586956521739
3 0.24727272727272728 0.632554347826087 0.2514545454545455 0.6608152173913043 0.2661818181818182 0.677608695652174 0.2893090909090909 0.6817934782608696 0.30334545454545453 0.6629347826086956 0.3159272727272727 0.6440760869565217 0.32436363636363635 0.6116304347826087 0.32225454545454546 0.5697282608695652 0.32014545454545457 0.5455978260869565 0.31876363636363636 0.5340760869565218 0.3089454545454545 0.5340760869565218 0.2907272727272727 0.5267934782608696 0.2809090909090909 0.5257065217391305 0.2753090909090909 0.5173369565217392 0.2704 0.5016304347826087 0.2654909090909091 0.5141847826086956 0.2535636363636364 0.5383152173913043 0.24727272727272728 0.5498369565217391 0.24796363636363636 0.5728804347826086 0.24727272727272728 0.6190217391304348
3 0.3664 0.32358695652173913 0.3544727272727273 0.35184782608695647 0.3481818181818182 0.3947826086956522 0.34607272727272725 0.43983695652173915 0.3537818181818182 0.4932608695652174 0.3762181818181818 0.5340760869565218 0.41756363636363636 0.5445652173913044 0.4610181818181818 0.5414130434782609 0.4841454545454545 0.5141847826086956 0.4925454545454545 0.4534239130434783 0.49116363636363636 0.38641304347826083 0.4701090909090909 0.3403260869565217 0.4421090909090909 0.3151630434782609 0.4042545454545455 0.30364130434782605
3 0.27949090909090907 0.34554347826086956 0.2717818181818182 0.3727717391304348 0.2676 0.4303804347826087 0.2661818181818182 0.47755434782608697 0.27949090909090907 0.5288586956521739 0.3124363636363636 0.5361956521739131 0.3474909090909091 0.5267934782608696 0.358 0.49744565217391307 0.3502909090909091 0.45657608695652174 0.3481818181818182 0.4146739130434782 0.34116363636363634 0.3874456521739131 0.3264727272727273 0.3602173913043478 0.30614545454545455 0.3466304347826087
3 0.09029090909090909 0.3748913043478261 0.08956363636363636 0.40527173913043474 0.09098181818181818 0.4607608695652174 0.09727272727272727 0.5058152173913043 0.11760000000000001 0.5309782608695652 0.1351272727272727 0.5330434782608695 0.14494545454545454 0.5121195652173913 0.14072727272727273 0.4890760869565217 0.14072727272727273 0.45554347826086955 0.14352727272727273 0.43565217391304345 0.14072727272727273 0.4136413043478261 0.12672727272727274 0.3969021739130435 0.11832727272727273 0.38641304347826083 0.10149090909090909 0.3770108695652174
3 0.41127272727272723 0.58125 0.41334545454545457 0.62 0.4259636363636364 0.665054347826087 0.45189090909090907 0.6786413043478261 0.4750181818181818 0.6734239130434783 0.48625454545454544 0.6315217391304347 0.4897454545454546 0.5979891304347826 0.4960727272727272 0.5582065217391304 0.49814545454545456 0.529891304347826 0.4960727272727272 0.4932608695652174 0.4939636363636364 0.47543478260869565 0.4883636363636364 0.4807065217391305 0.4806545454545455 0.5058152173913043 0.47294545454545456 0.5246739130434783 0.4526181818181818 0.5403804347826088 0.43298181818181813 0.5445652173913044 0.41334545454545457 0.5466847826086957
3 0.5065818181818182 0.39896739130434783 0.5079636363636364 0.44505434782608694 0.5149818181818182 0.4817391304347826 0.5304000000000001 0.5152717391304348 0.5773454545454546 0.5372282608695652 0.6306181818181817 0.5278260869565218 0.6383272727272727 0.5058152173913043 0.6453454545454546 0.45451086956521736 0.6460363636363636 0.4126086956521739 0.6411272727272728 0.3675543478260869 0.6306181818181817 0.328804347826087 0.6053818181818181 0.29739130434782607 0.5717454545454546 0.2921195652173913 0.5458181818181818 0.3078804347826087 0.5233818181818182 0.3277717391304348
3 0.08254545454545455 0.5116304347826087 0.06618181818181817 0.5456521739130435 0.057999999999999996 0.5727173913043478 0.059781818181818186 0.6111413043478261 0.08487272727272727 0.6207065217391304 0.11232727272727273 0.6163586956521739 0.12341818181818182 0.5604891304347825 0.1286909090909091 0.5473913043478261 0.1316 0.5342934782608696 0.12050909090909091 0.5282065217391304 0.09527272727272727 0.5054347826086957 0.092 0.4978260869565217
3 0.7539636363636364 0.6545652173913044 0.7847999999999999 0.7090217391304349 0.8114181818181818 0.7352173913043478 0.8268363636363636 0.7205434782608696 0.8226545454545454 0.6619021739130435 0.8121454545454545 0.6042934782608695 0.7988 0.5697282608695652 0.7890181818181817 0.555054347826087 0.7623636363636364 0.5582065217391304 0.7483636363636365 0.5540217391304347 0.7434545454545454 0.5844021739130435 0.7448363636363636 0.6420108695652174 0.7448363636363636 0.6566304347826086
3 0.14352727272727273 0.40005434782608695 0.13934545454545455 0.4303804347826087 0.1386181818181818 0.47336956521739126 0.14494545454545454 0.5131521739130435 0.16036363636363637 0.5393478260869565 0.1806909090909091 0.5445652173913044 0.1974909090909091 0.5445652173913044 0.2052 0.5278260869565218 0.20450909090909092 0.49010869565217396 0.1996 0.45972826086956525 0.19469090909090908 0.43353260869565213 0.1968 0.40945652173913044 0.1884 0.3916304347826087 0.17156363636363636 0.3832608695652174 0.15265454545454543 0.3832608695652174
3 0.32436363636363635 0.6158152173913044 0.3264727272727273 0.652445652173913 0.33134545454545455 0.6859782608695653 0.3488727272727273 0.6953804347826087 0.3670909090909091 0.677608695652174 0.39443636363636364 0.6252173913043478 0.3993454545454545 0.6105434782608696 0.40636363636363637 0.5938043478260869 0.4077454545454545 0.5655434782608696 0.4077454545454545 0.5498369565217391 0.40283636363636366 0.5435326086956522 0.37970909090909094 0.5383152173913043 0.3741090909090909 0.5320108695652174 0.3657090909090909 0.5131521739130435 0.36010909090909093 0.5026630434782609 0.3573090909090909 0.5079347826086956 0.3446909090909091 0.5257065217391305 0.3264727272727273 0.5340760869565218 0.31945454545454544 0.5393478260869565 0.3215636363636364 0.5644565217391304
3 0.8572363636363637 0.556304347826087 0.8741818181818182 0.556304347826087 0.8852727272727272 0.5240217391304348 0.8934545454545454 0.48820652173913043 0.9022181818181819 0.43059782608695657 0.9045454545454545 0.39918478260869567 0.8782909090909091 0.4096739130434782 0.8590181818181818 0.43847826086956526 0.8578181818181818 0.4672826086956522 0.8584 0.5091847826086956
3 0.7918181818181819 0.5529347826086957 0.8044363636363636 0.5739130434782609 0.8135272727272728 0.5759782608695653 0.8373454545454546 0.5655434782608696 0.8541818181818182 0.5602717391304348 0.8555636363636364 0.5058152173913043 0.8576727272727274 0.46494565217391304 0.8548727272727273 0.4157608695652174 0.8443636363636363 0.3969021739130435 0.8226545454545454 0.39271739130434785 0.8044363636363636 0.42201086956521744 0.796 0.44820652173913045 0.7910909090909092 0.4984782608695652
3 0.19890909090909092 0.3717391304347826 0.1968 0.4157608695652174 0.1968 0.45972826086956525 0.20450909090909092 0.5173369565217392 0.21501818181818183 0.5560869565217391 0.23883636363636365 0.5529347826086957 0.25847272727272724 0.5320108695652174 0.2682909090909091 0.5047826086956522 0.2696727272727273 0.47336956521739126 0.2696727272727273 0.43565217391304345 0.2696727272727273 0.4073369565217391 0.2528727272727273 0.37385869565217394 0.23043636363636363 0.35081521739130433 0.2101090909090909 0.3497282608695652
3 0.6425454545454545 0.48380434782608694 0.6635636363636364 0.5005978260869565 0.6957818181818182 0.5110326086956521 0.7231272727272727 0.5131521739130435 0.7280363636363637 0.48592391304347826 0.7315272727272727 0.45239130434782604 0.7322181818181819 0.39793478260869564 0.7259272727272728 0.36233695652173914 0.7154181818181818 0.3329891304347826 0.700690909090909 0.3130978260869565 0.6698545454545455 0.32565217391304346 0.6593454545454546 0.3591847826086957 0.6509454545454545 0.39375 0.6439272727272728 0.4251630434782609