3 0.25938181818181816 0.2998907103825137 0.2558909090909091 0.32344262295081966 0.25414545454545456 0.36797814207650276 0.2530181818181818 0.40726775956284156 0.2564727272727273 0.44999999999999996 0.25821818181818185 0.4666120218579235 0.2762181818181818 0.47710382513661204 0.30003636363636366 0.4736065573770492 0.3174909090909091 0.4701092896174863 0.32327272727272727 0.45349726775956284 0.32327272727272727 0.41857923497267757 0.3209454545454546 0.38109289617486336 0.30818181818181817 0.35486338797814204 0.29658181818181817 0.3330601092896175 0.2855272727272727 0.3130054644808743 0.2750909090909091 0.29901639344262293 0.26694545454545454 0.2955191256830601
3 0.2048 0.3636065573770492 0.2042181818181818 0.3950273224043716 0.2042181818181818 0.43169398907103823 0.20247272727272728 0.4701092896174863 0.20945454545454545 0.4997814207650273 0.2286181818181818 0.5207103825136612 0.2472 0.5111475409836066 0.25821818181818185 0.49628415300546447 0.2622909090909091 0.47185792349726774 0.2564727272727273 0.44568306010928965 0.2530181818181818 0.4212021857923497 0.2524363636363636 0.40114754098360655 0.24312727272727272 0.38803278688524595 0.2228 0.3767213114754098 0.21523636363636361 0.36885245901639346
3 0.3926545454545455 0.5477049180327869 0.4001818181818182 0.5642622950819672 0.42109090909090907 0.5721311475409836 0.4379272727272728 0.5695081967213115 0.46058181818181815 0.5677595628415301 0.4664 0.5590163934426229 0.4698909090909091 0.5302185792349727 0.4693090909090909 0.5180327868852459 0.44956363636363633 0.5171584699453552 0.42574545454545454 0.5066666666666667 0.41007272727272726 0.4970491803278688 0.4065818181818182 0.48748633879781417 0.3996 0.505792349726776 0.3937818181818182 0.529344262295082
3 0.6081454545454545 0.5538251366120218 0.618 0.5686338797814208 0.6458909090909091 0.5747540983606558 0.6598181818181817 0.5616393442622951 0.6656363636363637 0.5328415300546449 0.6627272727272727 0.499672131147541 0.6551636363636363 0.4787431693989071 0.6517090909090909 0.46213114754098356 0.6511272727272728 0.45693989071038255 0.6464727272727273 0.47000000000000003 0.6418181818181818 0.490983606557377 0.627890909090909 0.5127868852459017 0.6110181818181818 0.5215300546448087 0.6046545454545454 0.5267213114754098
3 0.7706545454545455 0.3155191256830601 0.7551636363636364 0.33885245901639344 0.7430545454545454 0.3533879781420765 0.7382181818181818 0.3737158469945355 0.7362909090909091 0.4050273224043716 0.7343636363636363 0.43196721311475406 0.7362909090909091 0.45224043715846995 0.7576 0.4675956284153005 0.7769454545454545 0.47989071038251363 0.7929454545454545 0.48431693989071034 0.8084 0.47989071038251363 0.8166545454545455 0.44579234972677595 0.8195636363636364 0.3969945355191257 0.8200363636363636 0.3489617486338798 0.8166545454545455 0.30896174863387976 0.8127636363636364 0.28136612021857926 0.8045454545454546 0.2668306010928962 0.7909818181818182 0.26972677595628414 0.7774545454545455 0.28355191256830603
3 0.5544727272727272 0.32344262295081966 0.5428363636363637 0.3539890710382514 0.5370181818181818 0.39415300546448084 0.5335636363636364 0.4482513661202186 0.5335636363636364 0.4927868852459017 0.5451636363636363 0.515464480874317 0.5846545454545454 0.5207103825136612 0.6241454545454544 0.5163387978142077 0.644 0.485792349726776 0.6520363636363636 0.40114754098360655 0.6476363636363636 0.3540983606557377 0.6421818181818182 0.3120218579234973 0.6334545454545454 0.2937704918032787 0.6044 0.2815846994535519 0.5763636363636364 0.29180327868852457
3 0.46872727272727277 0.5236065573770492 0.47105454545454545 0.5462841530054645 0.47803636363636365 0.5812021857923497 0.4989454545454546 0.5995628415300547 0.5192727272727273 0.586448087431694 0.5291272727272727 0.5637704918032787 0.5332 0.5306010928961749 0.5349454545454546 0.5044262295081967 0.5337818181818181 0.49830601092896176 0.5175272727272727 0.506120218579235 0.5024 0.5113661202185792 0.47803636363636365 0.5139890710382514
3 0.7556727272727273 0.5416393442622951 0.7694909090909091 0.5577049180327869 0.7889818181818182 0.5766120218579235 0.8034545454545454 0.5992349726775956 0.8116 0.6077595628415301 0.8191636363636364 0.6030054644808743 0.8204 0.5690163934426229 0.8166181818181818 0.5312568306010929 0.8122545454545455 0.5048087431693988 0.805309090909091 0.492568306010929 0.7939999999999999 0.4849726775956284 0.7757818181818182 0.48120218579234975 0.7556727272727273 0.4698907103825136 0.7487636363636363 0.4745901639344262 0.7468727272727272 0.48972677595628417 0.7487636363636363 0.5124043715846994 0.7537818181818181 0.5378688524590164
3 0.4522181818181818 0.3042622950819672 0.4359636363636364 0.31994535519125683 0.4202909090909091 0.3409289617486339 0.41563636363636364 0.3723497267759563 0.4133090909090909 0.4133879781420765 0.4115636363636364 0.45699453551912567 0.4127272727272727 0.485792349726776 0.42203636363636365 0.5050273224043716 0.44701818181818187 0.5198360655737705 0.4731272727272728 0.5189617486338798 0.498690909090909 0.5128415300546447 0.5236727272727273 0.5093989071038252 0.5335636363636364 0.49540983606557376 0.5324 0.45524590163934425 0.5358909090909091 0.4046448087431694 0.5376 0.37497267759562847 0.5341454545454545 0.3496174863387978 0.5172727272727272 0.3190710382513661 0.5033454545454545 0.3033879781420765 0.48010909090909093 0.29901639344262293 0.46443636363636365 0.30076502732240434
3 0.8345454545454546 0.35683060109289616 0.8244 0.3693989071038251 0.821490909090909 0.38098360655737706 0.8176 0.40857923497267756 0.8152 0.4508743169398907 0.8108363636363636 0.4755191256830601 0.8156727272727273 0.4915846994535519 0.8287636363636364 0.5126775956284153 0.8413454545454545 0.5191803278688525 0.8490909090909091 0.5126775956284153 0.8563272727272727 0.4878688524590164 0.8669818181818182 0.44360655737704924 0.8655272727272728 0.4028415300546448 0.8631272727272727 0.36786885245901635 0.8563636363636363 0.3437158469945355 0.8452000000000001 0.3489617486338798
3 0.24276363636363638 0.5253551912568306 0.2445090909090909 0.5559016393442623 0.24858181818181818 0.586448087431694 0.2561454545454545 0.6108743169398907 0.2747272727272727 0.6108743169398907 0.29621818181818177 0.5838251366120218 0.3089818181818182 0.5515300546448088 0.3130545454545455 0.503551912568306 0.31014545454545456 0.4773224043715847 0.2963636363636364 0.4748633879781421 0.2770909090909091 0.4748633879781421 0.266 0.4721311475409836 0.2630909090909091 0.4816939890710383 0.25730909090909093 0.4991803278688524 0.24858181818181818 0.506120218579235
3 0.14461818181818184 0.41448087431693986 0.14461818181818184 0.44939890710382513 0.14287272727272726 0.48431693989071034 0.14287272727272726 0.5113661202185792 0.15159999999999998 0.5306010928961749 0.1661090909090909 0.5306010928961749 0.17887272727272727 0.5253551912568306 0.19167272727272727 0.5139890710382514 0.2021090909090909 0.5018032786885246 0.2026909090909091 0.47819672131147545 0.2026909090909091 0.45551912568306013 0.18934545454545454 0.4476502732240437 0.16901818181818182 0.43546448087431694 0.1486909090909091 0.4214754098360656
3 0.6738181818181819 0.5300546448087432 0.6644727272727272 0.5302185792349727 0.6644727272727272 0.5154098360655738 0.6569090909090909 0.493551912568306 0.6557454545454546 0.48049180327868857 0.6633090909090908 0.4813661202185793 0.6853818181818181 0.48836065573770493 0.6998909090909091 0.48748633879781417 0.7202181818181819 0.4787431693989071 0.7318545454545454 0.46562841530054644 0.7434545454545454 0.47699453551912574 0.7475272727272727 0.4918579234972678 0.7510181818181818 0.5337158469945356 0.7539272727272728 0.5677595628415301 0.7347636363636364 0.5896174863387978 0.7121090909090909 0.5747540983606558 0.6960000000000001 0.5530054644808743 0.6905454545454546 0.5338797814207651
3 0.34825454545454543 0.3269398907103825 0.33665454545454543 0.3583606557377049 0.3296727272727273 0.3854098360655738 0.3261818181818182 0.4308196721311476 0.3256 0.45612021857923496 0.34301818181818183 0.4840437158469945 0.3627636363636364 0.4901639344262295 0.3871636363636364 0.4901639344262295 0.40807272727272725 0.4849180327868852 0.4127272727272727 0.4430601092896175 0.4133090909090909 0.41857923497267757 0.41505454545454545 0.3827868852459016 0.4133090909090909 0.35486338797814204 0.39821818181818186 0.3339344262295082 0.37963636363636366 0.31994535519125683 0.3604727272727273 0.30863387978142076 0.35756363636363636 0.30863387978142076
3 0.6704727272727272 0.3395081967213115 0.6607999999999999 0.3606010928961748 0.6549818181818182 0.38021857923497265 0.6520727272727272 0.40349726775956285 0.6520727272727272 0.42688524590163934 0.6506181818181818 0.45224043715846995 0.6559272727272727 0.4792349726775956 0.6704727272727272 0.4878688524590164 0.7009454545454545 0.4878688524590164 0.7198545454545455 0.48650273224043716 0.7304727272727273 0.4697814207650273 0.7343636363636363 0.42967213114754094 0.7358181818181818 0.38316939890710383 0.733890909090909 0.35994535519125687 0.7290181818181818 0.33595628415300544 0.7217818181818182 0.3104918032786885 0.7082181818181817 0.3016939890710383 0.6927272727272727 0.30240437158469946 0.6839999999999999 0.32076502732240436
3 0.5337818181818181 0.503551912568306 0.536109090909091 0.5253551912568306 0.5384363636363636 0.5663934426229509 0.5448363636363637 0.598688524590164 0.5587636363636364 0.6231147540983607 0.5825818181818182 0.62224043715847 0.5965090909090909 0.5881967213114754 0.6058181818181818 0.5541530054644809 0.6058181818181818 0.5218579234972678 0.5947636363636364 0.5209836065573771 0.5616727272727273 0.514863387978142 0.5488727272727273 0.514863387978142 0.5396 0.5026775956284153
3 0.31189090909090905 0.5480327868852459 0.3113090909090909 0.5759562841530055 0.31189090909090905 0.5995628415300547 0.3159636363636364 0.6169945355191256 0.3241090909090909 0.6196174863387978 0.33745454545454545 0.6143715846994536 0.3537090909090909 0.6047540983606557 0.36767272727272726 0.5829508196721311 0.3885818181818182 0.5550273224043716 0.3955272727272727 0.5297267759562841 0.40309090909090906 0.5096174863387979 0.406 0.49218579234972676 0.3984363636363636 0.488688524590164 0.37694545454545453 0.488688524590164 0.3537090909090909 0.488688524590164 0.34152727272727273 0.4860655737704918 0.3333818181818182 0.47557377049180327 0.32930909090909094 0.4668852459016393 0.32178181818181817 0.4607650273224043 0.3130545454545455 0.47125683060109286 0.3095636363636364 0.4799453551912568 0.31479999999999997 0.5018032786885246 0.31363636363636366 0.5236065573770492 0.3124727272727273 0.550655737704918