3 0.098 0.26266666666666666 0.08824 0.3016666666666667 0.0846 0.36046666666666666 0.08552 0.3982 0.09184 0.4358666666666666 0.10995999999999999 0.47659999999999997 0.13256 0.4796666666666667 0.15972 0.4720666666666667 0.16608 0.42233333333333334 0.16244 0.3499333333333334 0.16063999999999998 0.3016666666666667 0.14976 0.25939999999999996 0.12988 0.23526666666666665 0.1172 0.2338
3 0.04752 0.2624666666666666 0.03936 0.29713333333333336 0.03304 0.3499333333333334 0.03576 0.39666666666666667 0.041159999999999995 0.43286666666666673 0.05296 0.4494666666666667 0.07284 0.4494666666666667 0.0846 0.43286666666666673 0.0846 0.39213333333333333 0.0846 0.3499333333333334 0.09004000000000001 0.3016666666666667 0.09456 0.2790666666666667 0.09004000000000001 0.2579333333333333 0.06559999999999999 0.24586666666666668 0.0448 0.24733333333333335
3 0.10632 0.4706 0.10632 0.5007333333333334 0.10904000000000001 0.5565333333333333 0.12804 0.6184000000000001 0.14343999999999998 0.6184000000000001 0.15612 0.5897333333333333 0.16788 0.5489999999999999 0.17148 0.5113333333333333 0.1724 0.4826666666666667 0.16424 0.47659999999999997 0.13440000000000002 0.48866666666666664 0.12172 0.48566666666666664
3 0.1742 0.2338 0.15884 0.28506666666666663 0.16063999999999998 0.3424 0.16516 0.41026666666666667 0.1706 0.47659999999999997 0.18056 0.5113333333333333 0.2122 0.5203333333333333 0.24752000000000002 0.5007333333333334 0.27012 0.4902 0.27827999999999997 0.4524666666666667 0.2828 0.38913333333333333 0.2846 0.3499333333333334 0.281 0.32126666666666664 0.26380000000000003 0.28959999999999997 0.23032 0.2579333333333333 0.20952 0.23526666666666665 0.19319999999999998 0.2217333333333333
3 0.3 0.2579333333333333 0.28824 0.2866 0.28192 0.34386666666666665 0.281 0.3725333333333333 0.27736 0.41933333333333334 0.281 0.4902 0.3 0.5188666666666667 0.34252 0.5218666666666667 0.37239999999999995 0.5234000000000001 0.376 0.47659999999999997 0.37512 0.37706666666666666 0.37512 0.3333333333333333 0.37512 0.3016666666666667 0.37148000000000003 0.27599999999999997 0.35884 0.2504 0.32444 0.23526666666666665
3 0.8918400000000001 0.4690666666666667 0.90816 0.4720666666666667 0.94164 0.46606666666666663 0.96876 0.4479333333333333 0.97148 0.35746666666666665 0.97148 0.32426666666666665 0.96876 0.28506666666666663 0.9615199999999999 0.24286666666666668 0.9534 0.20966666666666667 0.94524 0.18853333333333333 0.93712 0.181 0.92264 0.20966666666666667 0.9027200000000001 0.26093333333333335 0.8909600000000001 0.30619999999999997 0.8909600000000001 0.359 0.8909600000000001 0.4208
3 0.79684 0.5143333333333334 0.80496 0.5098 0.82852 0.5143333333333334 0.8466 0.5203333333333333 0.8656 0.5022666666666666 0.88824 0.4479333333333333 0.89728 0.39366666666666666 0.89728 0.33180000000000004 0.8982 0.2790666666666667 0.8900399999999999 0.2504 0.8827999999999999 0.23079999999999998 0.86288 0.22473333333333334 0.83212 0.2534 0.81404 0.30013333333333336 0.8086 0.33786666666666665 0.8068 0.39666666666666667 0.80496 0.4419333333333334
3 0.157 0.5958 0.157 0.6214 0.16424 0.6651333333333334 0.17964 0.6878 0.21312 0.6817333333333334 0.23032 0.6470666666666667 0.24752000000000002 0.6138666666666667 0.25476 0.5520666666666667 0.25112 0.5113333333333333 0.24387999999999999 0.5022666666666666 0.21675999999999998 0.5128 0.20044 0.5188666666666667 0.18236000000000002 0.5082666666666666 0.17512 0.5082666666666666 0.1742 0.5369333333333334 0.16788 0.5701333333333333
3 0.49636 0.6138666666666667 0.50092 0.6576 0.52716 0.6998666666666667 0.55884 0.724 0.57332 0.7224666666666667 0.58688 0.6983333333333334 0.59684 0.6591333333333333 0.6022799999999999 0.6214 0.6031599999999999 0.5731333333333333 0.6022799999999999 0.5414666666666667 0.5878 0.5309333333333334 0.5596 0.5326666666666667 0.55428 0.5128 0.54976 0.48719999999999997 0.54976 0.4706 0.54616 0.4736 0.54164 0.4796666666666667 0.5408 0.5113333333333333 0.54 0.5366666666666666 0.51176 0.543 0.49276 0.546 0.49368 0.5626 0.49456 0.5867333333333333
3 0.71084 0.5354666666666666 0.738 0.5384666666666666 0.76336 0.5309333333333334 0.78236 0.5188666666666667 0.80588 0.48566666666666664 0.8104 0.4208 0.8104 0.3484 0.79864 0.2684666666666667 0.79232 0.25493333333333335 0.7724 0.23079999999999998 0.76152 0.22473333333333334 0.72988 0.24133333333333334 0.71808 0.27 0.70452 0.3046666666666667 0.7018 0.34540000000000004 0.7054400000000001 0.40273333333333333 0.70904 0.45699999999999996 0.70724 0.5098
3 0.56696 0.27453333333333335 0.55792 0.31526666666666664 0.55248 0.3665333333333333 0.55248 0.43286666666666673 0.55248 0.4947333333333333 0.55972 0.5324 0.6122000000000001 0.5384666666666666 0.65384 0.54 0.68644 0.5384666666666666 0.7063200000000001 0.5158666666666666 0.70816 0.4434666666666666 0.7044 0.356 0.70092 0.2790666666666667 0.69096 0.24433333333333332 0.67284 0.21566666666666667 0.643 0.1946 0.6022799999999999 0.19606666666666667 0.58236 0.2368
3 0.82128 0.5897333333333333 0.83756 0.6244666666666667 0.86472 0.6651333333333334 0.8964 0.6832666666666666 0.9128 0.6453333333333333 0.9107999999999999 0.594 0.90452 0.5143333333333334 0.89728 0.48566666666666664 0.8719600000000001 0.4781333333333333 0.85656 0.5022666666666666 0.83212 0.5143333333333334 0.8104 0.5188666666666667 0.8104 0.5294
3 0.25112 0.6048 0.25384 0.6696666666666666 0.25564 0.7058666666666666 0.26472 0.7390666666666666 0.29548 0.7526666666666667 0.32352 0.7390666666666666 0.34164 0.7104 0.35972000000000004 0.6742 0.36968 0.6244666666666667 0.37332 0.5610666666666666 0.37239999999999995 0.5234000000000001 0.34704 0.5188666666666667 0.32352 0.5158666666666666 0.30632 0.5128 0.28644 0.5007333333333334 0.27283999999999997 0.48719999999999997 0.25748000000000004 0.5068 0.25112 0.5294 0.25296 0.5656 0.2484 0.5882666666666666
3 0.3742 0.6259333333333333 0.38324 0.6682 0.4086 0.724 0.43304000000000004 0.7420666666666667 0.46288 0.7360666666666666 0.49004000000000003 0.6878 0.49368 0.6455333333333333 0.49456 0.5972666666666667 0.49095999999999995 0.5671333333333333 0.481 0.546 0.45476 0.5369333333333334 0.424 0.5354666666666666 0.39683999999999997 0.5264 0.37964 0.5158666666666666 0.37148000000000003 0.5128 0.37239999999999995 0.5596 0.37239999999999995 0.6093333333333334
3 0.59772 0.5489999999999999 0.59956 0.5882666666666666 0.60136 0.6440666666666667 0.6103999999999999 0.7104 0.63124 0.733 0.6602 0.7254666666666666 0.68008 0.6832666666666666 0.70092 0.635 0.71084 0.5806666666666667 0.71356 0.546 0.7054400000000001 0.5264 0.68008 0.5384666666666666 0.6457200000000001 0.5354666666666666 0.61676 0.5324
3 0.71268 0.6395333333333334 0.72988 0.6757333333333333 0.7534 0.7149333333333333 0.7778400000000001 0.7495999999999999 0.8068 0.7465999999999999 0.83392 0.6953333333333334 0.8276 0.6229333333333333 0.81312 0.5626 0.80588 0.5264 0.79412 0.5068 0.77148 0.5203333333333333 0.7397999999999999 0.5339333333333334 0.72172 0.5505333333333333 0.71268 0.5686 0.7063200000000001 0.6033333333333334
3 0.4104 0.22773333333333332 0.39772 0.25493333333333335 0.38416 0.29866666666666664 0.37512 0.3665333333333333 0.37148000000000003 0.42233333333333334 0.37239999999999995 0.48113333333333336 0.38056 0.5234000000000001 0.41764 0.5324 0.4656 0.54 0.51084 0.54 0.538 0.5324 0.54164 0.4826666666666667 0.53892 0.41933333333333334 0.538 0.3484 0.5316799999999999 0.2880666666666667 0.50904 0.2368 0.48008 0.20666666666666667 0.4602 0.19906666666666667 0.43032 0.1976