3 0.33913333333333334 0.5498 0.33326666666666666 0.5536 0.33076666666666665 0.5900500000000001 0.3383 0.6214500000000001 0.35506666666666664 0.6592 0.3693 0.6818000000000001 0.3911 0.68935 0.4179 0.6729999999999999 0.42546666666666666 0.6353 0.4263 0.5900500000000001 0.4087 0.56365 0.3994666666666667 0.54855 0.3735 0.5397500000000001 0.35173333333333334 0.5423
3 0.17909999999999998 0.43670000000000003 0.16233333333333333 0.43670000000000003 0.15396666666666667 0.45305 0.1523 0.49955 0.15983333333333336 0.5297 0.16820000000000002 0.56615 0.19419999999999998 0.5976 0.21680000000000002 0.58375 0.23439999999999997 0.5649000000000001 0.24530000000000002 0.53095 0.25366666666666665 0.5121 0.25116666666666665 0.49200000000000005 0.24193333333333333 0.4807 0.2235 0.47314999999999996 0.20676666666666668 0.4656 0.19419999999999998 0.45305
3 0.6860666666666666 0.41534999999999994 0.6776666666666668 0.44045 0.6776666666666668 0.47945 0.7045 0.48445 0.7254333333333333 0.47564999999999996 0.7480666666666667 0.46435000000000004 0.7623 0.44045 0.7681666666666667 0.42414999999999997 0.7715333333333334 0.3839 0.7648333333333333 0.34119999999999995 0.7522666666666666 0.32484999999999997 0.7262666666666666 0.33615 0.7045 0.3701
3 0.6860666666666666 0.49829999999999997 0.6709666666666666 0.51085 0.6701333333333334 0.5498 0.6743333333333333 0.58125 0.6902333333333334 0.6064 0.7095333333333333 0.6202000000000001 0.7329666666666667 0.6064 0.7438666666666667 0.57875 0.7489 0.5410499999999999 0.7505666666666666 0.5096 0.7438666666666667 0.48445 0.7229333333333333 0.4769 0.6926666666666667 0.491
3 0.17909999999999998 0.3525 0.16820000000000002 0.36755000000000004 0.17909999999999998 0.40149999999999997 0.19083333333333333 0.44549999999999995 0.2059 0.47064999999999996 0.24949999999999997 0.4832 0.2754666666666667 0.4656 0.2805 0.4254 0.26876666666666665 0.39270000000000005 0.24193333333333333 0.36255000000000004 0.2034 0.355
3 0.3994666666666667 0.43545 0.38689999999999997 0.45805 0.38439999999999996 0.49829999999999997 0.39276666666666665 0.5448 0.4204333333333333 0.5599000000000001 0.4631666666666666 0.5674 0.49666666666666665 0.56615 0.5184666666666666 0.5498 0.5251666666666667 0.5196500000000001 0.5218333333333334 0.47564999999999996 0.5034000000000001 0.44045 0.47153333333333336 0.4254 0.4305 0.4254
3 0.7572666666666666 0.5297 0.7748666666666667 0.5498 0.7916333333333334 0.5561 0.8134333333333333 0.5473 0.8193 0.51335 0.8176 0.47564999999999996 0.8126 0.44799999999999995 0.8041999999999999 0.4229 0.7941666666666667 0.41534999999999994 0.7732 0.41784999999999994 0.7598 0.43165 0.7514 0.4568 0.7405333333333334 0.4694 0.7422 0.47945 0.7497333333333333 0.5008
3 0.7924666666666667 0.31605 0.7723333333333333 0.35 0.775 0.3815 0.7916666666666666 0.39399999999999996 0.8193 0.39270000000000005 0.8352 0.3839 0.8452666666666667 0.35375 0.8519666666666666 0.311 0.852 0.2555 0.8343666666666667 0.24815 0.8067333333333334 0.2733
3 0.2880333333333333 0.39899999999999997 0.2796666666666667 0.4304 0.2855333333333333 0.4782 0.29810000000000003 0.5159 0.33326666666666666 0.53095 0.3559 0.53225 0.37603333333333333 0.5209 0.38356666666666667 0.49705 0.37433333333333335 0.4606 0.3617666666666667 0.43545 0.3441666666666667 0.41155 0.31233333333333335 0.39520000000000005
3 0.5444333333333333 0.44675 0.5402666666666667 0.47945 0.5402666666666667 0.50585 0.5461333333333334 0.5410499999999999 0.5545 0.5498 0.5947333333333333 0.5460499999999999 0.6215333333333334 0.536 0.6425 0.52345 0.6676333333333333 0.51085 0.676 0.49075 0.6743333333333333 0.45305 0.6684666666666667 0.4229 0.6433333333333333 0.40399999999999997 0.5980666666666666 0.39649999999999996 0.5670666666666667 0.4103
3 0.28886666666666666 0.49579999999999996 0.2779666666666667 0.49200000000000005 0.2603666666666667 0.4857 0.25116666666666665 0.52345 0.2503333333333333 0.5586 0.25116666666666665 0.5888 0.2553666666666667 0.62775 0.27463333333333334 0.6516500000000001 0.31233333333333335 0.64535 0.3282666666666667 0.61645 0.32993333333333336 0.5561 0.32743333333333335 0.52845 0.30733333333333335 0.522 0.29473333333333335 0.50585 0.28886666666666666 0.48825
3 0.433 0.5761999999999999 0.4321666666666667 0.6202000000000001 0.4430666666666666 0.6617000000000001 0.45563333333333333 0.6868500000000001 0.4849666666666667 0.6918500000000001 0.5075666666666667 0.6881 0.5218333333333334 0.67425 0.5327000000000001 0.6566500000000001 0.5368999999999999 0.6177 0.5377333333333333 0.57875 0.5344 0.5473 0.5277000000000001 0.5397500000000001 0.5151 0.5460499999999999 0.4975333333333333 0.56115 0.4824333333333333 0.5674 0.4480666666666666 0.56365