3 0.5032333333333333 0.4902 0.5025666666666667 0.4978 0.5032333333333333 0.51395 0.5038999999999999 0.5302 0.5056 0.5488000000000001 0.5099666666666667 0.5665 0.5173666666666666 0.5807 0.5234333333333333 0.5871999999999999 0.5353333333333333 0.589 0.5446666666666666 0.5795 0.5477 0.56095 0.5503666666666667 0.54175 0.5517333333333334 0.52405 0.5527333333333333 0.5009 0.5514 0.4877 0.5453333333333333 0.48009999999999997 0.5365666666666666 0.47759999999999997 0.5231 0.48064999999999997 0.5126666666666667 0.4877
3 0.6005666666666666 0.5271 0.6029 0.5382 0.6089666666666667 0.5589 0.6241333333333333 0.5716 0.6352333333333333 0.5746 0.6423 0.56345 0.6483666666666666 0.54225 0.6504 0.518 0.6510666666666667 0.49579999999999996 0.6510666666666667 0.4771 0.6460333333333333 0.469 0.6379333333333334 0.46045 0.6248 0.45990000000000003 0.6147 0.46854999999999997 0.6052666666666667 0.48064999999999997 0.6029 0.49375
3 0.6486666666666666 0.5579999999999999 0.6558 0.56095 0.6659 0.5675 0.678 0.5685 0.6827333333333333 0.55285 0.6834 0.5271 0.6824 0.5079 0.6813666666666667 0.49174999999999996 0.6783333333333333 0.47454999999999997 0.6729666666666666 0.46545000000000003 0.6625333333333333 0.46445000000000003 0.6567999999999999 0.46799999999999997 0.6517333333333334 0.47659999999999997 0.6504 0.4902 0.6487 0.511 0.6487 0.52915 0.6463666666666666 0.5468
3 0.4086 0.49634999999999996 0.4022 0.50185 0.4008666666666667 0.5175 0.40290000000000004 0.5387 0.4049 0.5584 0.4069333333333333 0.5791 0.4113 0.6009 0.42543333333333333 0.61295 0.43520000000000003 0.60945 0.4443 0.5968 0.4500333333333333 0.5740999999999999 0.45439999999999997 0.5453 0.45473333333333327 0.52155 0.45206666666666667 0.5069 0.4497 0.49884999999999996 0.4419333333333334 0.49375 0.42916666666666664 0.49174999999999996 0.41636666666666666 0.49174999999999996
3 0.458 0.4905 0.45206666666666667 0.49174999999999996 0.45070000000000005 0.5064500000000001 0.4527333333333333 0.52355 0.45473333333333327 0.5403 0.4598 0.56345 0.4628333333333333 0.5776 0.46620000000000006 0.5908 0.4749666666666667 0.6013499999999999 0.48606666666666665 0.5999 0.49683333333333335 0.59225 0.5029 0.57305 0.5052666666666668 0.5504 0.5059333333333333 0.52155 0.5045999999999999 0.50135 0.5032333333333333 0.49274999999999997 0.49076666666666663 0.4882 0.4773 0.4882 0.46620000000000006 0.4892
3 0.3350666666666667 0.2895 0.32503333333333334 0.3039 0.3207333333333333 0.32115000000000005 0.32166666666666666 0.3442 0.3298 0.35715 0.3408666666666667 0.36005000000000004 0.35233333333333333 0.3515 0.359 0.33549999999999996 0.3596 0.3111 0.35810000000000003 0.29525 0.3485 0.28805
3 0.37626666666666664 0.49579999999999996 0.3655 0.49884999999999996 0.3584333333333333 0.51555 0.35473333333333334 0.53415 0.35373333333333334 0.5559499999999999 0.3544 0.5771000000000001 0.3564 0.60285 0.3618 0.615 0.3699 0.62465 0.38266666666666665 0.617 0.3911 0.6009 0.39953333333333335 0.5786 0.40290000000000004 0.5584 0.40323333333333333 0.5403 0.4022 0.5246 0.4008666666666667 0.51195 0.3968333333333333 0.50335 0.3887333333333334 0.49729999999999996
3 0.49543333333333334 0.25780000000000003 0.4877 0.2722 0.48486666666666667 0.2938 0.4853 0.3147 0.49396666666666667 0.32475000000000004 0.5165666666666666 0.32549999999999996 0.5424333333333333 0.32695 0.5578 0.32475000000000004 0.5660000000000001 0.31255 0.5660000000000001 0.28735 0.5616666666666666 0.26575 0.5520666666666667 0.25420000000000004 0.5271333333333333 0.24844999999999998 0.5054666666666666 0.24775
3 0.5527333333333333 0.5312 0.5544333333333333 0.5413 0.5615 0.56345 0.5709333333333333 0.5740999999999999 0.5830333333333333 0.5771000000000001 0.5941666666666666 0.56505 0.5992 0.5453 0.6019 0.52565 0.6032666666666666 0.5079 0.6039333333333333 0.48875 0.5992 0.47865 0.5863999999999999 0.47204999999999997 0.5722666666666667 0.47555 0.5605 0.48064999999999997 0.5554333333333333 0.4867 0.5534 0.4993
3 0.37353333333333333 0.2686 0.36723333333333336 0.28155 0.361 0.30315000000000003 0.36056666666666665 0.3298 0.37113333333333337 0.3442 0.3869666666666667 0.3442 0.39890000000000003 0.33990000000000004 0.4085 0.3226 0.4080666666666667 0.30245 0.4061666666666666 0.27795000000000003 0.3984666666666667 0.265
3 0.5660000000000001 0.30820000000000003 0.5703333333333334 0.32405 0.5875666666666667 0.32835000000000003 0.6039333333333333 0.32695 0.6178 0.32549999999999996 0.6207333333333334 0.29815 0.6164 0.28300000000000003 0.6019666666666666 0.26925 0.5832333333333334 0.265 0.5683666666666667 0.26575 0.5640333333333334 0.27655 0.5640333333333334 0.2859
3 0.4196 0.2571 0.4114333333333334 0.2859 0.4090333333333333 0.30675 0.4085 0.32475000000000004 0.42196666666666666 0.33485 0.4402 0.33555 0.4598666666666667 0.33340000000000003 0.47906666666666664 0.32835000000000003 0.4824333333333333 0.30535 0.4829666666666666 0.28375 0.4757 0.26715 0.46659999999999996 0.25635 0.4445 0.252