3 0.5069767441860465 0.5752 0.5128239202657808 0.60285 0.5203322259136213 0.6255 0.542890365448505 0.64935 0.5629235880398671 0.6305 0.5738870431893688 0.5903 0.5796345514950166 0.5576 0.5796345514950166 0.5236999999999999 0.5771428571428572 0.51235 0.5662790697674418 0.5085999999999999 0.5562458471760797 0.5035499999999999 0.5520598006644518 0.5136 0.5403654485049834 0.5224 0.5170099667774086 0.5262 0.5095681063122923 0.5375 0.5095681063122923 0.5526
3 0.5604318936877076 0.49605 0.5629235880398671 0.5085999999999999 0.5880730897009967 0.5174 0.6097009966777409 0.5199 0.6281395348837209 0.5111 0.6389368770764119 0.47590000000000005 0.6372425249169436 0.447 0.629734219269103 0.41685 0.619734219269103 0.38670000000000004 0.6122923588039868 0.3741 0.5971760797342193 0.3678 0.5762790697674419 0.3829 0.5596013289036544 0.41685 0.5612624584717608 0.4445 0.5596013289036544 0.4671
3 0.2798006644518272 0.3766 0.2698006644518272 0.40299999999999997 0.26654485049833887 0.46840000000000004 0.2689700996677741 0.491 0.286578073089701 0.5111 0.3123920265780731 0.5111 0.3315946843853821 0.5023 0.33920265780730896 0.47340000000000004 0.33920265780730896 0.43945 0.3324252491694352 0.41305 0.32325581395348835 0.39295 0.310797342192691 0.37534999999999996
3 0.3558139534883721 0.3678 0.34578073089700995 0.39675 0.33920265780730896 0.43695 0.33744186046511626 0.47715 0.34162790697674417 0.50485 0.3592358803986711 0.5224 0.3925581395348837 0.5262 0.4235548172757475 0.5262 0.44358803986710965 0.51235 0.44601328903654486 0.49729999999999996 0.4494352159468439 0.4558 0.44182724252491695 0.43065 0.4326578073089701 0.40175 0.4117607973421927 0.3653 0.38421926910299004 0.36155000000000004
3 0.2146843853820598 0.3565 0.21299003322259136 0.38165 0.20883720930232558 0.41935 0.20714285714285716 0.45455 0.20966777408637874 0.49605 0.21883720930232559 0.51235 0.239734219269103 0.5111 0.25651162790697674 0.48219999999999996 0.2672757475083057 0.45704999999999996 0.2672757475083057 0.42060000000000003 0.25893687707641194 0.39295 0.2464784053156146 0.37284999999999996 0.23136212624584718 0.3628
3 0.3324252491694352 0.49729999999999996 0.32156146179401995 0.50735 0.31156146179401994 0.51615 0.310797342192691 0.56015 0.3123920265780731 0.5878 0.3157142857142857 0.61165 0.33744186046511626 0.6305 0.35830564784053154 0.6129 0.37 0.5815 0.3751162790697674 0.54 0.3751162790697674 0.52495 0.36249169435215944 0.52495 0.3474750830564784 0.51235 0.3382724252491694 0.4885
3 0.5829900332225914 0.584 0.5812956810631229 0.5878 0.5904983388704319 0.623 0.5996677740863787 0.6393 0.6188704318936877 0.64685 0.6330897009966777 0.6317499999999999 0.6397674418604651 0.60285 0.6465448504983389 0.54755 0.6447840531561462 0.5236999999999999 0.642358803986711 0.51235 0.6355813953488372 0.50735 0.619734219269103 0.5174 0.5988372093023255 0.51865 0.5846511627906976 0.52115 0.5829900332225914 0.5325 0.5804651162790697 0.56515
3 0.27069767441860465 0.49729999999999996 0.2648504983388704 0.52495 0.25893687707641194 0.55885 0.2539202657807309 0.5928 0.26561461794019936 0.61165 0.28564784053156145 0.6079 0.3007641196013289 0.5878 0.3057142857142857 0.5614 0.3082059800664452 0.535 0.3098671096345515 0.51235 0.3090365448504983 0.51235 0.2890033222591362 0.5136 0.2789700996677741 0.5023
3 0.21192691029900332 0.51135 0.2002325581395349 0.5365 0.1935548172757475 0.5679 0.19438538205980066 0.5943 0.2144186046511628 0.6031 0.23528239202657805 0.6006 0.2511627906976744 0.5805 0.25534883720930235 0.55785 0.2620265780730897 0.52895 0.2620265780730897 0.51135 0.2611960132890366 0.4963 0.25365448504983384 0.49 0.24282392026578073 0.5013000000000001 0.22777408637873756 0.50885
3 0.4526910299003322 0.5149 0.44435215946843853 0.5224 0.44182724252491695 0.54755 0.4476744186046512 0.5991 0.4543521594684385 0.62425 0.46687707641196013 0.63805 0.47106312292358804 0.6431 0.493687707641196 0.628 0.5011295681063123 0.60285 0.5069767441860465 0.56265 0.5086378737541528 0.53625 0.5069767441860465 0.5224 0.47950166112956816 0.5199 0.459468438538206 0.5174
3 0.642358803986711 0.47340000000000004 0.6506312292358805 0.49729999999999996 0.663156146179402 0.52115 0.6790033222591362 0.52495 0.6940531561461794 0.49605 0.6999003322259136 0.4558 0.7066445182724252 0.4118 0.7057475083056478 0.39675 0.7040863787375415 0.36155000000000004 0.697375415282392 0.3515 0.6766112956810632 0.354 0.653953488372093 0.37534999999999996 0.6372425249169436 0.41435 0.6330897009966777 0.43320000000000003
3 0.3751162790697674 0.5375 0.3741860465116279 0.56265 0.3758471760797342 0.5953 0.3792691029900332 0.6217 0.39006644518272426 0.6343 0.41093023255813954 0.63555 0.4309634551495017 0.6129 0.43598006644518267 0.5878 0.43598006644518267 0.5488000000000001 0.437641196013289 0.52745 0.43850498338870436 0.5136 0.4301328903654485 0.51865 0.40259136212624586 0.52745 0.3792691029900332 0.52745
3 0.6403654485049833 0.583 0.6487043189368771 0.6119 0.6620598006644518 0.63205 0.6862790697674418 0.63455 0.6946179401993355 0.60815 0.6888039867109635 0.5792499999999999 0.6787707641196014 0.5516 0.6687375415282392 0.53775 0.6637209302325582 0.5226500000000001 0.6587375415282392 0.5126 0.6537209302325582 0.5101 0.6503654485049833 0.5252 0.6487043189368771 0.5428000000000001 0.6420265780730897 0.5767
3 0.4618604651162791 0.40175 0.4526910299003322 0.43065 0.4494352159468439 0.4621 0.4494352159468439 0.5023 0.4568770764119602 0.5136 0.4844186046511628 0.5224 0.5079069767441861 0.5224 0.5287043189368771 0.5224 0.5462126245847176 0.5224 0.5596013289036544 0.49225 0.5621926910299003 0.4596 0.5621926910299003 0.42565 0.5529235880398672 0.39549999999999996 0.5445514950166113 0.3766 0.5303654485049834 0.3565 0.5086378737541528 0.3515 0.4819269102990033 0.3565 0.46770764119601327 0.3716