3 0.4205090909090909 0.23562841530054643 0.40949090909090907 0.2574863387978142 0.3990181818181818 0.29327868852459016 0.39436363636363636 0.32382513661202184 0.37927272727272726 0.36655737704918034 0.388 0.40147540983606556 0.4042545454545455 0.4154644808743169 0.46232727272727275 0.4189617486338798 0.48381818181818187 0.42071038251366116 0.5058909090909091 0.4154644808743169 0.5181090909090909 0.39016393442622954 0.5186909090909091 0.35874316939890716 0.5087999999999999 0.326448087431694 0.49952727272727276 0.2959016393442623 0.48963636363636365 0.27316939890710384 0.47221818181818187 0.2426229508196721 0.4571272727272727 0.2260655737704918 0.4390909090909091 0.22169398907103827
3 0.6679636363636363 0.22169398907103827 0.6534545454545454 0.2636065573770492 0.6453090909090909 0.31420765027322406 0.6424 0.3421311475409836 0.6493818181818183 0.3770491803278688 0.6493818181818183 0.3927868852459016 0.6772363636363636 0.403224043715847 0.7097818181818182 0.403224043715847 0.7318545454545454 0.3919125683060109 0.7347636363636364 0.35786885245901634 0.7324363636363636 0.30459016393442623 0.7225454545454545 0.26792349726775955 0.7103636363636363 0.22956284153005463 0.6952727272727273 0.20770491803278687 0.6726181818181818 0.20420765027322402
3 0.1562181818181818 0.20333333333333334 0.14345454545454547 0.23562841530054643 0.1417090909090909 0.2644262295081967 0.1422909090909091 0.31158469945355194 0.14694545454545455 0.38229508196721307 0.15796363636363636 0.403224043715847 0.18527272727272728 0.397103825136612 0.20850909090909092 0.379672131147541 0.22069090909090908 0.3604918032786885 0.21316363636363636 0.3395081967213115 0.20385454545454545 0.32295081967213113 0.19458181818181816 0.29415300546448087 0.19458181818181816 0.2618579234972678 0.19803636363636365 0.23737704918032784 0.19283636363636364 0.2094535519125683 0.1846909090909091 0.19202185792349727 0.17018181818181818 0.18153005464480873
0 0.5077454545454545 0.3426775956284153 0.5048363636363636 0.3508743169398907 0.5019272727272728 0.36781420765027323 0.5019272727272728 0.382568306010929 0.5106545454545455 0.396775956284153 0.5157454545454546 0.38693989071038254 0.516109090909091 0.3705464480874317 0.5135636363636363 0.35032786885245903 0.512109090909091 0.3421311475409836
0 0.17556363636363637 0.6033333333333333 0.17767272727272726 0.6316393442622951 0.17836363636363636 0.6620218579234973 0.1985818181818182 0.6934426229508197 0.22574545454545453 0.6756284153005464 0.24389090909090907 0.6473224043715846 0.25225454545454545 0.6159016393442622 0.25781818181818184 0.592896174863388 0.25225454545454545 0.5593442622950819 0.24945454545454543 0.5362841530054645 0.24945454545454543 0.5143169398907104 0.21738181818181818 0.5279234972677596 0.20625454545454544 0.5520218579234972 0.18254545454545457 0.5824043715846995
3 0.6900363636363636 0.4887978142076503 0.6848 0.5149726775956284 0.6818909090909091 0.536775956284153 0.6789818181818181 0.5620765027322404 0.6766545454545455 0.5952459016393443 0.6766545454545455 0.6310382513661202 0.6859636363636363 0.6493989071038252 0.6929454545454545 0.6851912568306011 0.7115272727272727 0.6991256830601092 0.7277818181818181 0.6912568306010929 0.7440363636363637 0.6624590163934426 0.7556727272727273 0.6214754098360656 0.7620727272727272 0.5716939890710383 0.7655272727272727 0.5411475409836065 0.7603272727272727 0.5123497267759564 0.7301090909090909 0.49573770491803276 0.7022181818181819 0.4870491803278688
3 0.2776363636363636 0.4809289617486339 0.2608 0.49573770491803276 0.25381818181818183 0.519344262295082 0.2514909090909091 0.5376502732240437 0.26138181818181816 0.587431693989071 0.27589090909090913 0.6310382513661202 0.29505454545454546 0.6598360655737705 0.3165454545454545 0.6729508196721312 0.34443636363636365 0.6485245901639345 0.3467636363636364 0.6048633879781421 0.3456 0.5463934426229508 0.33687272727272727 0.5036065573770492 0.32585454545454545 0.4651912568306011 0.31189090909090905 0.4495081967213115 0.28865454545454544 0.46
3 0.33454545454545453 0.20508196721311475 0.3130545454545455 0.2321311475409836 0.2985454545454545 0.28453551912568303 0.2915636363636364 0.3246994535519126 0.28909090909090907 0.3743169398907104 0.3084 0.3770491803278688 0.32872727272727276 0.3866666666666667 0.35603636363636365 0.39103825136612025 0.3734545454545455 0.3884153005464481 0.3816 0.367431693989071 0.3885818181818182 0.34737704918032786 0.3926545454545455 0.320327868852459 0.38276363636363636 0.29153005464480874 0.3757818181818182 0.25224043715846994 0.37116363636363636 0.22344262295081968 0.3630181818181818 0.20508196721311475 0.35254545454545455 0.19814207650273222
3 0.34967272727272725 0.4879234972677596 0.35603636363636365 0.5350273224043716 0.35836363636363633 0.5646994535519125 0.35836363636363633 0.6118579234972678 0.36534545454545453 0.6520218579234972 0.37229090909090906 0.670327868852459 0.3891636363636363 0.6851912568306011 0.406 0.6886885245901639 0.41818181818181815 0.6589617486338798 0.4333090909090909 0.6118579234972678 0.43734545454545454 0.5699453551912568 0.4390909090909091 0.5341530054644809 0.43505454545454547 0.5140983606557377 0.4118181818181818 0.49661202185792347 0.37694545454545453 0.4809289617486339 0.3589454545454545 0.4765573770491803
3 0.7463636363636363 0.17628415300546446 0.7365090909090909 0.2068306010928962 0.7312727272727273 0.25136612021857924 0.7289454545454546 0.2950273224043716 0.7330181818181819 0.326448087431694 0.7306909090909091 0.36568306010928964 0.7405818181818181 0.38491803278688524 0.7852727272727272 0.37879781420765024 0.8096727272727272 0.35786885245901634 0.8178181818181819 0.32382513661202184 0.8178181818181819 0.26792349726775955 0.8108363636363636 0.24349726775956285 0.7957454545454546 0.2181967213114754 0.7870181818181818 0.19027322404371586 0.7812363636363636 0.15797814207650274 0.7585818181818182 0.1483606557377049
3 0.17592727272727274 0.6031693989071037 0.17800000000000002 0.6314754098360655 0.1786909090909091 0.6618579234972678 0.19890909090909092 0.6932786885245902 0.2261090909090909 0.675464480874317 0.2442181818181818 0.6471584699453552 0.2525818181818182 0.6157377049180328 0.2581454545454545 0.5927322404371584 0.2525818181818182 0.5591803278688524 0.24978181818181816 0.5361748633879782 0.24978181818181816 0.5141530054644808 0.21774545454545455 0.52775956284153 0.2065818181818182 0.5518579234972677 0.18287272727272727 0.58224043715847
3 0.8445454545454546 0.14398907103825137 0.8369818181818182 0.15622950819672132 0.8265454545454546 0.20508196721311475 0.8189818181818181 0.25311475409836065 0.8160727272727272 0.3019672131147541 0.8166545454545455 0.34387978142076503 0.8137454545454545 0.35262295081967215 0.8369818181818182 0.36830601092896176 0.8631272727272727 0.36918032786885246 0.8869454545454545 0.35262295081967215 0.8910181818181818 0.31158469945355194 0.8793818181818183 0.2566120218579235 0.8701090909090909 0.20770491803278687 0.8642909090909091 0.1701639344262295
3 0.6017454545454545 0.49836065573770494 0.6 0.530655737704918 0.6005818181818182 0.5821857923497268 0.6093090909090909 0.6153551912568306 0.6150909090909091 0.6485245901639345 0.6255636363636363 0.679071038251366 0.6424 0.6895081967213115 0.6627272727272727 0.670327868852459 0.6743636363636363 0.6275409836065574 0.6766545454545455 0.5760655737704918 0.6789818181818181 0.536775956284153 0.6842181818181818 0.5106010928961748 0.6824727272727273 0.4879234972677596 0.6673818181818182 0.483551912568306 0.6476363636363636 0.4879234972677596 0.6273090909090909 0.4948633879781421
3 0.5471272727272728 0.2636065573770492 0.5349454545454546 0.2889071038251366 0.5250545454545454 0.32295081967213113 0.5181090909090909 0.3552459016393443 0.5181090909090909 0.38579234972677595 0.5204363636363637 0.4102185792349726 0.5366909090909091 0.42683060109289617 0.5512 0.4302732240437158 0.578509090909091 0.42333333333333334 0.6174181818181818 0.41721311475409834 0.636 0.3997267759562842 0.6482181818181818 0.38579234972677595 0.6453090909090909 0.34737704918032786 0.6302181818181818 0.3150819672131147 0.618 0.2889071038251366 0.6069818181818182 0.2653005464480874 0.5965090909090909 0.23562841530054643 0.5843272727272727 0.22169398907103827 0.5709454545454545 0.2173224043715847 0.5564363636363637 0.22956284153005463
3 0.5268 0.5158469945355192 0.5186909090909091 0.5262841530054645 0.5244727272727272 0.5612021857923497 0.5308727272727273 0.6066120218579235 0.5465454545454546 0.646775956284153 0.5628363636363637 0.6624590163934426 0.5860727272727272 0.6633333333333333 0.6005818181818182 0.6240437158469946 0.6005818181818182 0.5891803278688524 0.5994181818181818 0.5411475409836065 0.5953454545454545 0.521967213114754 0.5860727272727272 0.49923497267759565 0.5726909090909091 0.4887978142076503 0.5488727272727273 0.5018579234972678 0.5320363636363636 0.5079781420765027
0 0.2559636363636364 0.2630054644808743 0.2428727272727273 0.26245901639344266 0.2316 0.26737704918032784 0.21378181818181818 0.26737704918032784 0.21014545454545455 0.270655737704918 0.2196 0.27775956284153 0.22396363636363636 0.27830601092896173 0.2326909090909091 0.2728415300546448 0.2414181818181818 0.2712021857923497 0.24832727272727276 0.2722950819672131 0.25414545454545456 0.2722950819672131 0.25560000000000005 0.2701092896174863
3 0.23 0.1396174863387978 0.21374545454545454 0.1771584699453552 0.19920000000000002 0.22431693989071036 0.19167272727272727 0.26704918032786884 0.1969090909090909 0.3159562841530055 0.20792727272727274 0.3412568306010929 0.23814545454545452 0.36480874316939893 0.26425454545454546 0.3761748633879782 0.2828727272727273 0.36830601092896176 0.2933090909090909 0.34387978142076503 0.2944727272727273 0.30721311475409835 0.2944727272727273 0.2636065573770492 0.2898181818181818 0.2024590163934426 0.28690909090909095 0.16497267759562842 0.2874909090909091 0.1326775956284153 0.27821818181818186 0.10295081967213114 0.25847272727272724 0.0933879781420765 0.24392727272727271 0.11169398907103825
3 0.44432727272727274 0.5202185792349727 0.442 0.5568852459016393 0.44665454545454547 0.6232240437158469 0.4577090909090909 0.6537704918032787 0.4669818181818181 0.676448087431694 0.4797818181818182 0.682568306010929 0.4960363636363636 0.6659562841530055 0.5087999999999999 0.6240437158469946 0.5210181818181818 0.5655737704918032 0.5221818181818182 0.5324043715846994 0.5140363636363637 0.5088524590163934 0.4849818181818182 0.5088524590163934 0.4548 0.5140983606557377