3 0.855072463768116 0.6109289617486339 0.8609782608695652 0.6078688524590163 0.879963768115942 0.5882513661202186 0.8669927536231884 0.5505464480874317 0.849963768115942 0.526448087431694 0.8369927536231884 0.5053005464480874 0.8319927536231884 0.5324590163934426 0.8399637681159421 0.6033333333333333 0.8479710144927536 0.6154098360655738
3 0.5517753623188405 0.3072677595628415 0.5477536231884058 0.366120218579235 0.543768115942029 0.4279234972677596 0.5447463768115942 0.4852459016393442 0.5527536231884058 0.529016393442623 0.5937681159420289 0.542568306010929 0.6477536231884058 0.5350273224043716 0.6757608695652173 0.4973224043715847 0.6707608695652174 0.4128415300546448 0.6507608695652174 0.3314207650273224 0.618768115942029 0.28464480874316944 0.5897463768115943 0.27409836065573767 0.5666666666666667 0.28306010928961745
3 0.8644565217391305 0.48852459016393446 0.8627898550724638 0.5149180327868853 0.8627898550724638 0.5387978142076503 0.8719565217391304 0.5626775956284152 0.8961231884057972 0.5727322404371585 0.9061231884057971 0.5475956284153005 0.9027898550724637 0.5174316939890711 0.893623188405797 0.4973224043715847 0.8761231884057971 0.4872677595628415
3 0.29594202898550726 0.26245901639344266 0.28293478260869565 0.3016939890710383 0.26894927536231883 0.372568306010929 0.2659420289855073 0.4193442622950819 0.2649275362318841 0.45704918032786884 0.27894927536231884 0.49628415300546447 0.29594202898550726 0.5158469945355192 0.33695652173913043 0.4826775956284153 0.36492753623188406 0.4404371584699453 0.37894927536231887 0.4178142076502732 0.3779347826086957 0.36956284153005464 0.3739492753623188 0.31524590163934424 0.3719565217391304 0.2730601092896175 0.35492753623188406 0.2368306010928962 0.33492753623188404 0.22775956284153007 0.3069565217391304 0.24136612021857926
3 0.8644565217391305 0.47595628415300545 0.8811231884057971 0.48349726775956287 0.8911231884057971 0.4596174863387978 0.8927898550724638 0.4181420765027322 0.8894565217391305 0.3791803278688525 0.8819565217391304 0.34775956284153003 0.8711231884057972 0.3553005464480874 0.8702898550724637 0.3766666666666667 0.8711231884057972 0.4168852459016394 0.8677898550724638 0.4432786885245902
3 0.42496376811594205 0.6199453551912568 0.4339492753623188 0.6410382513661202 0.454963768115942 0.660655737704918 0.48297101449275365 0.6531147540983606 0.49496376811594206 0.6229508196721312 0.484963768115942 0.5761748633879781 0.47894927536231885 0.5384699453551913 0.4719565217391304 0.5203825136612023 0.4509420289855072 0.5279234972677596 0.41894927536231885 0.5294535519125683 0.41894927536231885 0.5279234972677596 0.41894927536231885 0.5445355191256831 0.4219565217391304 0.5807103825136611 0.42394927536231886 0.6108743169398907
3 0.8339855072463769 0.49021857923497264 0.8519927536231884 0.5022950819672132 0.859963768115942 0.49021857923497264 0.8659782608695652 0.4495081967213115 0.8689855072463768 0.36956284153005464 0.8669927536231884 0.33939890710382514 0.8709782608695652 0.31076502732240435 0.8559782608695652 0.31524590163934424 0.8319927536231884 0.33639344262295084 0.8309782608695652 0.3574863387978142 0.8309782608695652 0.38617486338797813 0.8329710144927537 0.45404371584699454 0.834963768115942 0.479672131147541
3 0.13355072463768117 0.43071038251366117 0.12438405797101448 0.4545901639344262 0.11438405797101449 0.48601092896174863 0.11521739130434783 0.5161748633879781 0.12771739130434784 0.5186885245901639 0.14605072463768118 0.5048633879781421 0.1618840579710145 0.4797267759562842 0.1627173913043478 0.4495628415300546 0.1693840579710145 0.433224043715847 0.15855072463768116 0.4131147540983606 0.1393840579710145 0.42065573770491804
3 0.6319565217391304 0.5520765027322404 0.6379710144927536 0.6184153005464481 0.6439492753623188 0.6485792349726776 0.6629710144927536 0.6938251366120218 0.6829710144927537 0.720983606557377 0.7209782608695653 0.7285245901639343 0.7269565217391304 0.6923497267759563 0.729963768115942 0.6350273224043715 0.7309782608695652 0.5837158469945355 0.724963768115942 0.5445355191256831 0.7189855072463768 0.5068306010928961 0.7059782608695652 0.4917486338797814 0.6929710144927536 0.4645901639344262 0.6809782608695651 0.45704918032786884 0.679963768115942 0.45551912568306013 0.674963768115942 0.5007650273224044 0.6589492753623188 0.5233879781420765
3 0.14271739130434782 0.3955191256830601 0.14855072463768115 0.4118579234972678 0.1627173913043478 0.42442622950819675 0.17355072463768115 0.41939890710382516 0.16605072463768114 0.3791803278688525 0.16855072463768117 0.34273224043715844 0.17271739130434782 0.3087978142076503 0.17605072463768118 0.28240437158469944 0.16771739130434782 0.2710928961748634 0.1468840579710145 0.28743169398907104 0.14355072463768115 0.3201092896174863 0.14105072463768115 0.3590710382513661
3 0.35094202898550725 0.5566120218579235 0.35398550724637684 0.5759562841530055 0.3710144927536232 0.6153005464480874 0.3909420289855073 0.647103825136612 0.40293478260869564 0.6410382513661202 0.419963768115942 0.6154098360655738 0.41304347826086957 0.5262295081967213 0.39311594202898553 0.5191256830601093 0.37894927536231887 0.5038251366120219 0.369927536231884 0.4706010928961749 0.35793478260869566 0.45551912568306013 0.34695652173913044 0.4826775956284153 0.34894927536231884 0.5098360655737705
3 0.49894927536231887 0.6320218579234973 0.4969565217391304 0.6334972677595628 0.5059420289855072 0.6485792349726776 0.524963768115942 0.6501092896174864 0.534963768115942 0.629016393442623 0.5389492753623188 0.586775956284153 0.5439492753623189 0.5384699453551913 0.5459420289855073 0.49021857923497264 0.5469565217391305 0.45404371584699454 0.5469565217391305 0.42535519125683063 0.5329710144927536 0.41327868852459015 0.49094202898550726 0.41027322404371586 0.4979710144927536 0.42081967213114757 0.4989130434782608 0.46612021857923497 0.49384057971014494 0.49453551912568305 0.4889492753623188 0.5143715846994535 0.4769565217391304 0.5203825136612023 0.4719565217391304 0.5339890710382513 0.4847826086956522 0.5579234972677596 0.49094202898550726 0.594535519125683 0.49094202898550726 0.629016393442623
3 0.8149637681159421 0.6169398907103826 0.8229710144927536 0.6274863387978142 0.8339855072463769 0.6410382513661202 0.8419927536231884 0.6108743169398907 0.8399637681159421 0.5716939890710383 0.8389855072463768 0.5233879781420765 0.8229710144927536 0.5189071038251366 0.8079710144927537 0.5309289617486339 0.8039855072463769 0.5490710382513662 0.8089855072463769 0.58224043715847
3 0.769963768115942 0.48420765027322404 0.7739855072463768 0.5022950819672132 0.7879710144927536 0.5143715846994535 0.8099637681159421 0.5309289617486339 0.8289855072463769 0.5189071038251366 0.8359782608695652 0.46306010928961744 0.8319927536231884 0.4012568306010929 0.8309782608695652 0.34994535519125686 0.8289855072463769 0.31224043715846994 0.8109782608695653 0.3077049180327869 0.7939855072463767 0.3348633879781421 0.784963768115942 0.3574863387978142 0.7889855072463767 0.38617486338797813 0.7909782608695652 0.4178142076502732 0.7909782608695652 0.45404371584699454 0.779963768115942 0.46612021857923497
3 0.21992753623188407 0.22628415300546445 0.21293478260869567 0.26699453551912566 0.20492753623188406 0.3046994535519126 0.20293478260869566 0.3318579234972677 0.20293478260869566 0.42081967213114757 0.20894927536231886 0.4449726775956285 0.21692028985507245 0.46005464480874314 0.24094202898550723 0.44196721311475407 0.2549275362318841 0.4178142076502732 0.2659420289855073 0.3891803278688524 0.27094202898550723 0.3514754098360655 0.27793478260869564 0.3077049180327869 0.27894927536231884 0.2775409836065574 0.2669565217391305 0.2489071038251366 0.2519202898550725 0.2322950819672131 0.23894927536231886 0.22021857923497265
3 0.18492753623188404 0.26245901639344266 0.17492753623188406 0.303224043715847 0.16894927536231885 0.3544808743169399 0.16894927536231885 0.3876502732240437 0.17293478260869563 0.4193442622950819 0.17894927536231883 0.4449726775956285 0.19394927536231885 0.44196721311475407 0.19894927536231882 0.42234972677595634 0.19992753623188406 0.37409836065573765 0.20692028985507246 0.32131147540983607 0.20894927536231886 0.28060109289617485 0.21394927536231884 0.2579234972677596 0.19894927536231882 0.24737704918032788 0.18992753623188408 0.24136612021857926
3 0.10355072463768115 0.2710928961748634 0.09605072463768116 0.3087978142076503 0.09271739130434782 0.34650273224043715 0.10271739130434783 0.38923497267759566 0.11355072463768116 0.40557377049180326 0.1343840579710145 0.4080874316939891 0.14521739130434783 0.3615846994535519 0.14521739130434783 0.3100546448087432 0.14188405797101447 0.27737704918032785 0.12271739130434782 0.2597814207650273
3 0.5569565217391305 0.5399999999999999 0.5510869565217391 0.5759562841530055 0.5539492753623187 0.6214754098360656 0.5509420289855073 0.6531147540983606 0.554963768115942 0.6772677595628415 0.5669565217391304 0.6878142076502732 0.5829710144927537 0.6787431693989071 0.604963768115942 0.642568306010929 0.6169565217391304 0.5988524590163935 0.6209782608695652 0.5746994535519125 0.6229710144927536 0.5566120218579235 0.6229710144927536 0.5445355191256831 0.5989492753623189 0.5445355191256831 0.5789492753623188 0.5384699453551913 0.5659420289855072 0.5339890710382513
3 0.8911231884057971 0.46715846994535515 0.9036231884057971 0.47218579234972674 0.9294565217391303 0.46213114754098356 0.9352898550724638 0.42065573770491804 0.9352898550724638 0.3716393442622951 0.9327898550724637 0.33644808743169397 0.9161231884057971 0.32387978142076507 0.8894565217391305 0.3276502732240437 0.8852898550724638 0.34524590163934427 0.8894565217391305 0.3791803278688525 0.8911231884057971 0.41437158469945357 0.8919565217391304 0.4420218579234973
3 0.17293478260869563 0.5550819672131148 0.17293478260869563 0.5807103825136611 0.17992753623188404 0.6018579234972677 0.19094202898550725 0.6124043715846994 0.20992753623188404 0.5807103825136611 0.21293478260869567 0.5384699453551913 0.21793478260869564 0.49775956284153006 0.22992753623188406 0.46005464480874314 0.23692028985507246 0.44196721311475407 0.21793478260869564 0.4495081967213115 0.20394927536231883 0.43595628415300547 0.20394927536231883 0.4298907103825137 0.18992753623188408 0.46306010928961744 0.17793478260869566 0.49628415300546447 0.17793478260869566 0.5203825136612023
3 0.40394927536231884 0.2881420765027322 0.39793478260869564 0.316775956284153 0.3869565217391304 0.372568306010929 0.374963768115942 0.43896174863387977 0.37293478260869567 0.4887431693989071 0.3879347826086956 0.5173770491803279 0.4409420289855073 0.5249180327868853 0.49394927536231886 0.5113661202185792 0.4959420289855072 0.4721311475409836 0.49996376811594206 0.3620218579234973 0.49996376811594206 0.31830601092896177 0.48797101449275365 0.29114754098360657 0.4649637681159421 0.26999999999999996 0.4319565217391304 0.26551912568306013
3 0.20894927536231886 0.5852459016393442 0.20692028985507246 0.6169398907103826 0.20793478260869566 0.6410382513661202 0.22293478260869565 0.6591803278688524 0.24594202898550724 0.647103825136612 0.2569202898550724 0.6063934426229508 0.2649275362318841 0.5671584699453552 0.2609420289855072 0.5189071038251366 0.2629347826086956 0.4721311475409836 0.2619565217391304 0.4404371584699453 0.2519202898550725 0.43595628415300547 0.23492753623188406 0.4525136612021858 0.22394927536231884 0.4826775956284153 0.21692028985507245 0.5158469945355192 0.21094202898550724 0.5566120218579235
3 0.2569565217391304 0.6033333333333333 0.259927536231884 0.6244808743169399 0.27492753623188404 0.6772677595628415 0.29492753623188406 0.6983606557377049 0.31695652173913047 0.6772677595628415 0.3309420289855073 0.6455737704918033 0.3429347826086957 0.5988524590163935 0.35195652173913045 0.5505464480874317 0.35094202898550725 0.5158469945355192 0.34594202898550724 0.4751366120218579 0.3159420289855073 0.49322404371584705 0.30293478260869566 0.5083060109289618 0.28492753623188405 0.5053005464480874 0.27793478260869564 0.48420765027322404 0.2669565217391305 0.4706010928961749 0.2629347826086956 0.5022950819672132 0.2609420289855072 0.5399999999999999 0.2569202898550724 0.5807103825136611
3 0.7068840579710145 0.22950819672131148 0.6879710144927536 0.2715300546448087 0.6759782608695651 0.31524590163934424 0.6739492753623189 0.3604918032786885 0.6739492753623189 0.4284153005464481 0.6889492753623189 0.4706010928961749 0.7059782608695652 0.4992896174863388 0.7439855072463768 0.5083060109289618 0.7679710144927536 0.4751366120218579 0.7919565217391304 0.45551912568306013 0.7919565217391304 0.4027322404371585 0.7719565217391304 0.33639344262295084 0.7609782608695652 0.29114754098360657 0.7469565217391304 0.256448087431694 0.7329710144927537 0.2306010928961749
3 0.7339855072463769 0.6320218579234973 0.7579710144927536 0.6681967213114755 0.774963768115942 0.6893442622950819 0.7989855072463768 0.6772677595628415 0.8119565217391305 0.6063934426229508 0.8089855072463769 0.5626229508196721 0.799963768115942 0.5324590163934426 0.7789855072463768 0.5098360655737705 0.7609782608695652 0.49628415300546447 0.734963768115942 0.5083060109289618 0.7289855072463768 0.5294535519125683 0.7289855072463768 0.5550819672131148 0.7369565217391305 0.6108743169398907
3 0.15905797101449276 0.4704918032786885 0.15793478260869567 0.4781420765027322 0.14992753623188407 0.5158469945355192 0.14692028985507247 0.5520765027322404 0.15293478260869567 0.5686338797814208 0.17192028985507246 0.558087431693989 0.17594202898550726 0.5233879781420765 0.17894927536231883 0.48721311475409834 0.18894927536231884 0.45404371584699454 0.19492753623188405 0.4404371584699453 0.17192028985507246 0.44650273224043713