3 0.043043478260869565 0.5450819672131147 0.01471014492753623 0.5727322404371585 0.003043478260869565 0.6142076502732241 0 0.6372677595628415 0 0.7026229508196722 0.013876811594202898 0.7248087431693988 0.04804347826086956 0.7285792349726776 0.0763768115942029 0.71224043715847 0.08637681159420289 0.6808196721311476 0.08637681159420289 0.6066666666666667 0.09721014492753623 0.5677049180327869 0.07971014492753623 0.5573770491803278 0.06554347826086956 0.5438251366120218 0.05652173913043478 0.5327868852459017
3 0.8897826086956522 0.4910382513661202 0.8731159420289855 0.493551912568306 0.8864492753623189 0.5287431693989071 0.8964492753623188 0.5739890710382514 0.9064492753623189 0.6116939890710382 0.9297826086956522 0.650655737704918 0.9597826086956521 0.6720218579234973 0.9797826086956523 0.6858469945355191 1 0.6762841530054645 1 0.5756284153005464 0.9831159420289854 0.5438251366120218 0.9731159420289854 0.5036065573770492 0.9631159420289854 0.47218579234972674 0.9364492753623188 0.47595628415300545 0.9147826086956521 0.4784699453551913
3 0.10293478260869565 0.31076502732240435 0.09192028985507247 0.359016393442623 0.09692028985507246 0.41180327868852457 0.10492753623188406 0.4736612021857924 0.12293478260869566 0.5339890710382513 0.14891304347826087 0.5837158469945355 0.17594202898550726 0.595792349726776 0.20094202898550725 0.586775956284153 0.21692028985507245 0.5656284153005465 0.21492753623188407 0.5505464480874317 0.18992753623188408 0.5143715846994535 0.18293478260869567 0.4645901639344262 0.18293478260869567 0.4178142076502732 0.18692028985507247 0.3876502732240437 0.15793478260869567 0.3439344262295082 0.12793478260869567 0.32278688524590166
3 0.044239130434782614 0.38721311475409836 0.04840579710144927 0.42366120218579234 0.05257246376811594 0.48147540983606557 0.06173913043478261 0.5292349726775956 0.08590579710144927 0.5631693989071038 0.10673913043478261 0.5707103825136612 0.12340579710144928 0.5531147540983606 0.12007246376811595 0.5166666666666666 0.10757246376811595 0.4714207650273224 0.10007246376811595 0.42743169398907105 0.0892391304347826 0.4010382513661202 0.05673913043478261 0.3721311475409836
3 0.28641304347826085 0.6569398907103825 0.29891304347826086 0.71224043715847 0.30307971014492757 0.736120218579235 0.3247463768115942 0.7499453551912569 0.34641304347826085 0.7323497267759563 0.3622463768115942 0.700928961748634 0.36974637681159417 0.6619672131147541 0.36891304347826087 0.6318032786885246 0.36141304347826086 0.6129508196721312 0.3547463768115942 0.6054098360655739 0.33307971014492754 0.5953551912568306 0.3155797101449275 0.5790163934426229 0.30391304347826087 0.566448087431694 0.2922463768115942 0.5639344262295082 0.2847463768115942 0.5790163934426229 0.27391304347826084 0.5865573770491803 0.28641304347826085 0.6292896174863388
3 0.9496376811594204 0.37540983606557377 0.9373188405797102 0.45191256830601095 0.9630434782608696 0.4721311475409836 0.9949275362318841 0.44972677595628413 1 0.22295081967213112 0.9914492753623187 0.21956284153005465 0.961449275362319 0.24469945355191258 0.9522826086956521 0.2748633879781421
3 0.48224637681159416 0.6179781420765027 0.48974637681159416 0.651912568306011 0.49391304347826087 0.6971584699453551 0.4989130434782608 0.7273224043715847 0.5222463768115941 0.7600000000000001 0.5455797101449276 0.7650273224043715 0.5639130434782608 0.734863387978142 0.5764130434782608 0.6908743169398908 0.5822463768115942 0.6431147540983606 0.5855797101449276 0.6066666666666667 0.5530797101449275 0.6104371584699453 0.5230797101449276 0.5928415300546448 0.5030797101449275 0.5714754098360656 0.49391304347826087 0.5513661202185792 0.48391304347826086 0.5375409836065574 0.4805797101449275 0.5815300546448088 0.4797463768115942 0.6192349726775956
3 0.0963768115942029 0.5765027322404371 0.08804347826086957 0.6230054644808743 0.08637681159420289 0.6569398907103825 0.08554347826086957 0.7034426229508196 0.0913768115942029 0.7222950819672131 0.1097463768115942 0.7424043715846995 0.13974637681159421 0.7424043715846995 0.1722463768115942 0.7273224043715847 0.18807971014492753 0.7084699453551913 0.1922463768115942 0.6544262295081967 0.19307971014492753 0.6154644808743169 0.18641304347826088 0.5978688524590163 0.15224637681159423 0.5865573770491803 0.13307971014492753 0.5626775956284152 0.12391304347826088 0.542568306010929 0.11307971014492754 0.5651912568306011 0.10304347826086957 0.5702185792349727
3 0.7056159420289855 0.5387978142076503 0.7006159420289855 0.5639344262295082 0.7022826086956522 0.6129508196721312 0.7064492753623188 0.6456284153005465 0.7181159420289854 0.6783060109289617 0.7464492753623189 0.7298360655737705 0.773949275362319 0.7449180327868852 0.7931159420289855 0.7499453551912569 0.8072826086956522 0.7298360655737705 0.8089492753623189 0.687103825136612 0.8089492753623189 0.6230054644808743 0.8047826086956522 0.5790163934426229 0.7964492753623188 0.5475956284153005 0.7822826086956521 0.5262295081967213 0.7564492753623189 0.5287431693989071 0.7314492753623189 0.5325136612021858 0.7006159420289855 0.5325136612021858
3 0.35594202898550725 0.26398907103825137 0.33293478260869563 0.2926229508196721 0.3149275362318841 0.34846994535519127 0.29894927536231886 0.3967213114754098 0.29394927536231885 0.4751366120218579 0.29492753623188406 0.5430054644808744 0.3119565217391304 0.5777049180327869 0.34394927536231884 0.600327868852459 0.394963768115942 0.6048633879781421 0.4439492753623188 0.6078688524590163 0.47996376811594205 0.58224043715847 0.4839492753623188 0.5203825136612023 0.48594202898550726 0.45103825136612025 0.48297101449275365 0.3846448087431694 0.4709420289855072 0.33639344262295084 0.4519565217391304 0.3001639344262295 0.419963768115942 0.26245901639344266 0.3929347826086957 0.25191256830601094
3 0.8514492753623188 0.47595628415300545 0.8689492753623189 0.4822404371584699 0.8897826086956522 0.48852459016393446 0.9089492753623188 0.48852459016393446 0.9264492753623188 0.4608743169398907 0.9397826086956521 0.4231693989071038 0.9497826086956521 0.36786885245901635 0.9531159420289855 0.3251366120218579 0.9539492753623189 0.28114754098360656 0.9331159420289856 0.2660655737704918 0.9072463768115943 0.29125683060109286 0.8839492753623188 0.3138251366120219 0.8747826086956522 0.34650273224043715 0.8664492753623187 0.3829508196721311 0.8564492753623189 0.43071038251366117
3 0.7964492753623188 0.5362841530054645 0.8056159420289855 0.5853005464480874 0.8106159420289855 0.6255191256830601 0.8247826086956521 0.663224043715847 0.8422826086956522 0.6896174863387978 0.8639492753623188 0.7160109289617487 0.8764492753623189 0.736120218579235 0.8956159420289855 0.723551912568306 0.9006159420289854 0.6795628415300546 0.9031159420289855 0.6280327868852459 0.8931159420289855 0.5438251366120218 0.8847826086956522 0.5124043715846994 0.8697826086956522 0.48601092896174863 0.8564492753623189 0.47721311475409833 0.8431159420289854 0.5036065573770492 0.8306159420289855 0.5098907103825137 0.8056159420289855 0.5199453551912568 0.7939492753623189 0.5249726775956284
3 0.1997463768115942 0.6167213114754099 0.19641304347826088 0.6720218579234973 0.1997463768115942 0.7197814207650273 0.21474637681159423 0.7625136612021858 0.22807971014492753 0.7713114754098361 0.2564130434782609 0.7574863387978142 0.27391304347826084 0.7185245901639344 0.2822463768115942 0.6770491803278689 0.2855797101449275 0.6217486338797814 0.28141304347826085 0.5890710382513661 0.2722463768115942 0.5777595628415301 0.23974637681159422 0.5689617486338798 0.22057971014492755 0.5626775956284152 0.21307971014492755 0.5689617486338798 0.20307971014492754 0.590327868852459 0.19724637681159418 0.5991256830601093
3 0.3680797101449276 0.6242622950819672 0.39891304347826084 0.7373770491803279 0.41307971014492756 0.7549726775956284 0.4405797101449275 0.761256830601093 0.46641304347826085 0.7273224043715847 0.4772463768115942 0.6695081967213115 0.4797463768115942 0.6267759562841531 0.48307971014492757 0.5752459016393442 0.4739130434782609 0.591584699453552 0.4389130434782609 0.6054098360655739 0.40641304347826085 0.6066666666666667 0.3730797101449275 0.6003825136612022 0.3630797101449275 0.5978688524590163
3 0.8064492753623189 0.5149180327868853 0.8214492753623188 0.5136612021857924 0.8439492753623189 0.4960655737704918 0.8539492753623188 0.4420218579234973 0.8664492753623187 0.3879781420765027 0.8764492753623189 0.33519125683060114 0.8831159420289856 0.2748633879781421 0.8772826086956521 0.2359016393442623 0.8547826086956521 0.21704918032786885 0.8231159420289855 0.23087431693989072 0.7939492753623189 0.2698360655737705 0.7822826086956521 0.31131147540983606 0.7897826086956521 0.33644808743169397 0.7997826086956522 0.37792349726775953 0.8014492753623188 0.4483060109289618 0.7989492753623189 0.4822404371584699 0.7947826086956522 0.5048633879781421 0.7939492753623189 0.5199453551912568
3 0.21992753623188407 0.3077049180327869 0.20492753623188406 0.3273224043715847 0.18894927536231884 0.3755737704918033 0.18192028985507247 0.43896174863387977 0.18293478260869567 0.5007650273224044 0.20094202898550725 0.5445355191256831 0.24394927536231883 0.5686338797814208 0.28594202898550725 0.5777049180327869 0.30195652173913046 0.5520765027322404 0.29594202898550726 0.5113661202185792 0.29293478260869565 0.46005464480874314 0.29594202898550726 0.40726775956284156 0.29394927536231885 0.3604918032786885 0.27695652173913043 0.32885245901639343 0.2519202898550725 0.30923497267759564
3 0.5930797101449276 0.6091803278688525 0.5980797101449276 0.6556830601092896 0.6030797101449274 0.6996721311475409 0.6122463768115942 0.723551912568306 0.6289130434782609 0.7449180327868852 0.6472463768115941 0.7537158469945355 0.6722826086956523 0.7549726775956284 0.6889492753623189 0.7185245901639344 0.6997826086956521 0.6619672131147541 0.7031159420289855 0.6091803278688525 0.7031159420289855 0.5689617486338798 0.7031159420289855 0.541311475409836 0.6897826086956521 0.5287431693989071 0.6631159420289855 0.5136612021857924 0.6606159420289855 0.5325136612021858 0.6530797101449275 0.5677049180327869 0.6397463768115942 0.591584699453552 0.6189130434782608 0.5966120218579235 0.5980797101449276 0.601639344262295
3 0.5219565217391304 0.31224043715846994 0.5159420289855072 0.33639344262295084 0.4969565217391304 0.38010928961748636 0.48797101449275365 0.42688524590163934 0.48797101449275365 0.48721311475409834 0.489963768115942 0.5339890710382513 0.5019565217391304 0.5716939890710383 0.5479710144927536 0.6018579234972677 0.599963768115942 0.6018579234972677 0.639963768115942 0.600327868852459 0.6569565217391304 0.5596174863387978 0.6619565217391304 0.5354644808743169 0.6679710144927536 0.41027322404371586 0.6679710144927536 0.359016393442623 0.6639492753623188 0.31978142076502736 0.639963768115942 0.27606557377049185 0.609963768115942 0.24437158469945355 0.5759420289855073 0.24136612021857926 0.5459420289855073 0.26245901639344266
3 0.7006159420289855 0.2660655737704918 0.6922826086956522 0.29622950819672134 0.6731159420289855 0.3326775956284153 0.6689492753623189 0.42568306010928963 0.6664492753623188 0.4520765027322405 0.6664492753623188 0.4847540983606557 0.6664492753623188 0.5149180327868853 0.7081159420289855 0.5287431693989071 0.7464492753623189 0.5337704918032787 0.7789492753623188 0.5237158469945355 0.7947826086956522 0.5136612021857924 0.8014492753623188 0.47595628415300545 0.7997826086956522 0.4231693989071038 0.7947826086956522 0.3829508196721311 0.7897826086956521 0.3439890710382514 0.7814492753623189 0.2949726775956284 0.7731159420289855 0.2673224043715847 0.7656159420289855 0.2333879781420765 0.7464492753623189 0.21830601092896176 0.7256159420289855 0.21704918032786885 0.7097826086956522 0.2333879781420765