3 0.5267477203647417 0.6114999999999999 0.5412765957446809 0.6093500000000001 0.5549544072948329 0.60635 0.558662613981763 0.603 0.5620060790273557 0.599 0.562917933130699 0.584 0.5617021276595745 0.555 0.558662613981763 0.5225 0.5589665653495441 0.501 0.5510030395136778 0.47935 0.5388449848024316 0.47885 0.5297264437689969 0.47885 0.5240121580547112 0.4935 0.5227051671732523 0.51235 0.5206079027355623 0.5238499999999999 0.5206079027355623 0.5388499999999999 0.5233130699088145 0.54985 0.5254407294832827 0.5668500000000001
3 0.4294224924012158 0.71935 0.4424924012158055 0.72935 0.4582978723404255 0.7313500000000001 0.46474164133738605 0.721 0.468693009118541 0.6884999999999999 0.46617021276595744 0.65385 0.4595744680851063 0.6405 0.43854103343465045 0.6458499999999999 0.4144984802431611 0.64735 0.4181762917933131 0.6508499999999999 0.42756838905775074 0.65685 0.4290881458966565 0.6678499999999999
3 0.5793313069908814 0.6609999999999999 0.5933130699088146 0.649 0.5945288753799391 0.6305 0.5874772036474164 0.60885 0.5831914893617022 0.6013499999999999 0.5704255319148935 0.59585 0.5640729483282675 0.60435 0.5601215805471125 0.61835 0.565258358662614 0.63435 0.5677203647416413 0.64485 0.5698176291793313 0.66185
3 0.27264437689969606 0.5935 0.2746808510638298 0.6193500000000001 0.2753191489361702 0.6293500000000001 0.28379939209726446 0.64435 0.28987841945288756 0.64985 0.29626139817629177 0.64985 0.2896048632218845 0.62535 0.2896048632218845 0.61135 0.2899696048632219 0.6054999999999999
3 0.6109422492401215 0.56 0.617872340425532 0.55385 0.621823708206687 0.54135 0.6257446808510638 0.5278499999999999 0.6251367781155015 0.51385 0.6227051671732523 0.50035 0.6214893617021277 0.48185 0.6157446808510638 0.47435000000000005 0.6108510638297873 0.48635 0.6099392097264438 0.49985 0.6093313069908814 0.50835
3 0.5369908814589666 0.68635 0.548936170212766 0.6970000000000001 0.565258358662614 0.68785 0.5708206686930092 0.6805 0.5686322188449848 0.64935 0.565258358662614 0.63185 0.5579939209726444 0.6133500000000001 0.5534954407294833 0.6075 0.5403647416413374 0.60985 0.5260790273556232 0.61285 0.5351975683890577 0.63235
3 0.5905775075987842 0.579 0.5984802431610943 0.5805 0.6054711246200608 0.579 0.6091185410334347 0.5710000000000001 0.610030395136778 0.5505 0.6090273556231003 0.52835 0.609726443768997 0.48950000000000005 0.6041945288753799 0.48185 0.5981155015197568 0.48235 0.5899696048632219 0.494 0.5920364741641337 0.50535 0.5929483282674772 0.52235 0.5932218844984802 0.5458500000000001 0.5932218844984802 0.55835
3 0.5051671732522796 0.6925 0.5126747720364742 0.71185 0.5282674772036474 0.7120000000000001 0.5367781155015198 0.7040000000000001 0.5358054711246201 0.65235 0.5363829787234042 0.63385 0.529483282674772 0.623 0.5258358662613982 0.614 0.5075075987841945 0.63135 0.5029483282674772 0.63185 0.5042553191489362 0.64
3 0.4707294832826748 0.62985 0.49048632218844984 0.63235 0.5075987841945289 0.6305 0.5215805471124619 0.6164999999999999 0.5261398176291793 0.608 0.5260790273556232 0.57135 0.5215197568389058 0.54435 0.5191489361702128 0.5115 0.5054711246200608 0.485 0.4939209726443769 0.4855 0.4835258358662614 0.49685 0.4716413373860182 0.50635 0.46504559270516715 0.517 0.46200607902735563 0.5329999999999999 0.4644376899696049 0.5885
3 0.4668085106382979 0.6983499999999999 0.46990881458966566 0.726 0.48319148936170214 0.7253499999999999 0.4935258358662614 0.7253499999999999 0.500516717325228 0.71485 0.5048024316109423 0.68735 0.5054103343465045 0.65935 0.502127659574468 0.6325 0.47720364741641336 0.631 0.47446808510638294 0.636 0.4659574468085107 0.642 0.4655623100303951 0.64885 0.46860182370820663 0.66935 0.46860182370820663 0.6883499999999999
3 0.2933130699088146 0.5945 0.2906079027355623 0.62345 0.2933434650455927 0.64265 0.3021276595744681 0.652 0.30851063829787234 0.6585 0.3161094224924012 0.6525 0.3142857142857143 0.62 0.30841945288753797 0.60315 0.2987841945288754 0.594
3 0.33009118541033433 0.5945 0.3258358662613982 0.5870000000000001 0.3282674772036474 0.5710000000000001 0.3217933130699088 0.55435 0.3217933130699088 0.54785 0.34224924012158053 0.552 0.3504559270516717 0.5645 0.35623100303951366 0.5745 0.3617021276595745 0.5875 0.36346504559270515 0.59835 0.3637386018237082 0.61635 0.3667781155015198 0.63585 0.370516717325228 0.649 0.36838905775075986 0.655 0.3631306990881459 0.66035 0.3537082066869301 0.66035 0.3494528875379939 0.66035 0.34711246200607904 0.655 0.3448936170212766 0.65035 0.33914893617021274 0.65035 0.33975683890577507 0.63385 0.33671732522796355 0.61385 0.33395136778115503 0.59885
3 0.4035866261398176 0.7313500000000001 0.41185410334346506 0.7375 0.4237082066869301 0.7334999999999999 0.42817629179331307 0.7183499999999999 0.42817629179331307 0.69585 0.42848024316109423 0.66435 0.42756838905775074 0.65685 0.41033434650455924 0.6495000000000001 0.4012158054711246 0.652 0.39148936170212767 0.6545000000000001 0.3851063829787234 0.6585 0.38784194528875376 0.667 0.3895744680851063 0.6768500000000001 0.39109422492401213 0.6933499999999999 0.40264437689969607 0.71735
3 0.3170212765957447 0.6475 0.32735562310030397 0.6635 0.3319148936170213 0.6659999999999999 0.33920972644376896 0.653 0.3388145896656535 0.63235 0.33671732522796355 0.61685 0.33306990881458964 0.59785 0.3248328267477204 0.5913499999999999 0.3194528875379939 0.5820000000000001 0.31054711246200606 0.58385 0.30851063829787234 0.6 0.3127659574468085 0.615 0.3148936170212766 0.6204999999999999 0.3148936170212766 0.633
3 0.4051063829787234 0.58085 0.41328267477203645 0.61835 0.4127051671732523 0.63835 0.4157446808510638 0.64485 0.44428571428571423 0.64385 0.4655623100303951 0.6378499999999999 0.4704559270516717 0.62885 0.468693009118541 0.614 0.4668693009118541 0.6004999999999999 0.46376899696048635 0.57285 0.46109422492401214 0.5525 0.45167173252279635 0.5245000000000001 0.4410334346504559 0.5225 0.4303343465045593 0.52035 0.41601823708206687 0.52135 0.4117629179331307 0.53185 0.4075987841945289 0.5555
3 0.3658662613981763 0.54135 0.3658662613981763 0.56435 0.36465045592705164 0.5863499999999999 0.3628267477203648 0.60185 0.36738601823708206 0.63735 0.3728571428571429 0.65435 0.38170212765957445 0.65485 0.38653495440729485 0.65485 0.39109422492401213 0.65235 0.40030395136778113 0.6495000000000001 0.4053799392097265 0.64435 0.4112462006079028 0.6455 0.4117629179331307 0.62035 0.4096656534954407 0.60585 0.40629179331306986 0.58335 0.4018237082066869 0.5660000000000001 0.3957446808510638 0.5579999999999999 0.3896656534954407 0.5425 0.38440729483282676 0.52935 0.37650455927051674 0.52935 0.3698176291793313 0.5328499999999999
3 0.3455927051671733 0.7134999999999999 0.3421884498480243 0.69785 0.34498480243161095 0.6779999999999999 0.35136778115501516 0.6645 0.35987841945288757 0.665 0.364741641337386 0.6735 0.3658662613981763 0.69035 0.3658662613981763 0.7053499999999999 0.36565349544072945 0.7165 0.36525835866261397 0.7188500000000001 0.35440729483282674 0.7184999999999999
3 0.36525835866261397 0.72235 0.374984802431611 0.73335 0.39142857142857146 0.73335 0.40030395136778113 0.732 0.4023404255319149 0.71585 0.39148936170212767 0.6965 0.388145896656535 0.6679999999999999 0.38358662613981764 0.6595 0.3750759878419453 0.6595 0.37133738601823707 0.66185 0.3677811550151976 0.665 0.36656534954407294 0.67
3 0.5643465045592705 0.58585 0.5695136778115502 0.59485 0.5768996960486322 0.596 0.5829787234042554 0.5954999999999999 0.5899696048632219 0.5905 0.5905775075987842 0.5765 0.5932218844984802 0.55835 0.5932218844984802 0.53585 0.5926139817629179 0.5178499999999999 0.5899088145896657 0.49585 0.5868693009118542 0.47985 0.5753191489361702 0.47685 0.5620060790273557 0.4825 0.558662613981763 0.495 0.5595136778115501 0.51585 0.5595136778115501 0.52585