0 0.809665071770335 0.5942307692307692 0.8000956937799043 0.5846153846153846 0.7929186602870814 0.569871794871795 0.7847846889952154 0.5788461538461538 0.7914832535885167 0.5923076923076923 0.8020095693779905 0.6032051282051282 0.8087081339712919 0.6076923076923076 0.8125358851674641 0.6076923076923076
0 0.2581818181818182 0.5030769230769231 0.2457894736842105 0.498974358974359 0.24038277511961723 0.5051923076923077 0.24349282296650718 0.5103846153846154 0.24966507177033492 0.5227564102564103 0.25354066985645934 0.5279487179487179 0.26047846889952153 0.5237820512820512
0 0.2519617224880383 0.5569230769230769 0.2457894736842105 0.5600641025641026 0.2457894736842105 0.5703846153846154 0.2511961722488038 0.574551282051282 0.26047846889952153 0.574551282051282 0.2627751196172249 0.5673076923076923 0.2627751196172249 0.5641666666666667
0 0.753397129186603 0.41435897435897434 0.755933014354067 0.4357692307692308 0.7466985645933014 0.4482051282051282 0.7357416267942585 0.4482051282051282 0.7289952153110049 0.4256410256410257 0.7374162679425837 0.42448717948717946 0.7441626794258374 0.4256410256410257 0.7525837320574162 0.40987179487179487
0 0.2581818181818182 0.4099358974358975 0.25971291866028706 0.4326923076923077 0.24267942583732058 0.4482692307692308 0.24267942583732058 0.45442307692307693 0.24966507177033492 0.4565384615384615 0.261244019138756 0.4471794871794872 0.26588516746411484 0.42961538461538457 0.275933014354067 0.41512820512820514 0.28057416267942586 0.4089102564102564 0.27129186602870814 0.4037179487179487
0 0.7039234449760766 0.6878846153846154 0.7211483253588516 0.7205128205128205 0.7417224880382776 0.7525641025641026 0.7560765550239235 0.7698717948717948 0.7685167464114833 0.7884615384615384 0.7804784688995215 0.8076923076923077 0.7866985645933013 0.8160897435897436 0.7886124401913875 0.8147435897435897 0.7833492822966507 0.7898076923076923 0.7780861244019139 0.7680128205128205 0.7709090909090909 0.7481410256410256 0.7594258373205741 0.7403846153846154 0.7450717703349282 0.7307692307692307 0.7307177033492823 0.7160897435897435 0.7235406698564594 0.7000641025641026 0.7158851674641149 0.6884615384615385 0.7115789473684211 0.6808333333333333
1 0.2535885167464115 0.40647435897435896 0.23684210526315788 0.4288461538461539 0.2258373205741627 0.45128205128205134 0.22918660287081338 0.46538461538461534 0.23674641148325357 0.4944230769230769 0.23674641148325357 0.5248717948717948 0.23172248803827752 0.5564102564102564 0.235933014354067 0.5981410256410257 0.2855502392344498 0.6217948717948718 0.3166985645933014 0.6308333333333334 0.3596172248803828 0.6274358974358974 0.312488038277512 0.5868589743589744 0.30574162679425837 0.5451282051282051 0.3150239234449761 0.5057051282051283 0.3377511961722488 0.5090384615384616 0.37559808612440193 0.5372435897435898 0.40086124401913875 0.5361538461538462 0.4042105263157895 0.5000641025641026 0.3932535885167464 0.46961538461538466 0.35875598086124405 0.4414102564102564 0.3461244019138756 0.42 0.3360287081339713 0.40762820512820513 0.32258373205741625 0.40762820512820513 0.30574162679425837 0.40762820512820513 0.2880861244019139 0.3895512820512821 0.2670334928229665 0.3974358974358974
0 0.5541626794258373 0.842948717948718 0.530622009569378 0.8435897435897436 0.5177990430622009 0.8480769230769232 0.5216267942583732 0.857051282051282 0.5469856459330144 0.8576923076923078 0.5608612440191387 0.8583333333333334 0.5627751196172249 0.8532051282051282
0 0.43732057416267944 0.8179487179487179 0.41588516746411486 0.8320512820512821 0.41923444976076557 0.8423076923076923 0.43645933014354066 0.8423076923076923 0.4402870813397129 0.8493589743589743 0.44889952153110046 0.85 0.46421052631578946 0.8442307692307691 0.4756937799043062 0.8442307692307691 0.49148325358851674 0.8532051282051282 0.4986602870813397 0.8544871794871796 0.5125358851674642 0.8435897435897436 0.5053588516746411 0.8397435897435898 0.4929186602870813 0.8378205128205127 0.49148325358851674 0.8333333333333334 0.4833492822966507 0.8243589743589743 0.4694736842105263 0.825 0.46325358851674636 0.8326923076923077 0.4584688995215311 0.8358974358974359 0.44937799043062204 0.8314102564102563 0.43933014354066985 0.8275641025641025 0.4503349282296651 0.8224358974358975 0.44889952153110046 0.8179487179487179
0 0.3207655502392345 0.3157051282051282 0.3338755980861244 0.38506410256410256 0.34622009569377993 0.39852564102564103 0.359377990430622 0.39237179487179485 0.3841148325358852 0.38096153846153846 0.3879425837320574 0.35820512820512823 0.4119138755980861 0.3178205128205128 0.44052631578947365 0.2919230769230769 0.4776076555023923 0.28467948717948716 0.5355502392344498 0.28884615384615386 0.5649282296650717 0.29294871794871796 0.6012440191387559 0.30743589743589744 0.6074162679425837 0.33852564102564103 0.6236363636363637 0.3416025641025641 0.6352153110047847 0.3302564102564103 0.6506698564593302 0.3571153846153846 0.6722966507177033 0.3737179487179487 0.6823444976076556 0.369551282051282 0.6893301435406698 0.3675 0.6916267942583733 0.3540384615384615 0.6854545454545454 0.3416025641025641 0.6823444976076556 0.3240384615384615 0.6908612440191387 0.3208974358974359 0.7001435406698565 0.3095512820512821 0.6923923444976077 0.29089743589743594 0.67 0.26814102564102565 0.557177033492823 0.23602564102564103 0.4984688995215311 0.23602564102564103 0.4142583732057416 0.2567307692307692 0.3423923444976077 0.2919230769230769 0.3400478468899521 0.29608974358974355
3 0.3146411483253589 0.31 0.26373205741626793 0.3667948717948718 0.22617224880382777 0.41711538461538455 0.18617224880382774 0.5226282051282052 0.16071770334928231 0.605448717948718 0.16071770334928231 0.6655128205128205 0.1751196172248804 0.75 0.20287081339712917 0.8115384615384615 0.23349282296650717 0.8717948717948718 0.27220095693779905 0.930128205128205 0.3062200956937799 0.9333333333333333 0.35933014354066983 0.9756410256410256 0.38507177033492823 1 0.7620574162679427 1 0.7751196172248804 0.9916666666666666 0.8053588516746412 0.930128205128205 0.8090909090909091 0.8455128205128205 0.8622966507177033 0.7889102564102564 0.8901913875598086 0.7271794871794872 0.9100478468899521 0.6820512820512821 0.9038277511961723 0.6166666666666667 0.8818181818181818 0.5480769230769231 0.8444976076555024 0.483974358974359 0.80622009569378 0.4198717948717949 0.7665071770334928 0.3826923076923077 0.7181339712918661 0.31487179487179484 0.6708133971291865 0.25961538461538464 0.6321052631578948 0.2548076923076923 0.5655502392344498 0.23397435897435898 0.5181818181818182 0.2237179487179487 0.4648803827751196 0.23858974358974358 0.41196172248803825 0.25576923076923075 0.36985645933014355 0.27884615384615385 0.33157894736842103 0.29538461538461536
1 0.32090909090909087 0.31743589743589745 0.3251196172248804 0.3580128205128205 0.3360287081339713 0.39410256410256406 0.3764593301435407 0.4357692307692308 0.40923444976076556 0.47865384615384615 0.42607655502392344 0.5519230769230768 0.4336363636363636 0.6398076923076923 0.43028708133971294 0.7097435897435898 0.3966507177033493 0.7289102564102564 0.3823444976076555 0.7683333333333333 0.4050717703349282 0.8405128205128205 0.4471291866028708 0.8585256410256411 0.5093779904306219 0.861923076923077 0.5581818181818181 0.8641666666666666 0.5716746411483253 0.8517948717948718 0.591866028708134 0.7920512820512821 0.6069856459330144 0.7683333333333333 0.6120574162679426 0.7289102564102564 0.618755980861244 0.6894230769230769 0.6322488038277512 0.6702564102564103 0.6700956937799044 0.6702564102564103 0.6860765550239234 0.6792948717948718 0.7197607655502393 0.7424358974358974 0.7668899521531101 0.7965384615384615 0.7904306220095694 0.8280769230769232 0.8072727272727273 0.8551923076923077 0.8257894736842105 0.8280769230769232 0.8611004784688995 0.7897435897435897 0.876267942583732 0.7593589743589744 0.8535406698564593 0.7243589743589743 0.8257894736842105 0.6860897435897436 0.8426315789473685 0.6725 0.8400956937799043 0.606025641025641 0.797177033492823 0.5327564102564103 0.7677033492822966 0.46621794871794875 0.7592822966507177 0.5090384615384616 0.7358851674641149 0.46282051282051284 0.716267942583732 0.4288461538461539 0.7004784688995216 0.41794871794871796 0.6827272727272727 0.4019871794871795 0.6835885167464115 0.3478846153846154 0.7130143540669857 0.32756410256410257 0.7037799043062201 0.2948717948717949 0.6734928229665071 0.2599358974358974 0.6330622009569378 0.25538461538461543 0.5809090909090909 0.24185897435897433 0.5354545454545454 0.23064102564102562 0.5203349282296651 0.2283333333333333 0.4706698564593302 0.23621794871794874 0.4117703349282297 0.25538461538461543 0.33110047846889956 0.29743589743589743 0.29330143540669856 0.333974358974359 0.22822966507177034 0.41346153846153844