3 0.9053465346534654 0.38487951807228915 0.9298679867986799 0.3754819277108434 0.9464356435643564 0.3328313253012048 0.9452805280528054 0.2682530120481928 0.9430033003300331 0.21 0.9372937293729373 0.17771084337349397 0.9275907590759076 0.15584337349397592 0.907062706270627 0.15379518072289158 0.9053465346534654 0.18602409638554215 0.8905280528052805 0.19855421686746988 0.8888118811881188 0.2339156626506024 0.8990759075907592 0.30578313253012046 0.8996699669966998 0.3869277108433735
3 0.5343234323432343 0.6065060240963855 0.5351155115511551 0.6802409638554217 0.548976897689769 0.7640963855421687 0.5620462046204621 0.851566265060241 0.5726072607260726 0.9018072289156626 0.592079207920792 0.8939759036144579 0.6040264026402641 0.7814457831325301 0.6178217821782178 0.6765060240963855 0.6234323432343235 0.6746987951807228 0.6227722772277228 0.627710843373494 0.5671947194719472 0.6281927710843374 0.5390759075907591 0.6159036144578313
3 0.2832343234323432 0.5009638554216868 0.27095709570957094 0.5262650602409639 0.26963696369636964 0.6180722891566265 0.2772937293729373 0.706987951807229 0.2836303630363036 0.7922891566265061 0.2947194719471947 0.8306024096385541 0.32521452145214524 0.8298795180722891 0.3454125412541254 0.7995180722891566 0.3442244224422442 0.7612048192771085 0.36283828382838285 0.7243373493975903 0.3624422442244224 0.6585542168674698 0.36125412541254126 0.6260240963855421 0.36125412541254126 0.5768674698795181 0.34145214521452144 0.5783132530120482 0.3058085808580858 0.563855421686747 0.2875907590759076 0.5277108433734939
3 0.4436303630363036 0.624578313253012 0.44679867986798677 0.6679518072289157 0.45313531353135317 0.7106024096385541 0.4606600660066007 0.7778313253012048 0.47531353135313537 0.8313253012048193 0.49551155115511547 0.8349397590361446 0.5180858085808581 0.8183132530120482 0.526006600660066 0.7742168674698796 0.5291749174917492 0.7149397590361446 0.5335313531353135 0.6672289156626506 0.5323432343234323 0.6021686746987951 0.5232343234323432 0.5783132530120482 0.5188778877887789 0.5992771084337349 0.4974917491749175 0.6151807228915663 0.46105610561056104 0.6267469879518073
3 0.018217821782178217 0.16355421686746988 0.02933993399339934 0.15409638554216867 0.05231023102310231 0.15951807228915663 0.0686138613861386 0.19734939759036144 0.07603960396039604 0.25012048192771086 0.07227722772277227 0.2975903614457831 0.0686138613861386 0.32180722891566266 0.04122112211221122 0.33265060240963856 0.021947194719471947 0.3042168674698795
3 0.6578547854785479 0.39006024096385544 0.663036303630363 0.35602409638554217 0.6739273927392739 0.3325301204819277 0.6976897689768977 0.29036144578313255 0.733003300330033 0.29096385542168673 0.7617161716171618 0.3981927710843373 0.7627062706270626 0.5090361445783133 0.764026402640264 0.5469879518072289 0.7525082508250824 0.5712048192771084 0.712013201320132 0.5774698795180723 0.671947194719472 0.5759036144578313 0.6641254125412541 0.5753614457831325 0.6669636963696369 0.4983132530120482
3 0.20498349834983498 0.3380722891566265 0.20353135313531354 0.2812650602409638 0.20871287128712873 0.2460843373493976 0.23686468646864686 0.24879518072289156 0.27613861386138616 0.3083132530120482 0.29095709570957096 0.34481927710843374 0.29171617161716173 0.3813253012048193 0.288019801980198 0.4368072289156627 0.28283828382838283 0.49819277108433735 0.2739273927392739 0.5112048192771085 0.265016501650165 0.5463855421686747 0.2591089108910891 0.573433734939759 0.2324092409240924 0.570722891566265 0.20795379537953795 0.5382530120481928 0.20425742574257427 0.47066265060240964 0.20871287128712873 0.4246385542168674
3 0.806930693069307 0.5463855421686747 0.8105610561056106 0.6246987951807229 0.8647194719471947 0.6233734939759037 0.8638943894389438 0.5799397590361446 0.8600660066006601 0.5373493975903615 0.8409240924092409 0.48855421686746986
3 0.07752475247524752 0.24469879518072288 0.07825082508250826 0.20548192771084337 0.12346534653465345 0.23933734939759035 0.15016501650165018 0.27313253012048194 0.14125412541254123 0.2825903614457831 0.14052805280528052 0.38674698795180723 0.14273927392739275 0.40843373493975904 0.12273927392739273 0.42060240963855416 0.09976897689768977 0.41518072289156627 0.08122112211221122 0.39084337349397585 0.06937293729372937 0.3272289156626506
3 0.5285148514851484 0.47048192771084335 0.5369636963696369 0.4126506024096386 0.5462046204620462 0.35240963855421686 0.5681188118811881 0.2926506024096385 0.5918811881188119 0.2651807228915663 0.629042904290429 0.2710843373493976 0.6473267326732672 0.3483132530120482 0.6599999999999999 0.4169879518072289 0.6675247524752475 0.4986746987951807 0.665016501650165 0.572289156626506 0.6561056105610561 0.6126506024096385 0.6299009900990099 0.6259036144578314 0.5700990099009902 0.6295180722891566 0.5407920792079208 0.6179518072289156 0.526138613861386 0.5832530120481927 0.5237623762376237 0.5073493975903615 0.524950495049505 0.4813253012048193
3 0.12722772277227723 0.5637951807228916 0.13366336633663367 0.6240963855421686 0.1537953795379538 0.6301204819277109 0.1844884488448845 0.6403614457831325 0.19686468646864685 0.6126506024096385 0.19702970297029704 0.5765060240963855 0.20511551155115512 0.5198192771084338 0.20280528052805283 0.47162650602409645 0.2070957095709571 0.44150602409638556 0.18168316831683168 0.47162650602409645 0.15825082508250826 0.47222891566265063 0.1400990099009901 0.5113855421686747
3 0.7639273927392739 0.48271084337349396 0.7912871287128712 0.5327108433734941 0.8062706270627064 0.5445783132530121 0.8287128712871287 0.5096385542168674 0.8414851485148515 0.4743975903614458 0.8426402640264026 0.3754819277108434 0.8409240924092409 0.308855421686747 0.8323762376237624 0.26096385542168676 0.8095379537953795 0.22873493975903614 0.7872937293729373 0.2464457831325301 0.7684818481848185 0.2786746987951807 0.7468316831683168 0.33903614457831327 0.7616501650165016 0.3983734939759036
3 0.8392079207920792 0.48271084337349396 0.862013201320132 0.497289156626506 0.8905280528052805 0.4743975903614458 0.8967986798679869 0.42548192771084337 0.8996699669966998 0.3619879518072289 0.9002310231023102 0.3046987951807229 0.8967986798679869 0.28283132530120486 0.8859735973597359 0.22349397590361447 0.860891089108911 0.2443373493975904 0.8477557755775578 0.28596385542168673 0.8409240924092409 0.31198795180722894 0.8437623762376237 0.4004819277108434
3 0.7628382838283828 0.49012048192771085 0.7644224422442244 0.5457831325301205 0.7521452145214521 0.5725301204819278 0.7236303630363036 0.576144578313253 0.7196699669966997 0.7098795180722892 0.7636303630363036 0.8262650602409638 0.8036303630363036 0.8327710843373495 0.8210561056105611 0.7857831325301204 0.8206600660066007 0.7315662650602409 0.8127392739273928 0.6737349397590362 0.807986798679868 0.6274698795180723 0.8024422442244225 0.5812048192771084 0.7949174917491749 0.5407228915662651
3 0.2835643564356436 0.492289156626506 0.2877887788778878 0.5277108433734939 0.30653465346534653 0.5639759036144578 0.3419141914191419 0.5771084337349397 0.36270627062706273 0.5753012048192772 0.3782178217821782 0.5379518072289157 0.3828712871287129 0.4733734939759036 0.38508250825082513 0.4246385542168674 0.3943894389438944 0.37289156626506026 0.38732673267326734 0.3407831325301205 0.36877887788778874 0.3042168674698795 0.35544554455445543 0.28397590361445785 0.3124752475247525 0.2853012048192771 0.2991089108910891 0.3299397590361446 0.2954125412541254 0.34210843373493977 0.29023102310231025 0.38674698795180723
3 0.20521452145214522 0.5226506024096386 0.1972937293729373 0.5739759036144578 0.1965016501650165 0.635421686746988 0.2071947194719472 0.6780722891566265 0.23650165016501648 0.6701204819277108 0.2590759075907591 0.6680722891566265 0.26930693069306927 0.6253012048192771 0.26930693069306927 0.5325301204819277 0.2594059405940594 0.5740963855421687 0.23174917491749175 0.5696385542168675 0.2083828382838284 0.5371084337349398 0.2064026402640264 0.5212048192771084
3 0.14867986798679866 0.27313253012048194 0.142013201320132 0.28397590361445785 0.14052805280528052 0.41379518072289156 0.15831683168316832 0.47198795180722886 0.18128712871287128 0.4733734939759036 0.20425742574257427 0.4436144578313253 0.20574257425742576 0.33536144578313254 0.17386138613861385 0.298855421686747 0.15831683168316832 0.2771686746987952
3 0.3943894389438944 0.37283132530120483 0.40990099009900993 0.2993373493975903 0.4283828382838284 0.2692168674698795 0.45511551155115515 0.26560240963855425 0.48943894389438947 0.292710843373494 0.5072607260726072 0.3758433734939759 0.5217821782178218 0.4692168674698795 0.5240924092409242 0.5246385542168674 0.5247524752475248 0.5728313253012048 0.5174917491749176 0.5987951807228916 0.4960396039603961 0.615722891566265 0.4630363036303631 0.6259036144578314 0.44224422442244227 0.6216867469879518 0.4112211221122112 0.6108433734939759 0.38831683168316833 0.5745180722891566 0.3827722772277228 0.5398192771084337 0.3803960396039604 0.5333132530120482 0.38356435643564357 0.45957831325301207 0.38396039603960397 0.42704819277108436
3 0.8498349834983498 0.4975903614457831 0.8686468646864686 0.5710843373493976 0.9148514851485148 0.5951807228915662 0.9366336633663367 0.5542168674698795 0.9346534653465346 0.5246987951807228 0.9300330033003301 0.4891566265060241 0.9271287128712872 0.45849397590361446 0.9246864686468647 0.4360240963855421 0.9049834983498349 0.3835542168674699 0.8983828382838284 0.3880722891566265 0.8901980198019802 0.47801204819277104 0.8754125412541254 0.49000000000000005
3 0.6240924092409241 0.6337349397590362 0.625016501650165 0.7106024096385541 0.6349174917491749 0.7655421686746988 0.6614521452145214 0.8161445783132529 0.6812541254125413 0.8233734939759036 0.6974917491749175 0.7995180722891566 0.7082508250825083 0.7662650602409639 0.7184818481848184 0.7042168674698795 0.7232343234323432 0.5783132530120482 0.7165016501650164 0.5768674698795181 0.665016501650165 0.5754216867469879 0.6551155115511551 0.6130120481927711 0.6234323432343235 0.6281927710843374
3 0.3778877887788779 0.5371084337349398 0.36204620462046205 0.5768674698795181 0.36085808580858086 0.6289156626506024 0.36534653465346534 0.7325301204819277 0.38778877887788776 0.8168674698795181 0.4155115511551155 0.8248192771084336 0.436963696369637 0.8126506024096386 0.4464026402640264 0.756867469879518 0.4519471947194719 0.7026506024096385 0.44679867986798677 0.6737349397590362 0.44283828382838286 0.624578313253012 0.41036303630363036 0.6115662650602409 0.38976897689768975 0.5783132530120482 0.3822442244224422 0.5414457831325301 0.3814521452145214 0.53855421686747
3 0.09125412541254124 0.41018072289156626 0.08927392739273927 0.47343373493975904 0.09488448844884488 0.5373493975903615 0.10874587458745875 0.5704819277108434 0.12623762376237624 0.5686144578313254 0.14075907590759076 0.5095783132530121 0.15792079207920792 0.47289156626506024 0.14042904290429042 0.4119879518072289 0.1235973597359736 0.42168674698795183 0.09983498349834984 0.41566265060240964 0.09323432343234324 0.4071686746987952
3 0.9074257425742573 0.3880722891566265 0.9246864686468647 0.43903614457831325 0.932904290429043 0.5079518072289156 0.976897689768977 0.48855421686746986 0.9759075907590758 0.4475903614457831 0.9640924092409241 0.3760240963855422 0.9476567656765676 0.3340963855421687 0.9296039603960397 0.37457831325301205