3 0.14974545454545454 0.4737704918032787 0.15163636363636365 0.5057377049180328 0.15661818181818182 0.5508196721311476 0.16974545454545453 0.5743169398907103 0.18661818181818182 0.5733879781420765 0.2066181818181818 0.5527322404371585 0.22476363636363636 0.5226229508196721 0.2304 0.5057377049180328 0.2235272727272727 0.5122950819672131 0.17101818181818182 0.49633879781420764 0.156 0.4644262295081967
3 0.7868 0.3713661202185792 0.8030545454545455 0.3403825136612022 0.8236727272727272 0.30748633879781423 0.8355636363636364 0.2708743169398907 0.8693090909090909 0.2614754098360656 0.8818181818181818 0.2840437158469945 0.8793090909090909 0.3309836065573771 0.8768 0.35262295081967215 0.8718181818181818 0.3836065573770492 0.8655636363636363 0.4098907103825137 0.8642909090909091 0.43808743169398906 0.8455636363636364 0.47098360655737703 0.8280363636363637 0.4775409836065574 0.8111636363636363 0.4737704918032787 0.7892727272727273 0.4465573770491803 0.7805454545454545 0.4249180327868853 0.7817818181818182 0.3883060109289618
3 0.6098545454545455 0.5592896174863388 0.6149090909090908 0.6005464480874317 0.6348727272727273 0.6166120218579235 0.6636363636363637 0.6193989071038251 0.6798909090909091 0.5931147540983607 0.688 0.5630601092896175 0.688 0.5038251366120219 0.6698909090909091 0.4831693989071038 0.6669090909090909 0.4972677595628415 0.6512727272727272 0.5327868852459017 0.632 0.5453551912568306 0.6123636363636363 0.5517486338797815
3 0.40043636363636365 0.5696174863387978 0.3992 0.6006010928961748 0.40607272727272725 0.6240983606557376 0.41545454545454547 0.6391256830601093 0.43669090909090913 0.6372677595628415 0.45545454545454545 0.62224043715847 0.4635636363636364 0.601584699453552 0.46607272727272725 0.5592896174863388 0.4217090909090909 0.5705464480874317
3 0.09847272727272727 0.4465573770491803 0.09534545454545454 0.47098360655737703 0.09287272727272727 0.5019672131147541 0.10349090909090909 0.5189071038251366 0.11472727272727273 0.5160655737704918 0.13472727272727272 0.4869398907103825 0.1416 0.48131147540983604 0.14723636363636364 0.46344262295081967 0.14850909090909092 0.4474863387978142 0.13850909090909092 0.42683060109289617 0.11287272727272726 0.4362295081967213 0.10349090909090909 0.4371584699453552
3 0.6711272727272727 0.36857923497267764 0.6873818181818182 0.34508196721311474 0.7042545454545454 0.30748633879781423 0.7117818181818182 0.2840437158469945 0.7286545454545454 0.267103825136612 0.7517818181818182 0.26617486338797813 0.7655272727272727 0.28306010928961745 0.7774181818181818 0.3150273224043716 0.7792727272727273 0.36480874316939893 0.7799272727272727 0.4108743169398907 0.7774545454545455 0.4524590163934426 0.7661454545454546 0.4775409836065574 0.7449090909090909 0.49633879781420764 0.7198909090909091 0.5001092896174864 0.698 0.5001092896174864 0.6667636363636364 0.4756830601092896 0.6661454545454545 0.4108743169398907 0.6673818181818182 0.37606557377049177
3 0.23101818181818182 0.38453551912568307 0.23912727272727274 0.3309836065573771 0.24727272727272728 0.29530054644808745 0.2697818181818182 0.28120218579234973 0.3018181818181818 0.2885245901639344 0.3210545454545455 0.3394535519125683 0.34043636363636365 0.3939344262295082 0.35043636363636366 0.4089617486338798 0.34363636363636363 0.4972677595628415 0.3327272727272727 0.5180327868852459 0.3035272727272727 0.5216939890710383 0.27603636363636364 0.5198360655737705 0.24476363636363638 0.4897814207650273 0.23414545454545455 0.4465573770491803
3 0.5129818181818182 0.40519125683060114 0.5223272727272726 0.35355191256830604 0.5429818181818181 0.29530054644808745 0.5778181818181818 0.26338797814207654 0.6167272727272727 0.25846994535519124 0.6418181818181818 0.2754098360655738 0.6611272727272728 0.35355191256830604 0.6661818181818181 0.38524590163934425 0.665490909090909 0.4474863387978142 0.6669090909090909 0.4972677595628415 0.6512727272727272 0.5327868852459017 0.632 0.5453551912568306 0.5905454545454546 0.553551912568306 0.5603636363636364 0.5546448087431693 0.5410909090909092 0.5469945355191257 0.5198545454545455 0.5339344262295082 0.5154545454545455 0.4737704918032787
3 0.126 0.3356830601092896 0.13036363636363638 0.30185792349726775 0.1534909090909091 0.29622950819672134 0.17723636363636364 0.2990710382513661 0.19727272727272727 0.34978142076502733 0.22476363636363636 0.3817486338797814 0.23163636363636364 0.39016393442622954 0.23163636363636364 0.42683060109289617 0.23476363636363637 0.45874316939890714 0.24225454545454547 0.4869398907103825 0.2235272727272727 0.5122950819672131 0.17101818181818182 0.49633879781420764 0.15410909090909092 0.45874316939890714 0.13574545454545453 0.41721311475409834
3 0.011963636363636364 0.2359016393442623 0.0132 0.27912568306010926 0.021345454545454546 0.34207650273224044 0.047599999999999996 0.3937704918032787 0.0876 0.4200546448087432 0.07072727272727272 0.37497267759562847 0.05447272727272728 0.32519125683060107 0.05447272727272728 0.3016939890710383 0.04196363636363636 0.26224043715846995 0.0232 0.24060109289617487
3 0.9309090909090909 0.4420765027322405 0.9323636363636363 0.45300546448087436 0.9327272727272727 0.4879781420765027 0.9592727272727273 0.5098360655737705 0.9787272727272727 0.5048087431693988 0.9893454545454545 0.4869398907103825 0.9905818181818182 0.4465573770491803 0.9849818181818182 0.42213114754098363 0.9756 0.40147540983606556 0.9568363636363636 0.42775956284153005 0.9487272727272726 0.42950819672131146 0.9399636363636364 0.4249180327868853
3 0.8749090909090909 0.4278688524590164 0.8716363636363635 0.47704918032786886 0.8825454545454545 0.5153005464480874 0.9170909090909091 0.5606557377049181 0.9280727272727273 0.5480327868852459 0.9280727272727273 0.5330054644808744 0.9305818181818182 0.49540983606557376 0.9299636363636364 0.43808743169398906 0.909309090909091 0.46344262295081967
3 0.8789090909090909 0.3513661202185792 0.8968 0.3244262295081967 0.9112 0.2943715846994535 0.9311999999999999 0.2605464480874317 0.9424363636363637 0.28306010928961745 0.9468363636363636 0.3262841530054645 0.9425454545454545 0.3797814207650273 0.9318181818181818 0.4333879781420765 0.909309090909091 0.46344262295081967 0.876 0.4284153005464481 0.8647272727272728 0.42349726775956287 0.8738181818181818 0.37540983606557377
3 0.2704 0.5226229508196721 0.2685090909090909 0.5574316939890711 0.27854545454545454 0.5921857923497268 0.2897818181818182 0.6156284153005465 0.31479999999999997 0.6156284153005465 0.32854545454545453 0.6090710382513661 0.3397818181818182 0.5865027322404371 0.3448 0.5705464480874317 0.34603636363636364 0.5330054644808744 0.33916363636363633 0.5151366120218579 0.3035272727272727 0.5216939890710383
3 0.7005090909090909 0.5113661202185792 0.7155272727272728 0.5423497267759563 0.7323999999999999 0.5743169398907103 0.7561454545454546 0.5921857923497268 0.7855272727272727 0.6062841530054645 0.7955272727272727 0.5827868852459017 0.7961818181818181 0.5639890710382514 0.7968000000000001 0.5273224043715847 0.7824 0.4784699453551913 0.7774545454545455 0.4524590163934426 0.7661454545454546 0.4775409836065574 0.7449090909090909 0.49633879781420764 0.7198909090909091 0.5001092896174864 0.6948727272727273 0.5019672131147541
3 0.032836363636363636 0.40617486338797815 0.023454545454545454 0.4371584699453552 0.0216 0.4615846994535519 0.031599999999999996 0.4737704918032787 0.06723636363636364 0.4728415300546448 0.08596363636363637 0.46535519125683056 0.09098181818181818 0.43808743169398906 0.0876 0.4200546448087432 0.052218181818181816 0.3986338797814208 0.03847272727272727 0.396775956284153
3 0.4985454545454545 0.5459016393442623 0.5134545454545454 0.6262295081967213 0.5423636363636364 0.6391256830601093 0.5598545454545455 0.6278688524590165 0.5648363636363637 0.5996721311475409 0.5698545454545455 0.5574316939890711 0.5267272727272727 0.5404918032786885 0.5134545454545454 0.5387978142076503
3 0.9524363636363637 0.3159562841530055 0.9674545454545455 0.289672131147541 0.9849818181818182 0.2577049180327869 0.9868363636363636 0.34978142076502733 0.9768363636363636 0.395792349726776 0.9518181818181818 0.4306010928961749 0.9362181818181817 0.42213114754098363 0.9430909090909092 0.3582513661202186 0.9455636363636363 0.33289617486338796
3 0.35479999999999995 0.40049180327868855 0.3673090909090909 0.3262841530054645 0.37105454545454547 0.2849726775956284 0.41858181818181817 0.28120218579234973 0.46436363636363637 0.3010928961748634 0.48545454545454547 0.3403825136612022 0.49232727272727267 0.3714207650273224 0.5023272727272726 0.4362295081967213 0.5156363636363637 0.4901639344262295 0.5203636363636364 0.5398907103825137 0.4742181818181818 0.5564480874316939 0.4217090909090909 0.5705464480874317 0.3816727272727273 0.5611475409836065 0.36105454545454546 0.5357923497267759 0.34792727272727275 0.4991803278688524 0.3473090909090909 0.4662841530054645 0.3497818181818182 0.4230601092896175
3 0.7850909090909091 0.45300546448087436 0.7865454545454545 0.48633879781420764 0.7996363636363637 0.5207650273224044 0.8160000000000001 0.5420765027322405 0.8356363636363637 0.573224043715847 0.8730545454545454 0.5902732240437158 0.8805454545454545 0.5752459016393442 0.8812000000000001 0.5480327868852459 0.8780727272727272 0.5085792349726775 0.8705454545454545 0.4747540983606557 0.8699272727272727 0.44371584699453553 0.8642909090909091 0.43808743169398906 0.8455636363636364 0.47098360655737703 0.8280363636363637 0.4775409836065574 0.8074181818181818 0.4728415300546448 0.7854545454545454 0.43989071038251365
3 0.05447272727272728 0.3016939890710383 0.056363636363636366 0.25846994535519124 0.07010909090909091 0.25377049180327865 0.10509090909090908 0.303551912568306 0.1269818181818182 0.3449180327868852 0.13323636363636363 0.38814207650273225 0.13574545454545453 0.41721311475409834 0.13010909090909092 0.42945355191256834 0.10887272727272727 0.43601092896174864 0.08883636363636363 0.42945355191256834 0.07323636363636364 0.379672131147541 0.05698181818181818 0.3279781420765028