3 0.3210810810810811 0.7595384615384616 0.33583011583011585 0.7383589743589744 0.35220077220077217 0.7448717948717949 0.37223938223938224 0.757948717948718 0.38617760617760616 0.7688205128205128 0.3849034749034749 0.7997948717948719 0.3914285714285714 0.8144615384615385 0.38166023166023166 0.8182564102564103 0.3603861003861004 0.8063076923076923 0.350965250965251 0.7976410256410256 0.33127413127413124 0.7835897435897436 0.3216216216216216 0.7702564102564102
3 0.2924324324324324 0.7345641025641027 0.28138996138996136 0.7101025641025641 0.26664092664092665 0.6654871794871795 0.2658301158301158 0.6459487179487179 0.27196911196911194 0.6388717948717949 0.2822007722007722 0.6383076923076924 0.2961003861003861 0.6459487179487179 0.3174131274131274 0.6524615384615385 0.3271814671814672 0.6595384615384616 0.334980694980695 0.6763589743589743 0.33416988416988413 0.6899487179487179 0.3308494208494208 0.6970256410256409 0.3263706563706564 0.7073846153846154 0.3223166023166023 0.709025641025641 0.3202702702702703 0.709025641025641 0.3095752895752896 0.7182564102564103
3 0.5961389961389961 0.26 0.5988416988416988 0.2235897435897436 0.6254826254826255 0.22871794871794873 0.6536679536679537 0.2512820512820513 0.6542857142857144 0.2702564102564103 0.6534362934362935 0.2996410256410256 0.6518146718146718 0.3273333333333333 0.648957528957529 0.33389743589743587 0.6313513513513513 0.3333333333333333 0.6153667953667954 0.32789743589743586 0.6038996138996139 0.31374358974358973 0.596949806949807 0.3148205128205128 0.6001930501930501 0.2909230769230769
3 0.47065637065637067 0.2195897435897436 0.4801930501930502 0.2055897435897436 0.49370656370656374 0.20338461538461536 0.5198841698841699 0.1957948717948718 0.5395366795366796 0.19902564102564105 0.5501930501930502 0.21641025641025644 0.5550965250965252 0.23764102564102565 0.5513899613899614 0.24794871794871795 0.5420849420849421 0.2528205128205128 0.5305019305019305 0.2620512820512821 0.514980694980695 0.2844102564102564 0.49081081081081085 0.2914871794871795 0.4793822393822394 0.29307692307692307 0.4769111969111969 0.29035897435897434 0.4707722007722008 0.2528717948717949
3 0.5470270270270271 0.25343589743589745 0.5421235521235521 0.2631794871794872 0.5314285714285714 0.27405128205128204 0.5248648648648648 0.2865641025641026 0.52007722007722 0.30102564102564106 0.5269111969111969 0.31158974358974356 0.5342857142857143 0.31753846153846155 0.5445173745173745 0.31753846153846155 0.5552123552123552 0.31753846153846155 0.5642084942084942 0.32682051282051283 0.5789189189189189 0.33276923076923076 0.5867181467181467 0.33605128205128204 0.596949806949807 0.3148205128205128 0.5981853281853282 0.2887692307692308 0.596949806949807 0.2658974358974359 0.5972972972972973 0.22564102564102564 0.5875675675675676 0.2083076923076923 0.5576447876447876 0.2006666666666667 0.5506949806949807 0.21482051282051282 0.5550965250965252 0.23764102564102565
3 0.561003861003861 0.7405128205128205 0.5818532818532818 0.7246153846153847 0.5961389961389961 0.7128205128205128 0.6121235521235521 0.728051282051282 0.6157915057915059 0.734 0.6123552123552123 0.7553846153846154 0.5988416988416988 0.7661538461538462 0.593050193050193 0.7723076923076923 0.5842857142857143 0.775897435897436 0.5728185328185329 0.7829230769230768 0.5666409266409266 0.7796923076923077 0.5592664092664092 0.7791282051282051 0.5613127413127413 0.7611794871794872
3 0.6587258687258688 0.2882051282051282 0.6738996138996138 0.2865641025641026 0.6878378378378378 0.29307692307692307 0.6910810810810811 0.30666666666666664 0.6886486486486487 0.328974358974359 0.6878378378378378 0.3599487179487179 0.6804633204633205 0.378974358974359 0.6689575289575289 0.3811794871794872 0.6575289575289576 0.371948717948718 0.6476833976833977 0.3567179487179487 0.6461003861003861 0.3393333333333333 0.648957528957529 0.33389743589743587 0.6518146718146718 0.3273333333333333 0.6534362934362935 0.2996410256410256
3 0.5040540540540541 0.7475897435897436 0.5092664092664093 0.7364102564102564 0.5308880308880309 0.7384615384615385 0.5462162162162162 0.7410769230769231 0.5605405405405406 0.7421538461538462 0.5601158301158301 0.7676923076923077 0.5568339768339768 0.7862051282051282 0.556023166023166 0.7932820512820513 0.5175289575289574 0.8073846153846154 0.5048648648648648 0.8014358974358975 0.5056370656370657 0.7824102564102564 0.49911196911196914 0.770974358974359 0.5015830115830116 0.7513846153846154
3 0.324015444015444 0.2561025641025641 0.2985328185328185 0.28317948717948715 0.2924324324324324 0.31153846153846154 0.3057915057915058 0.3466666666666666 0.3189189189189189 0.33051282051282055 0.3392664092664093 0.316974358974359 0.3392664092664093 0.2845128205128205 0.3464092664092664 0.2506666666666667 0.3454054054054054 0.2438974358974359
3 0.31776061776061776 0.7635897435897436 0.301003861003861 0.7437948717948718 0.29980694980694983 0.728051282051282 0.31235521235521235 0.7164102564102564 0.318996138996139 0.7095384615384616 0.3263706563706564 0.7073846153846154 0.3517760617760618 0.7214871794871794 0.3657142857142857 0.7437948717948718 0.36324324324324325 0.7503076923076923 0.33583011583011585 0.7383589743589744 0.3234749034749035 0.757948717948718
3 0.4027027027027027 0.24102564102564103 0.4044787644787645 0.2195897435897436 0.4268725868725869 0.2114358974358974 0.44216216216216214 0.20466666666666664 0.47065637065637067 0.2195897435897436 0.46965250965250965 0.2506666666666667 0.47575289575289575 0.28723076923076923 0.47876447876447875 0.3046153846153846 0.4613899613899614 0.318974358974359 0.42857142857142855 0.3282051282051282 0.4044787644787645 0.32076923076923075 0.39768339768339767 0.298974358974359 0.39768339768339767 0.2517948717948718
3 0.3392664092664093 0.316974358974359 0.3535521235521235 0.3315897435897436 0.3738996138996139 0.3383589743589744 0.4011583011583012 0.3333333333333333 0.4044787644787645 0.32076923076923075 0.39633204633204633 0.2977435897435898 0.39633204633204633 0.26666666666666666 0.39633204633204633 0.2504102564102564 0.3738996138996139 0.23148717948717948 0.3566023166023166 0.23553846153846153 0.3403088803088803 0.2734358974358974
3 0.4613899613899614 0.7697435897435897 0.45521235521235526 0.7451282051282052 0.466023166023166 0.7256410256410256 0.483011583011583 0.724102564102564 0.49691119691119684 0.7276923076923077 0.5034749034749035 0.7410256410256411 0.49911196911196914 0.770974358974359 0.5056370656370657 0.7824102564102564 0.5048648648648648 0.8014358974358975 0.5035907335907336 0.8085128205128205 0.49096525096525095 0.815025641025641 0.47783783783783784 0.8139487179487179 0.4618532818532819 0.8166666666666667
3 0.3841312741312741 0.7611794871794872 0.3947490347490347 0.7432307692307693 0.41274131274131276 0.7400000000000001 0.4266409266409266 0.7470769230769231 0.4328185328185328 0.7541025641025642 0.450965250965251 0.7512820512820513 0.454054054054054 0.7482051282051282 0.46100386100386104 0.7692307692307693 0.4618532818532819 0.8166666666666667 0.4516216216216216 0.8188205128205127 0.4291505791505792 0.8155384615384615 0.4152123552123552 0.8182564102564103 0.39594594594594595 0.8139487179487179 0.3939382239382239 0.8166666666666667 0.38617760617760616 0.8035897435897436
3 0.6161003861003861 0.7171794871794871 0.6288416988416988 0.7064102564102565 0.6315444015444015 0.6976923076923077 0.6338610038610039 0.6858974358974359 0.641969111969112 0.6776923076923077 0.6442857142857144 0.6658974358974359 0.6458301158301158 0.6571794871794872 0.6589575289575289 0.6402564102564102 0.6624324324324324 0.6392307692307693 0.6747876447876449 0.6510256410256411 0.6828957528957529 0.6602564102564102 0.6504633204633204 0.7146153846153845 0.624980694980695 0.7366666666666667 0.6191891891891892 0.7433333333333333 0.6172586872586873 0.7258974358974359