3 0.3018456375838926 0.45885 0.30409395973154363 0.4893 0.32818791946308723 0.532 0.34630872483221475 0.542 0.39869127516778524 0.5344 0.4047315436241611 0.52425 0.4002013422818792 0.4758 0.39640939597315433 0.451 0.363758389261745 0.4115 0.33590604026845633 0.38 0.3093959731543624 0.37450000000000006 0.2973154362416107 0.3935 0.30033557046979864 0.41265
3 0.2772818791946309 0.4971 0.2741275167785235 0.5104 0.27308724832214765 0.5292 0.2725503355704698 0.5464 0.2709731543624161 0.56835 0.2709731543624161 0.5824 0.2709731543624161 0.59575 0.2715100671140939 0.6098 0.2752013422818792 0.62235 0.29674496644295306 0.6474 0.3214093959731544 0.6622499999999999 0.3287919463087248 0.6450499999999999 0.33875838926174495 0.6239 0.3445302013422819 0.60435 0.34560402684563757 0.58945 0.3445302013422819 0.5785 0.3445302013422819 0.56365 0.34506711409395974 0.555 0.3256375838926175 0.52525 0.3045973154362416 0.49475 0.2877852348993289 0.48534999999999995 0.2783557046979866 0.4885
3 0.44432885906040265 0.5698 0.44432885906040265 0.5863 0.447013422818792 0.6158 0.45238255033557045 0.6403 0.4621140939597316 0.6587999999999999 0.4862751677852349 0.6812999999999999 0.5161409395973154 0.6873 0.5329194630872484 0.6823 0.5463422818791946 0.6663 0.5503691275167785 0.6498 0.5533557046979866 0.64 0.5476510067114093 0.625 0.5479865771812081 0.6065 0.5459731543624161 0.5885 0.5423154362416108 0.5523 0.5399664429530201 0.5403 0.5315771812080536 0.5393 0.5282214765100671 0.5378000000000001 0.5282214765100671 0.5528 0.5043959731543625 0.5663 0.4496979865771812 0.5623 0.44432885906040265 0.5653
3 0.5473154362416107 0.46399999999999997 0.5496644295302013 0.5355 0.5614093959731544 0.5555 0.6100671140939598 0.542 0.6228187919463087 0.537 0.6557046979865772 0.5335 0.6768456375838926 0.511 0.6738255033557048 0.439 0.6649999999999999 0.4183 0.6445973154362417 0.40475 0.606006711409396 0.40475 0.577986577181208 0.41490000000000005 0.5606040268456376 0.42845 0.5507718120805369 0.44085
3 0.7687919463087248 0.359 0.7805369127516778 0.311 0.7968791946308725 0.29715 0.8126510067114093 0.27285 0.8252684563758389 0.26115 0.835771812080537 0.276 0.8362751677852349 0.2987 0.8352348993288591 0.31905 0.8346979865771812 0.341 0.8320805369127517 0.3668 0.825771812080537 0.38795 0.8158053691275168 0.40204999999999996 0.8058053691275168 0.40674999999999994 0.7869127516778524 0.40674999999999994 0.7769127516778523 0.4052 0.7679865771812081 0.3942 0.7632550335570469 0.37229999999999996
3 0.7637919463087248 0.4318 0.75748322147651 0.4537 0.742751677852349 0.4733 0.742248322147651 0.4913 0.752751677852349 0.52105 0.7667785234899329 0.551 0.7769127516778523 0.5640999999999999 0.7968791946308725 0.5640999999999999 0.811744966442953 0.546 0.8205369127516778 0.5281 0.8121140939597316 0.5046 0.8070469798657718 0.4815 0.8070469798657718 0.46299999999999997 0.8031879194630872 0.4498 0.7947651006711409 0.42945 0.7806040268456376 0.41615 0.7732214765100671 0.41924999999999996
3 0.18691275167785235 0.44854999999999995 0.18375838926174495 0.4681 0.17852348993288591 0.50805 0.1858724832214765 0.5166499999999999 0.1963758389261745 0.54485 0.1963758389261745 0.57225 0.21634228187919463 0.5887 0.23946308724832216 0.5887 0.25838926174496646 0.58475 0.26677852348993286 0.57305 0.2693959731543624 0.55735 0.26993288590604025 0.5417000000000001 0.2709731543624161 0.5284 0.2709731543624161 0.50805 0.2709731543624161 0.49005000000000004 0.2709731543624161 0.48534999999999995 0.25312080536912757 0.4877 0.2331543624161074 0.4877 0.22738255033557048 0.47909999999999997 0.2210738255033557 0.4642 0.21845637583892616 0.4595 0.21791946308724833 0.45325000000000004 0.21476510067114093 0.4407 0.21003355704697987 0.43835 0.2032214765100671 0.43835 0.19426174496644297 0.43835 0.18953020134228188 0.43915
3 0.8359060402684564 0.331 0.8389261744966443 0.297 0.8467785234899329 0.2721 0.8636241610738256 0.25095 0.8730536912751679 0.23765 0.8930201342281879 0.22435 0.8930201342281879 0.23295000000000002 0.8893624161073824 0.27365 0.8872483221476509 0.29715 0.8835570469798658 0.3225 0.876744966442953 0.3222 0.8578187919463087 0.32765 0.8515100671140939 0.33785
3 0.13281879194630872 0.34905 0.14369127516778524 0.40745 0.16003355704697986 0.43345 0.1938255033557047 0.43994999999999995 0.21671140939597314 0.43994999999999995 0.20473154362416107 0.39775 0.18073825503355703 0.35715 0.15677852348993288 0.34905
3 0.6807718120805369 0.43024999999999997 0.6970469798657718 0.4044 0.7096644295302013 0.3801 0.7196308724832214 0.35350000000000004 0.7495973154362416 0.33235 0.7601006711409396 0.377 0.7642953020134228 0.4318 0.75748322147651 0.45685000000000003 0.7448657718120806 0.4717 0.72751677852349 0.4827 0.7049328859060402 0.4858 0.6902348993288591 0.4858 0.6760402684563759 0.47485 0.6765436241610738 0.46 0.6765436241610738 0.4451
3 0.7838926174496644 0.409 0.798993288590604 0.4395 0.8140939597315436 0.4725 0.8268456375838926 0.4865 0.8483557046979866 0.47955 0.8625503355704699 0.46545000000000003 0.8704362416107382 0.4443 0.872013422818792 0.41534999999999994 0.8701342281879195 0.38549999999999995 0.8657046979865772 0.3496 0.8583557046979865 0.341 0.8536241610738254 0.3394 0.8373489932885906 0.33395 0.8346979865771812 0.3582 0.8263087248322148 0.38795 0.8184228187919462 0.39890000000000003 0.8115771812080537 0.40755 0.798993288590604 0.40755
3 0.39869127516778524 0.4521 0.4191275167785235 0.4397 0.45617449664429527 0.42729999999999996 0.4781208053691275 0.42729999999999996 0.5120805369127517 0.442 0.5280536912751679 0.46225 0.5280536912751679 0.51525 0.5280536912751679 0.5558 0.5045973154362416 0.5671 0.46147651006711415 0.5637 0.4285234899328859 0.565 0.4104026845637584 0.5565 0.40436241610738255 0.547 0.40093959731543627 0.51975 0.40093959731543627 0.49495
3 0.3517114093959732 0.5488000000000001 0.3466442953020134 0.5535 0.34328859060402683 0.5770000000000001 0.3496644295302013 0.608 0.36781879194630873 0.6323 0.3768791946308725 0.6478 0.39097315436241614 0.6653 0.40808724832214766 0.6713 0.4225167785234899 0.6513 0.4305704697986577 0.6358 0.432248322147651 0.6228 0.432248322147651 0.6033 0.431241610738255 0.5822999999999999 0.4282214765100671 0.5703 0.4268791946308725 0.5663 0.4228523489932886 0.5633 0.41010067114093957 0.5538000000000001 0.4040604026845637 0.5483 0.396006711409396 0.5463 0.3631208053691275 0.5443
3 0.20798657718120805 0.3896 0.21016778523489935 0.36365000000000003 0.22651006711409397 0.34905 0.2591946308724832 0.375 0.2973154362416107 0.41235 0.30278523489932885 0.4578 0.2896979865771812 0.47725 0.26244966442953016 0.48700000000000004 0.2308724832214765 0.4854 0.21671140939597314 0.45455 0.2156040268456376 0.43670000000000003 0.20473154362416107 0.40585
3 0.6770805369127517 0.4999 0.6770805369127517 0.5093 0.6597315436241611 0.532 0.6651006711409395 0.5705 0.6661073825503355 0.5875 0.6724832214765101 0.6245 0.7164765100671141 0.63535 0.7511744966442953 0.6056 0.7690268456375838 0.5876 0.7905704697986577 0.56645 0.779026845637584 0.56645 0.7690268456375838 0.5516 0.7522147651006711 0.5226 0.7443288590604027 0.49445 0.7395973154362416 0.4874 0.7369798657718121 0.4827 0.7248993288590604 0.4827 0.6954697986577181 0.48505000000000004 0.6849664429530201 0.49445
3 0.5657046979865772 0.5649000000000001 0.560973154362416 0.58835 0.560973154362416 0.6071500000000001 0.560973154362416 0.6408 0.5814429530201343 0.6643000000000001 0.6192953020134229 0.67215 0.6371476510067114 0.6557 0.659228187919463 0.63615 0.6686912751677853 0.62205 0.6661073825503355 0.6 0.6634228187919463 0.5760000000000001 0.661744966442953 0.561 0.6607382550335571 0.551 0.6487248322147651 0.5422 0.6376845637583892 0.5468999999999999 0.6319127516778523 0.55235 0.6250671140939598 0.55315 0.6203355704697987 0.54845 0.612986577181208 0.54765 0.6019463087248322 0.5594 0.591979865771812 0.56175 0.5856711409395973 0.56175 0.5714765100671141 0.56175 0.5693624161073825 0.56175