3 0.7576576576576576 0.35700000000000004 0.7759459459459459 0.41505000000000003 0.7893243243243243 0.43384999999999996 0.8006081081081081 0.45104999999999995 0.8182432432432433 0.4996 0.8351576576576577 0.5496500000000001 0.8591216216216216 0.58095 0.8746396396396395 0.58095 0.8880405405405406 0.5387 0.8950900900900901 0.4949 0.9141216216216216 0.37905 0.9169369369369369 0.20845 0.9162387387387387 0.17559999999999998 0.8950900900900901 0.1396 0.8802927927927928 0.149 0.8626576576576576 0.15055 0.8527927927927927 0.16620000000000001 0.8436261261261261 0.18030000000000002 0.8372747747747747 0.19440000000000002 0.8238738738738739 0.2241 0.8182432432432433 0.24135 0.8168243243243244 0.26795 0.8041441441441441 0.28985 0.7970945945945946 0.29925 0.7632432432432432 0.3337
3 0 0.34395000000000003 0.007477477477477477 0.32585000000000003 0.01804054054054054 0.3337 0.025788288288288285 0.36185 0.029324324324324323 0.39159999999999995 0.031441441441441446 0.41975 0.03425675675675676 0.44634999999999997 0.037072072072072075 0.5027 0.04412162162162162 0.5575 0.029324324324324323 0.58255 0.015923423423423424 0.58565 0.003243243243243243 0.57 0.0011261261261261261 0.56375 0 0.38939999999999997
3 0.49533783783783786 0.51055 0.4889864864864865 0.5293 0.4889864864864865 0.56375 0.49252252252252254 0.62635 0.5066216216216216 0.68585 0.524954954954955 0.75315 0.5439864864864865 0.7781999999999999 0.5665540540540541 0.78445 0.5855855855855856 0.742 0.6018018018018018 0.6811499999999999 0.6018018018018018 0.62165 0.6024999999999999 0.5903499999999999 0.5263513513513514 0.58095 0.5094369369369369 0.55435 0.5038063063063063 0.5215
3 0.6159009009009009 0.6013000000000001 0.6159009009009009 0.65925 0.628581081081081 0.7109000000000001 0.6511486486486486 0.7578499999999999 0.6828828828828829 0.7766 0.710382882882883 0.7422 0.7216441441441442 0.7093 0.7286936936936937 0.66235 0.7286936936936937 0.63105 0.7272972972972973 0.5309 0.7195270270270271 0.47609999999999997 0.710382882882883 0.4996 0.6934459459459459 0.4996 0.6885135135135135 0.498 0.6765315315315316 0.4448 0.6673648648648649 0.43855 0.6631306306306306 0.53245 0.653963963963964 0.5559499999999999 0.6264639639639639 0.58725 0.6187162162162162 0.5888
3 0.10405405405405406 0.57785 0.09842342342342343 0.5966 0.09277027027027027 0.6435500000000001 0.07304054054054054 0.74845 0.07304054054054054 0.78755 0.07727477477477478 0.82515 0.10547297297297296 0.7954000000000001 0.12731981981981982 0.7422 0.1512837837837838 0.71245 0.15905405405405407 0.69365 0.16256756756756757 0.6467 0.16680180180180182 0.6232500000000001 0.1661036036036036 0.58255 0.15630630630630632 0.6104999999999999 0.12943693693693695 0.63105 0.11815315315315315 0.6029 0.10686936936936937 0.5653
3 0.9014414414414414 0.46515 0.9070720720720721 0.47454999999999997 0.9155405405405406 0.49645000000000006 0.9211711711711712 0.51365 0.9303378378378379 0.53245 0.9402027027027027 0.5575 0.9493693693693693 0.5731499999999999 0.9578378378378378 0.58095 0.9775675675675676 0.5481 0.9860360360360361 0.4996 0.9867342342342342 0.46515 0.9867342342342342 0.4276 0.9952027027027027 0.38689999999999997 0.998018018018018 0.35715 0.9987162162162162 0.31175 0.9987162162162162 0.26325 0.9916666666666667 0.2429 0.9804054054054054 0.23975000000000002 0.9691216216216216 0.2554 0.9550225225225225 0.28515 0.9472522522522522 0.3055 0.9331531531531532 0.3368 0.9204729729729729 0.34465 0.9141216216216216 0.34935000000000005 0.9141216216216216 0.34935000000000005 0.9148198198198199 0.3775 0.9113063063063063 0.40880000000000005 0.9042567567567568 0.4276
3 0.31907657657657656 0.30235 0.3183783783783784 0.3822 0.32472972972972974 0.43229999999999996 0.33247747747747747 0.5277499999999999 0.3437612612612613 0.55905 0.37970720720720724 0.5888 0.4022747747747748 0.5966 0.4347072072072072 0.58725 0.47277027027027024 0.5747 0.4882882882882883 0.54655 0.4911036036036036 0.45265 0.49040540540540545 0.3775 0.49040540540540545 0.33995 0.45162162162162167 0.2507 0.4170945945945946 0.20065000000000002 0.390990990990991 0.1975 0.3705630630630631 0.20065000000000002 0.3571621621621622 0.20845 0.34234234234234234 0.24135 0.3360135135135135 0.257
3 0.8400900900900901 0.5653 0.841509009009009 0.60445 0.853490990990991 0.6467 0.8612387387387387 0.6779999999999999 0.8767567567567567 0.67955 0.8915540540540541 0.68895 0.8936711711711712 0.6951999999999999 0.9613513513513513 0.76255 0.9705180180180181 0.76095 0.9592342342342342 0.7045999999999999 0.9486711711711712 0.65455 0.9444369369369369 0.6201 0.9297297297297298 0.5545 0.9105855855855857 0.512 0.897972972972973 0.484 0.889436936936937 0.5309 0.879572072072072 0.5622 0.8774549549549548 0.5747 0.8668918918918919 0.5903499999999999 0.8605405405405405 0.58725 0.852072072072072 0.5747 0.8436261261261261 0.5653
3 0.6709009009009009 0.39630000000000004 0.6772297297297297 0.4354 0.6828828828828829 0.4808 0.6892117117117117 0.5027 0.7047297297297297 0.50585 0.7230630630630631 0.47924999999999995 0.7449099099099099 0.39159999999999995 0.7512612612612612 0.354 0.759009009009009 0.31645 0.7611261261261261 0.26795 0.759009009009009 0.22725 0.7385810810810811 0.22255 0.7279954954954956 0.2288 0.7153153153153153 0.25385 0.7026126126126125 0.2836 0.6927477477477477 0.3055 0.6807657657657658 0.32899999999999996 0.6751126126126126 0.35245
3 0.49252252252252254 0.34305 0.49252252252252254 0.40880000000000005 0.49322072072072076 0.44795 0.4995720720720721 0.5043 0.5094369369369369 0.55125 0.524954954954955 0.58255 0.5736036036036036 0.5903499999999999 0.6243693693693694 0.5903499999999999 0.6518468468468469 0.5622 0.6610135135135136 0.53715 0.6673648648648649 0.3728 0.6575 0.27265 0.6447972972972973 0.22255 0.6306981981981982 0.1928 0.6095495495495495 0.16935 0.5870045045045045 0.16935 0.5707882882882883 0.17715 0.5573873873873874 0.19905 0.5425675675675676 0.22725 0.523536036036036 0.25855 0.5157882882882883 0.27265 0.5038063063063063 0.30395
3 0.7301126126126126 0.5293 0.7294144144144145 0.5575 0.7301126126126126 0.5903499999999999 0.7357432432432433 0.62635 0.7413963963963964 0.64515 0.7484459459459459 0.68425 0.7766441441441441 0.7641 0.8274099099099099 0.7907 0.8365765765765766 0.78755 0.853490990990991 0.7281 0.8612387387387387 0.6779999999999999 0.8429054054054054 0.6029 0.8323423423423424 0.5622 0.8175450450450451 0.5043 0.8006081081081081 0.46515 0.7893243243243243 0.4448 0.7752252252252252 0.4325 0.7625450450450451 0.4401 0.7597297297297297 0.45890000000000003 0.7484459459459459 0.4714 0.7435135135135135 0.47765 0.7329279279279279 0.50115
3 0.04484234234234234 0.5606 0.05540540540540541 0.60445 0.06527027027027027 0.61225 0.08490990990990992 0.609 0.09707207207207208 0.5870000000000001 0.10617117117117117 0.5449499999999999 0.08995495495495495 0.41350000000000003 0.07231981981981982 0.39785 0.032837837837837835 0.2977 0.024391891891891893 0.31645 0.02509009009009009 0.35090000000000005 0.02862612612612613 0.41350000000000003 0.037792792792792795 0.4808 0.03567567567567567 0.50585
3 0.2711486486486486 0.57 0.27045045045045046 0.6201 0.27045045045045046 0.6561 0.2732657657657658 0.7140000000000001 0.2788963963963964 0.73905 0.30004504504504503 0.7656499999999999 0.33036036036036037 0.7656499999999999 0.34306306306306306 0.7422 0.35786036036036034 0.6748999999999999 0.36844594594594593 0.6467 0.36984234234234237 0.5841 0.34587837837837837 0.5622 0.3360135135135135 0.54025 0.328963963963964 0.5168 0.32261261261261265 0.4307 0.3176801801801802 0.44325000000000003 0.3099099099099099 0.44634999999999997 0.3099099099099099 0.4714 0.30146396396396397 0.51995 0.28806306306306306 0.5434
3 0.23166666666666666 0.38375 0.24718468468468469 0.4448 0.26198198198198197 0.5309 0.27184684684684685 0.56845 0.30076576576576575 0.51835 0.3063963963963964 0.47765 0.30851351351351347 0.42445 0.30851351351351347 0.37125 0.3042792792792793 0.3603 0.2901801801801802 0.34305 0.26198198198198197 0.32115000000000005 0.25351351351351353 0.30865 0.2485810810810811 0.293 0.24013513513513515 0.27575 0.23378378378378378 0.26325 0.22885135135135135 0.26795 0.22673423423423425 0.28515 0.22673423423423425 0.30705 0.22673423423423425 0.3274
3 0.3726576576576577 0.5966 0.3726576576576577 0.63575 0.379009009009009 0.67175 0.3931081081081081 0.7328 0.4079279279279279 0.7672 0.4361261261261261 0.7766 0.45234234234234233 0.7719 0.4629054054054054 0.74685 0.4756081081081081 0.6968000000000001 0.4784234234234234 0.66235 0.4798198198198198 0.64045 0.4805405405405406 0.61385 0.48123873873873874 0.5919 0.48123873873873874 0.5622 0.4720720720720721 0.5731499999999999 0.4015765765765766 0.6013000000000001 0.3733783783783784 0.5841
3 0.10405405405405406 0.5481 0.11463963963963963 0.6013000000000001 0.13013513513513514 0.6279 0.15412162162162163 0.60915 0.18231981981981982 0.5387 0.2041666666666667 0.4542 0.21896396396396395 0.43384999999999996 0.23024774774774776 0.3947 0.22954954954954956 0.354 0.21614864864864863 0.3196 0.1936036036036036 0.2867 0.1653828828828829 0.2507 0.12027027027027026 0.1881 0.11110360360360359 0.17559999999999998 0.10054054054054054 0.1928 0.09207207207207208 0.21005 0.08783783783783784 0.23195 0.08502252252252253 0.26325 0.08502252252252253 0.29455 0.08502252252252253 0.32585000000000003
3 0.9409234234234234 0.57 0.9458558558558559 0.6154 0.9529054054054054 0.64985 0.9613513513513513 0.6827 0.9698198198198199 0.7249500000000001 0.9804054054054054 0.7594 0.9930855855855856 0.7641 1 0.7585 1 0.52565 0.9994369369369369 0.52305 0.9881531531531532 0.50585 0.9818018018018019 0.5356000000000001 0.9733333333333334 0.55435 0.9606531531531531 0.58255 0.9437387387387387 0.56845
3 0.20135135135135138 0.4683 0.17385135135135135 0.5716 0.16256756756756757 0.64515 0.16117117117117116 0.72185 0.16891891891891891 0.7719 0.19853603603603606 0.7954000000000001 0.24013513513513515 0.7109000000000001 0.2577477477477477 0.65455 0.2640990990990991 0.55125 0.25704954954954956 0.50585 0.2196846846846847 0.45104999999999995