3 0.7750889679715303 0.5213333333333333 0.7866548042704626 0.6002222222222222 0.8270818505338078 0.6295555555555555 0.8401067615658363 0.6239444444444444 0.8386476868327402 0.5878333333333333 0.8393594306049823 0.5562777777777778 0.8393594306049823 0.5461111111111111 0.8328825622775801 0.5405 0.829252669039146 0.5315 0.8241992882562278 0.5134444444444445 0.8220284697508897 0.49766666666666665 0.8213167259786477 0.48977777777777776
3 0.04330960854092527 0.4296666666666667 0.03067615658362989 0.44094444444444447 0.021637010676156584 0.4512777777777778 0.02224199288256228 0.47100000000000003 0.024056939501779357 0.4926111111111111 0.027046263345195727 0.518888888888889 0.03548042704626335 0.5320555555555555 0.05170818505338078 0.5395555555555556 0.06437722419928825 0.533 0.06676156583629894 0.533 0.07879003558718861 0.48694444444444446 0.08181494661921708 0.47477777777777774 0.06437722419928825 0.47194444444444444 0.06014234875444839 0.4662777777777778 0.05412811387900356 0.4512777777777778 0.05110320284697509 0.4381111111111111 0.048113879003558714 0.4249444444444444
3 0.6516014234875445 0.40744444444444444 0.6487188612099644 0.4390555555555556 0.6487188612099644 0.45483333333333337 0.6523487544483986 0.4773888888888889 0.6638790035587189 0.49988888888888894 0.6848398576512456 0.5100555555555556 0.7079359430604982 0.5111666666666667 0.7216725978647687 0.5077777777777778 0.729608540925267 0.49988888888888894 0.7411743772241993 0.4875 0.7462277580071174 0.46611111111111114 0.7462277580071174 0.4322777777777778 0.7447686832740213 0.39955555555555555 0.7404270462633452 0.34544444444444444 0.7339501779359431 0.32405555555555554 0.7187900355871886 0.3093888888888889 0.7115658362989323 0.3093888888888889 0.6913523131672599 0.3217777777777778 0.6826690391459075 0.3398333333333333 0.6609964412811388 0.37816666666666665
3 0.17451957295373666 0.452 0.1786832740213523 0.4926111111111111 0.20779359430604982 0.5315555555555556 0.2369039145907473 0.5266666666666666 0.25669039145907474 0.5039444444444444 0.25562277580071174 0.4796111111111111 0.25562277580071174 0.4552222222222222 0.24733096085409254 0.43577777777777776 0.24003558718861212 0.41144444444444445 0.23587188612099644 0.39683333333333337 0.22651245551601423 0.3789444444444444 0.2192526690391459 0.3611111111111111 0.21612099644128113 0.3562222222222223 0.19950177935943061 0.3562222222222223 0.18078291814946618 0.3627222222222223 0.1786832740213523 0.36433333333333334 0.17765124555160142 0.40166666666666667
3 0.08612099644128114 0.38383333333333336 0.08612099644128114 0.4162777777777778 0.08612099644128114 0.4308888888888889 0.08612099644128114 0.45038888888888884 0.09444839857651245 0.47150000000000003 0.10590747330960855 0.48283333333333334 0.11733096085409252 0.48933333333333334 0.11419928825622777 0.4601111111111111 0.11110320284697509 0.4325 0.10900355871886121 0.40494444444444444 0.10797153024911033 0.3854444444444444 0.10174377224199288 0.3757222222222222 0.09238434163701068 0.35944444444444446 0.08508896797153025 0.3546111111111111
3 0.13416370106761566 0.5301666666666667 0.12455516014234876 0.554611111111111 0.12032028469750891 0.5649444444444445 0.1185053380782918 0.5799444444444445 0.1185053380782918 0.6006111111111111 0.12092526690391459 0.6166111111111111 0.13779359430604982 0.6241111111111112 0.1510320284697509 0.6203888888888889 0.15765124555160143 0.6053333333333333 0.1612455516014235 0.589388888888889 0.16366548042704626 0.5677777777777778 0.16366548042704626 0.5442777777777777 0.16427046263345194 0.5226666666666666 0.16427046263345194 0.5132777777777778 0.1600355871886121 0.5076111111111111 0.15402135231316727 0.5113888888888889 0.1371886120996441 0.5151666666666667
3 0.8697153024911032 0.4514444444444445 0.8776512455516015 0.4514444444444445 0.9000355871886121 0.4412777777777778 0.9022064056939502 0.42777777777777776 0.9014946619217081 0.4007222222222222 0.9014946619217081 0.3713888888888889 0.9014946619217081 0.34883333333333333 0.9014946619217081 0.3217777777777778 0.9007473309608541 0.3138888888888889 0.8812455516014235 0.33194444444444443 0.8761921708185053 0.34205555555555556 0.8747686832740214 0.34883333333333333 0.8747686832740214 0.3623888888888889 0.8761921708185053 0.3770555555555556 0.8761921708185053 0.3882777777777778 0.8761921708185053 0.3973333333333333 0.8725978647686833 0.4165 0.8704270462633452 0.43000000000000005
3 0.7491103202846975 0.41083333333333333 0.7491103202846975 0.45705555555555555 0.7577580071174378 0.49316666666666664 0.7736654804270463 0.5123333333333333 0.7938790035587189 0.5066666666666667 0.8148398576512456 0.49316666666666664 0.8234875444839858 0.4841111111111111 0.8249466192170819 0.45366666666666666 0.8249466192170819 0.34094444444444444 0.8191459074733096 0.3183888888888889 0.8169750889679716 0.315 0.8140925266903914 0.31166666666666665 0.8061565836298933 0.315 0.7902846975088967 0.33416666666666667 0.7823131672597865 0.35
3 0.9079715302491103 0.421 0.934697508896797 0.38605555555555554 0.9368683274021352 0.35900000000000004 0.9382918149466193 0.33416666666666667 0.9382918149466193 0.3105 0.9368683274021352 0.2891111111111111 0.9354092526690392 0.2812222222222222 0.931814946619217 0.27672222222222226 0.9166548042704625 0.3105 0.9079715302491103 0.3228888888888889 0.9036298932384341 0.3387222222222222 0.9022064056939502 0.4041111111111111
3 0.8271174377224199 0.3837777777777778 0.8393594306049823 0.3432222222222222 0.8473309608540925 0.3183888888888889 0.8559786476868327 0.3071111111111111 0.8639145907473309 0.3071111111111111 0.8704270462633452 0.3183888888888889 0.8747686832740214 0.35333333333333333 0.8754804270462633 0.3815555555555556 0.8733096085409253 0.4165 0.8675444839857651 0.45255555555555554 0.863202846975089 0.4706111111111111 0.8581494661921708 0.4886111111111111 0.8437010676156584 0.48638888888888887 0.8321708185053381 0.48188888888888887 0.8241992882562278 0.48188888888888887
3 0.04298932384341637 0.34305555555555556 0.044021352313167256 0.38855555555555554 0.04608540925266904 0.4177222222222222 0.05338078291814947 0.44372222222222224 0.06377224199288258 0.4697222222222222 0.0804270462633452 0.4713333333333333 0.08459074733096085 0.43722222222222223 0.08562277580071175 0.4047777777777778 0.08665480427046264 0.3917777777777778 0.0804270462633452 0.3657777777777778 0.07626334519572954 0.3511666666666667 0.06896797153024911 0.3398333333333333 0.06690391459074733 0.33494444444444443 0.05754448398576513 0.3252222222222222 0.05234875444839858 0.3203333333333333
3 0.5217081850533808 0.5236111111111111 0.5120996441281139 0.5311111111111111 0.507864768683274 0.5808888888888889 0.517508896797153 0.6504444444444444 0.5259430604982206 0.6786111111111112 0.5361565836298933 0.7021111111111111 0.5548042704626335 0.7105555555555556 0.5632384341637011 0.7058333333333333 0.57288256227758 0.6786111111111112 0.5812811387900356 0.6579444444444444 0.5837010676156584 0.6297777777777778 0.5849110320284698 0.5997222222222223 0.5861209964412811 0.564 0.5861209964412811 0.5442777777777777 0.5584341637010676 0.5461666666666667 0.5295373665480427 0.533 0.5235231316725979 0.5236111111111111
3 0.2618861209964413 0.39516666666666667 0.2577224199288256 0.452 0.2587544483985765 0.5007222222222222 0.2712455516014235 0.5250555555555556 0.3138790035587189 0.5333333333333333 0.34092526690391456 0.5282777777777778 0.3540925266903915 0.5155555555555555 0.3626334519572954 0.49111111111111116 0.36046263345195734 0.4655 0.36046263345195734 0.4317222222222222 0.3598220640569395 0.4222777777777778 0.34487544483985766 0.40166666666666667 0.33807829181494664 0.3855555555555556 0.3291814946619217 0.36611111111111116 0.3183274021352313 0.3575 0.31295373665480425 0.35477777777777775 0.2967259786476868 0.3537777777777778 0.2894306049822064 0.35655555555555557 0.27686832740213524 0.364
3 0.0902491103202847 0.4775555555555555 0.08423487544483986 0.48133333333333334 0.08 0.4888333333333333 0.07580071174377224 0.502 0.0703914590747331 0.5255 0.068576512455516 0.5414444444444444 0.06676156583629894 0.5762222222222222 0.09804270462633452 0.5846666666666667 0.11971530249110321 0.5752777777777778 0.12092526690391459 0.5611666666666667 0.13056939501779358 0.5377222222222222 0.13537366548042704 0.5226666666666666 0.13234875444839858 0.5085555555555555 0.11733096085409252 0.4775555555555555 0.11672597864768683 0.48977777777777776 0.10708185053380782 0.48511111111111105 0.0998576512455516 0.47944444444444445 0.09626334519572954 0.47477777777777774
3 0.17508896797153026 0.48977777777777776 0.16665480427046261 0.5565 0.15822064056939503 0.6250555555555556 0.1612455516014235 0.6532222222222223 0.1702846975088968 0.6701666666666667 0.19434163701067617 0.6532222222222223 0.21419928825622775 0.6363333333333334 0.2220284697508897 0.6222222222222222 0.22444839857651247 0.6128333333333333 0.22505338078291814 0.5978333333333333 0.22622775800711745 0.5762222222222222 0.22804270462633452 0.5292222222222223 0.2075800711743772 0.5311111111111111
3 0.22804270462633452 0.5414444444444444 0.22804270462633452 0.589388888888889 0.22864768683274023 0.6137777777777778 0.23167259786476865 0.6344444444444445 0.2382918149466192 0.6682777777777779 0.2509252669039146 0.6917777777777777 0.2713879003558719 0.6983333333333334 0.28099644128113876 0.6870555555555555 0.2924199288256228 0.6617222222222222 0.3014590747330961 0.6401111111111111 0.30565836298932386 0.6166111111111111 0.30747330960854097 0.6034444444444444 0.3086832740213523 0.5827777777777778 0.3080782918149466 0.5480555555555556 0.30686832740213527 0.5348888888888889 0.2695729537366548 0.5245555555555556 0.26476868327402137 0.5179444444444444 0.255729537366548 0.5179444444444444 0.2466903914590747 0.518888888888889 0.24491103202846973 0.518888888888889 0.23345195729537366 0.5292222222222223 0.2292526690391459 0.5273333333333333
3 0.10797153024911033 0.39355555555555555 0.11733096085409252 0.47150000000000003 0.13708185053380784 0.5153333333333333 0.15373665480427048 0.5136666666666666 0.16725978647686832 0.5023333333333333 0.17451957295373666 0.4601111111111111 0.17338078291814946 0.4455 0.1579003558718861 0.4341666666666667 0.15373665480427048 0.4162777777777778 0.1412455516014235 0.3757222222222222 0.13291814946619218 0.3676111111111111 0.12462633451957296 0.3611111111111111 0.11733096085409252 0.36433333333333334
3 0.8256583629893238 0.4908888888888889 0.8263701067615659 0.5156666666666666 0.8328825622775801 0.5382222222222222 0.8401067615658363 0.5472777777777778 0.8429893238434164 0.5630555555555555 0.8588612099644128 0.5765555555555556 0.8740213523131672 0.5754444444444444 0.8769395017793594 0.5731666666666667 0.8776512455516015 0.5269444444444444 0.8725978647686833 0.5032777777777778 0.864661921708185 0.4796111111111111 0.861779359430605 0.483 0.8574377224199288 0.48527777777777775 0.834306049822064 0.48527777777777775
3 0.8668327402135232 0.45822222222222225 0.8668327402135232 0.4796111111111111 0.8711387900355871 0.492 0.8783629893238434 0.5156666666666666 0.8848754448398577 0.536 0.8935231316725979 0.5393888888888889 0.9058007117437722 0.5382222222222222 0.9166548042704625 0.5224444444444445 0.9260498220640571 0.5032777777777778 0.9202491103202846 0.48527777777777775 0.9065480427046264 0.45255555555555554 0.9014946619217081 0.4412777777777778
3 0.41640569395017796 0.5565 0.4188256227758007 0.5978333333333333 0.42544483985765125 0.6307222222222222 0.42964412811387903 0.6513888888888889 0.437473309608541 0.6776666666666666 0.44409252669039145 0.6955 0.4555160142348754 0.7096111111111111 0.4699644128113879 0.7143333333333334 0.4813879003558719 0.7105555555555556 0.483202846975089 0.6842222222222222 0.4880071174377224 0.6692222222222222 0.49103202846975086 0.657 0.4958362989323844 0.6363333333333334 0.4970462633451957 0.6203888888888889 0.49765124555160145 0.6025 0.49765124555160145 0.5808888888888889 0.49644128113879005 0.5611666666666667 0.49523131672597864 0.5452222222222223 0.492846975088968 0.5320555555555555 0.4892170818505338 0.5207777777777778 0.4862277580071174 0.518888888888889 0.4711743772241993 0.5339444444444444 0.450711743772242 0.5489444444444445 0.4194306049822064 0.5527222222222222
3 0.3735943060498221 0.3770555555555556 0.3685409252669039 0.4176111111111111 0.36192170818505337 0.4294444444444444 0.3622775800711744 0.455 0.36405693950177936 0.47722222222222227 0.3665480427046263 0.5005555555555555 0.3701067615658363 0.52 0.3822419928825623 0.536 0.39786476868327403 0.55 0.42491103202846975 0.5516666666666666 0.4508896797153025 0.5494444444444445 0.4697508896797153 0.5338888888888889 0.4826334519572954 0.5224444444444445 0.4876868327402135 0.48977777777777776 0.48985765124555164 0.45033333333333336 0.49056939501779356 0.4176111111111111 0.48914590747330955 0.39616666666666667 0.4812099644128114 0.3657777777777778 0.47035587188612094 0.3443333333333333 0.46024911032028476 0.32855555555555555 0.44868327402135233 0.31727777777777777 0.44003558718861213 0.315 0.43135231316725975 0.315 0.41259786476868326 0.315 0.40032028469750885 0.3195555555555556 0.39309608540925267 0.3262777777777778 0.3858718861209965 0.33755555555555555 0.3822419928825623 0.3466111111111111
3 0.3086832740213523 0.5452222222222223 0.3134875444839858 0.6091111111111112 0.32252669039145904 0.6353888888888889 0.33334519572953736 0.657 0.3490035587188612 0.6898888888888889 0.3568327402135231 0.6992777777777778 0.3712811387900356 0.7067777777777777 0.3808896797153025 0.6936666666666667 0.3881138790035587 0.6767222222222222 0.39654804270462635 0.6297777777777778 0.39654804270462635 0.6006111111111111 0.39608540925266905 0.5788888888888889 0.39291814946619213 0.5480555555555556 0.3718861209964413 0.5226666666666666 0.3556227758007118 0.518888888888889 0.3490035587188612 0.5217222222222222 0.341779359430605 0.5273333333333333 0.3181494661921708 0.5327777777777778
3 0.9072597864768683 0.42550000000000004 0.9094306049822064 0.45366666666666666 0.9217081850533808 0.4886111111111111 0.9361565836298933 0.5066666666666667 0.9527402135231318 0.5247222222222222 0.9599644128113879 0.5292222222222223 0.9657651245551602 0.5292222222222223 0.9657651245551602 0.46155555555555555 0.9650177935943061 0.4131111111111111 0.963594306049822 0.3894444444444444 0.9570818505338078 0.3691111111111111 0.9513167259786477 0.35900000000000004 0.9382918149466193 0.3522222222222222 0.9354092526690392 0.3815555555555556
3 0.7 0.5202222222222223 0.7036298932384342 0.6013888888888889 0.7180427046263346 0.6284444444444445 0.733202846975089 0.6498333333333334 0.7469395017793594 0.6645 0.7686120996441281 0.6813888888888889 0.7707829181494662 0.669 0.7714946619217081 0.6622222222222223 0.7722064056939502 0.6453333333333333 0.7729537366548043 0.6306666666666666 0.7729537366548043 0.6114999999999999 0.7765480427046264 0.5833333333333334 0.7765480427046264 0.5607777777777778 0.7743772241992882 0.5156666666666666 0.7548754448398577 0.4886111111111111 0.7462277580071174 0.4796111111111111 0.7390035587188613 0.48977777777777776 0.7230960854092526 0.5077777777777778
3 0.5180071174377224 0.4041111111111111 0.5216370106761566 0.5123333333333333 0.5310320284697508 0.5326111111111111 0.5548398576512455 0.5438888888888889 0.5859074733096085 0.5449999999999999 0.6097508896797154 0.5427222222222222 0.63355871886121 0.5348333333333333 0.6422419928825622 0.5281111111111111 0.6465480427046264 0.4762222222222222 0.6429537366548043 0.42211111111111116 0.6256227758007118 0.3308333333333333 0.6169395017793595 0.3195555555555556 0.601779359430605 0.31616666666666665 0.5916725978647687 0.31616666666666665 0.5721708185053381 0.3183888888888889 0.5598932384341637 0.32405555555555554 0.5519572953736654 0.32966666666666666 0.5433096085409252 0.3398333333333333 0.5274021352313167 0.35900000000000004
3 0.6140569395017794 0.5438888888888889 0.6191103202846975 0.6329444444444445 0.6285053380782919 0.669 0.6487188612099644 0.6972222222222222 0.6609964412811388 0.6960555555555555 0.6754448398576512 0.6757777777777778 0.6870106761565836 0.6385555555555555 0.7028825622775801 0.5867222222222223 0.6985409252669039 0.5202222222222223 0.697864768683274 0.5155555555555555 0.6617437722419929 0.49655555555555553 0.6545195729537366 0.4908888888888889 0.6451245551601423 0.49427777777777776 0.6414946619217081 0.5281111111111111 0.6277935943060499 0.5382222222222222