3 0.7985500000000001 0.58075 0.8334999999999999 0.551 0.8593999999999999 0.53205 0.87835 0.5117499999999999 0.8919 0.4982 0.89325 0.5009 0.9135500000000001 0.51445 0.92975 0.5739500000000001 0.9081 0.6876000000000001 0.8919 0.72955 0.88645 0.7552500000000001 0.88375 0.7768999999999999 0.8486 0.7674 0.8107 0.7417 0.8026000000000001 0.7241500000000001 0.7998999999999999 0.70655 0.79585 0.6768000000000001 0.79315 0.6618999999999999 0.79315 0.6497499999999999
3 0.9027 0.4211 0.92435 0.40485 0.94465 0.39 0.9527500000000001 0.3724 0.9622499999999999 0.3616 0.9730500000000001 0.3616 0.99605 0.44275 0.9974 0.47385 0.99335 0.57805 0.9865999999999999 0.6132 0.946 0.59425 0.9284 0.5672 0.9216500000000001 0.5361 0.9148999999999999 0.5104 0.90945 0.49415 0.90405 0.48200000000000004 0.8973 0.43735
3 0.6443000000000001 0.5861500000000001 0.6375500000000001 0.6578499999999999 0.6524500000000001 0.7051999999999999 0.66595 0.7309 0.67545 0.74715 0.6970999999999999 0.7593000000000001 0.74445 0.76605 0.75795 0.7106 0.7715000000000001 0.68085 0.7823 0.6537999999999999 0.7972 0.62265 0.7972 0.59425 0.7945 0.5645 0.78905 0.5428499999999999 0.762 0.5334 0.73225 0.528 0.7092499999999999 0.5618
3 0.33025 0.58795 0.33025 0.62515 0.32909999999999995 0.6556000000000001 0.33025 0.6838 0.33925 0.71985 0.35055 0.74015 0.37195 0.7626999999999999 0.4227 0.7751 0.43845 0.7672 0.45765 0.74015 0.4644 0.6916500000000001 0.47454999999999997 0.6556000000000001 0.47229999999999994 0.56765 0.4689 0.5789500000000001 0.38659999999999994 0.5913499999999999
3 0.0315 0.6004999999999999 0.043899999999999995 0.6916500000000001 0.09234999999999999 0.7829999999999999 0.11380000000000001 0.7762 0.13745 0.74125 0.1634 0.70745 0.18594999999999998 0.67365 0.1882 0.6635 0.17015 0.59695 0.1679 0.58455 0.1431 0.5609000000000001 0.12845 0.5496 0.115 0.527 0.08449999999999999 0.4865 0.0732 0.5045499999999999 0.06305 0.51695 0.05405 0.5496
3 0.32234999999999997 0.31425000000000003 0.31015 0.33725 0.28175 0.39135 0.26825 0.45630000000000004 0.2669 0.51445 0.27094999999999997 0.55505 0.3061 0.58345 0.36024999999999996 0.59155 0.41840000000000005 0.58345 0.46845 0.5753 0.47655000000000003 0.55235 0.48469999999999996 0.48605 0.48200000000000004 0.43465000000000004 0.4752 0.4008 0.45630000000000004 0.3521 0.4387 0.32909999999999995 0.42515000000000003 0.31965 0.40215 0.31015 0.38865 0.3061 0.38185 0.30475 0.36700000000000005 0.30475 0.35075 0.30475
3 0.5151 0.5428499999999999 0.5015999999999999 0.5428499999999999 0.4971 0.5575 0.49145000000000005 0.5778 0.4892 0.5992000000000001 0.4892 0.6195 0.4926 0.64655 0.4971 0.677 0.505 0.7006999999999999 0.514 0.72885 0.53315 0.7637999999999999 0.5692499999999999 0.7841 0.59065 0.7751 0.5985499999999999 0.76605 0.60645 0.7424 0.61095 0.7086 0.6165999999999999 0.6838 0.61885 0.66685 0.62335 0.64655 0.62785 0.62405 0.6301 0.59695 0.63125 0.5868 0.5839 0.5902000000000001 0.54555 0.5811999999999999 0.5286500000000001 0.5654
3 0.19045 0.5519 0.17804999999999999 0.5654 0.17129999999999998 0.5857 0.1724 0.6082500000000001 0.18145 0.6397999999999999 0.1837 0.64885 0.19385000000000002 0.6849 0.19835 0.7051999999999999 0.21184999999999998 0.7480500000000001 0.22425 0.7637999999999999 0.24455 0.7706000000000001 0.25920000000000004 0.7728499999999999 0.27725 0.7672 0.2874 0.7593000000000001 0.30995 0.7232500000000001 0.3246 0.68715 0.32685000000000003 0.6759000000000001 0.32685000000000003 0.58795 0.30655 0.5778 0.2716 0.5564 0.26825 0.544 0.24455 0.5316 0.22765000000000002 0.5316
3 0.747 0.379 0.7525499999999999 0.44005000000000005 0.7525499999999999 0.44005000000000005 0.7593000000000001 0.46305 0.7687999999999999 0.5131 0.7863500000000001 0.52935 0.8066500000000001 0.5388000000000001 0.8107 0.54015 0.8377500000000001 0.53745 0.8459 0.5334 0.8675499999999999 0.5158 0.8878 0.49145000000000005 0.9027 0.48064999999999997 0.8973 0.4387 0.89595 0.41975 0.8851 0.38865 0.8593999999999999 0.3494 0.84185 0.3237 0.8377500000000001 0.31695 0.8120499999999999 0.3156 0.8039499999999999 0.31829999999999997 0.77825 0.3345 0.7687999999999999 0.3386
3 0.5496 0.35075 0.5428499999999999 0.3643 0.52935 0.3873 0.51985 0.42784999999999995 0.51715 0.44545 0.5117499999999999 0.4671 0.5117499999999999 0.50225 0.51715 0.53205 0.528 0.5631499999999999 0.5442 0.58075 0.55505 0.5848 0.5794 0.5902000000000001 0.60105 0.5875 0.6254 0.5861500000000001 0.6389 0.5821000000000001 0.6605500000000001 0.5794 0.68625 0.57125 0.7092499999999999 0.56045 0.72955 0.53745 0.73495 0.51445 0.7363 0.48200000000000004 0.73495 0.45899999999999996 0.72685 0.43055 0.716 0.40619999999999995 0.7038500000000001 0.3724 0.6849 0.33725 0.66595 0.30475 0.647 0.28855000000000003 0.6375500000000001 0.2858 0.6078 0.2899 0.5767 0.3061
3 0.08965 0.4265 0.10455 0.39945 0.1208 0.35479999999999995 0.12755 0.31425000000000003 0.1438 0.31695 0.19925 0.34804999999999997 0.2371 0.3751 0.2493 0.41975 0.25065000000000004 0.44815 0.2493 0.48335 0.2439 0.49955 0.23035 0.5225500000000001 0.22089999999999999 0.53205 0.20329999999999998 0.5442 0.1857 0.54825 0.17085 0.54555 0.1465 0.53745 0.13565 0.528 0.12215 0.51985 0.0951 0.49415 0.08695 0.4779 0.0883 0.45630000000000004