3 0.37980582524271844 0.50835 0.36886731391585764 0.5261 0.36459546925566344 0.5355 0.3609708737864078 0.5637 0.36459546925566344 0.5835 0.36886731391585764 0.60595 0.3858899676375404 0.62765 0.39867313915857605 0.64825 0.4035275080906149 0.6164000000000001 0.40472491909385117 0.59105 0.4083818770226537 0.5807 0.41142394822006473 0.5572 0.39744336569579286 0.5525 0.39563106796116504 0.5459499999999999 0.3913592233009709 0.5307999999999999
3 0.5299029126213592 0.3715 0.5080258899676375 0.42674999999999996 0.5014563106796116 0.47635 0.5043689320388349 0.5 0.518252427184466 0.5113 0.541747572815534 0.52 0.5524271844660193 0.5195000000000001 0.5736893203883495 0.51355 0.5839158576051781 0.4989 0.5875728155339806 0.4752 0.5941100323624596 0.4301 0.5926537216828479 0.39854999999999996 0.5824595469255663 0.38049999999999995 0.5736893203883495 0.36810000000000004 0.5642071197411004 0.36810000000000004 0.5598381877022655 0.36810000000000004
3 0.5020388349514563 0.6145 0.4996116504854369 0.6897 0.5154045307443366 0.70845 0.5378964401294498 0.7225499999999999 0.551294498381877 0.70285 0.5622330097087378 0.68215 0.5677022653721683 0.6615000000000001 0.5713592233009709 0.6417499999999999 0.5670873786407766 0.6145 0.5579611650485437 0.60785 0.5445954692556635 0.60315 0.5251456310679612 0.60315 0.5172168284789643 0.60595 0.5032362459546925 0.61065
3 0.41197411003236245 0.5745 0.43453074433656963 0.5901 0.4442718446601942 0.58905 0.458252427184466 0.5948 0.4558252427184466 0.5976 0.43938511326860846 0.60125 0.43938511326860846 0.607 0.4381877022653722 0.63415 0.4381877022653722 0.6568 0.43695792880258905 0.66995 0.42601941747572813 0.67935 0.4156957928802589 0.6736 0.4083818770226537 0.6605500000000001 0.40171521035598706 0.6474 0.40229773462783175 0.62295 0.40472491909385117 0.59105
3 0.6970226537216828 0.40985 0.7013915857605177 0.42784999999999995 0.6970873786407767 0.445 0.6897087378640777 0.47185000000000005 0.6933656957928802 0.4752 0.6940776699029126 0.49665 0.7137864077669903 0.5124 0.7247249190938512 0.5203 0.7437216828478964 0.5068 0.7480906148867313 0.4876 0.7575728155339806 0.45380000000000004 0.7634304207119741 0.4325 0.7663430420711974 0.40645000000000003 0.7655987055016181 0.39854999999999996 0.753915857605178 0.39630000000000004
3 0.3358252427184466 0.34895000000000004 0.3394822006472492 0.42335 0.33802588996763755 0.44815 0.3387378640776699 0.4707 0.34310679611650485 0.48875 0.4036893203883495 0.49665 0.4014886731391586 0.47409999999999997 0.39928802588996765 0.44815 0.39928802588996765 0.4211 0.395663430420712 0.37939999999999996 0.38689320388349513 0.3625 0.3781553398058252 0.35345 0.37012944983818774 0.34555 0.3350809061488673 0.34895000000000004
3 0.7714239482200648 0.4132 0.7546601941747573 0.47409999999999997 0.7619417475728155 0.48200000000000004 0.7692556634304206 0.48200000000000004 0.7809385113268609 0.491 0.7867637540453075 0.5 0.7933333333333333 0.5 0.8100970873786407 0.4876 0.8188673139158577 0.47185000000000005 0.8254368932038835 0.44705 0.8225242718446601 0.4121 0.81957928802589 0.40645000000000003 0.815210355987055 0.40195000000000003 0.8013592233009709 0.40305
3 0.43514563106796117 0.6736 0.44731391585760516 0.6999 0.47404530744336565 0.7159 0.4892556634304207 0.6999 0.49776699029126215 0.6877 0.4996116504854369 0.66705 0.5001941747572816 0.6305 0.5001941747572816 0.6098 0.4910679611650486 0.60125 0.48197411003236246 0.59845 0.464336569579288 0.59845 0.4533980582524272 0.59845 0.44 0.6023
3 0.3022653721682848 0.314 0.3044336569579288 0.3636 0.3080906148867314 0.38955 0.313915857605178 0.41885 0.3168608414239482 0.4448 0.3292556634304207 0.45265 0.33291262135922334 0.45265 0.33802588996763755 0.42674999999999996 0.33802588996763755 0.4042 0.33802588996763755 0.38165 0.33728155339805826 0.35685 0.33071197411003234 0.3309
3 0.6291585760517799 0.36810000000000004 0.5911974110032363 0.43689999999999996 0.5970550161812298 0.45604999999999996 0.602168284789644 0.4707 0.6050809061488673 0.47635 0.6145631067961165 0.4955 0.641747572815534 0.5315 0.67 0.5158 0.6758576051779935 0.5 0.6853398058252428 0.47409999999999997 0.6948220064724919 0.45039999999999997 0.6991909385113269 0.42450000000000004 0.6940776699029126 0.40305 0.6875080906148867 0.3884 0.6845954692556634 0.3839 0.6685436893203884 0.36810000000000004 0.6627184466019418 0.36475
3 0.4204530744336569 0.3715 0.397831715210356 0.40985 0.39857605177993527 0.43575 0.39857605177993527 0.45380000000000004 0.4007766990291262 0.48424999999999996 0.4036893203883495 0.5 0.4299352750809061 0.5124 0.4802588996763754 0.518 0.49417475728155336 0.51 0.5014563106796116 0.4752 0.502200647249191 0.44365000000000004 0.502200647249191 0.4121 0.49779935275080905 0.39065 0.4890614886731392 0.37375 0.4861488673139159 0.37265 0.4759223300970874 0.37034999999999996
3 0.5725566343042071 0.6211 0.5713592233009709 0.64645 0.5689320388349515 0.6595 0.5658899676375405 0.6811499999999999 0.5652750809061489 0.6981499999999999 0.5725566343042071 0.7169 0.5914239482200647 0.72725 0.6169579288025889 0.7065 0.6309385113268609 0.69345 0.6510032362459547 0.6829999999999999 0.6570873786407767 0.67745 0.6601294498381877 0.65765 0.6577022653721682 0.6352 0.6449190938511327 0.61065 0.635210355987055 0.59845 0.632168284789644 0.59575 0.6041747572815533 0.59575 0.5810679611650486 0.607