3 0.7320363636363636 0.457431693989071 0.7451636363636364 0.4809289617486339 0.7457818181818182 0.5504371584699453 0.7538909090909091 0.5673770491803278 0.7614181818181818 0.5636065573770492 0.7757818181818182 0.5448087431693989 0.7826545454545454 0.5175956284153005 0.7808 0.5034972677595628 0.7776727272727273 0.4884699453551913 0.7745454545454545 0.4715300546448088 0.7708 0.46213114754098356 0.7670181818181818 0.4546448087431694
3 0.5032 0.4884699453551913 0.512 0.5114754098360655 0.5058181818181818 0.5382513661202186 0.5087272727272727 0.6109289617486339 0.5307272727272727 0.6059016393442622 0.5457090909090909 0.6021311475409836 0.5592727272727274 0.592896174863388 0.5610909090909091 0.5453551912568306 0.5613454545454546 0.5081967213114754 0.5582181818181818 0.4818579234972678 0.5288363636363637 0.4715300546448088 0.5125818181818182 0.46027322404371585 0.4825818181818182 0.48000000000000004
3 0.3821818181818182 0.4944808743169399 0.38443636363636363 0.5846994535519126 0.3926909090909091 0.6072131147540983 0.4159272727272727 0.6173770491803279 0.43018181818181817 0.6117486338797814 0.43469090909090913 0.5813114754098361 0.4309454545454546 0.4944808743169399 0.39781818181818185 0.48360655737704916 0.396 0.44371584699453553
3 0.6438909090909091 0.4818579234972678 0.6250909090909091 0.5710382513661202 0.6382545454545455 0.6077595628415301 0.6588727272727273 0.6331147540983606 0.6826181818181818 0.6415846994535519 0.6901454545454545 0.6378142076502732 0.6976363636363636 0.6246448087431694 0.6988727272727273 0.5814754098360656 0.6970181818181819 0.5316393442622951 0.7013818181818182 0.4978688524590164 0.6982545454545455 0.4837704918032787 0.6826181818181818 0.4715300546448088 0.6651272727272727 0.4687431693989071 0.6451272727272727 0.4687431693989071
3 0.26065454545454547 0.32202185792349725 0.26439999999999997 0.44377049180327865 0.27865454545454543 0.4798360655737705 0.2936727272727273 0.4843715846994536 0.31167272727272727 0.47196721311475415 0.3139272727272727 0.460655737704918 0.3094181818181818 0.44601092896174865 0.3064 0.4325136612021858 0.30865454545454546 0.4009289617486339 0.31167272727272727 0.3716393442622951 0.3019272727272727 0.35469945355191257 0.2906545454545455 0.31185792349726776 0.26065454545454547 0.3096174863387978
3 0.5187272727272727 0.3028415300546448 0.49621818181818184 0.3434426229508197 0.5014545454545455 0.44377049180327865 0.5307272727272727 0.47420765027322404 0.5727272727272728 0.48098360655737704 0.5974909090909091 0.4561748633879782 0.6094909090909092 0.39530054644808743 0.6109818181818182 0.3580874316939891 0.6064727272727273 0.32989071038251366 0.6034909090909091 0.30060109289617487 0.5907272727272727 0.28595628415300545 0.5824727272727273 0.2791803278688525 0.5577090909090909 0.28256830601092897 0.5419636363636363 0.28704918032786886
3 0.5589090909090909 0.4786885245901639 0.5613454545454546 0.5138251366120219 0.5607272727272727 0.5927322404371584 0.5744727272727272 0.6143169398907103 0.5951272727272727 0.6068306010928961 0.6169818181818182 0.5955737704918033 0.6263636363636363 0.5701639344262295 0.6282545454545455 0.5570491803278689 0.6432363636363636 0.47622950819672133 0.6051272727272727 0.4518032786885246 0.6026181818181818 0.44994535519125683 0.5994909090909092 0.44994535519125683 0.5989090909090908 0.4546448087431694 0.5732363636363635 0.4809289617486339
3 0.4106909090909091 0.31863387978142077 0.3956727272727273 0.36147540983606563 0.39341818181818183 0.39306010928961754 0.39643636363636364 0.4392349726775956 0.39941818181818184 0.48322404371584704 0.42869090909090907 0.49224043715846993 0.43770909090909094 0.4910928961748634 0.45345454545454544 0.4888524590163934 0.47821818181818176 0.48322404371584704 0.48869090909090906 0.476448087431694 0.5157090909090909 0.4595628415300546 0.49770909090909093 0.4426229508196721 0.4969454545454545 0.4178142076502732 0.4954545454545455 0.34792349726775956 0.48719999999999997 0.3321857923497268 0.4766909090909091 0.31076502732240435 0.46396363636363636 0.2983606557377049 0.4617090909090909 0.2960655737704918 0.43469090909090913 0.2983606557377049
3 0.6995272727272728 0.48655737704918034 0.7032727272727273 0.49595628415300547 0.6970181818181819 0.5260109289617486 0.6995272727272728 0.6162295081967213 0.733890909090909 0.5786338797814208 0.7451636363636364 0.5448087431693989 0.7451636363636364 0.5147540983606558 0.7451636363636364 0.48562841530054646 0.7407636363636364 0.4734426229508197 0.7363999999999999 0.46497267759562844 0.7270181818181819 0.4546448087431694
3 0.4325818181818182 0.5025136612021858 0.4375636363636364 0.6115300546448087 0.44258181818181813 0.6359562841530054 0.45821818181818186 0.6444262295081967 0.4819636363636363 0.6284153005464481 0.5072727272727273 0.6054644808743169 0.506909090909091 0.5825136612021857 0.506909090909091 0.5366120218579236 0.5119636363636363 0.5109836065573771 0.5044727272727272 0.49125683060109293 0.4919636363636363 0.48278688524590163 0.48381818181818187 0.4818579234972678 0.4319272727272727 0.4931693989071038
3 0.6867636363636365 0.3592349726775956 0.698 0.34453551912568303 0.7055272727272728 0.3276502732240437 0.7182545454545455 0.3096174863387978 0.7340363636363637 0.3028415300546448 0.7482909090909091 0.3039890710382514 0.7482909090909091 0.3287978142076503 0.7437818181818181 0.3626229508196721 0.7370181818181818 0.41672131147540986 0.7325090909090909 0.44491803278688524 0.7190181818181818 0.4651912568306011 0.6989090909090908 0.48415300546448087 0.6923636363636364 0.4792349726775956 0.6785454545454546 0.4672131147540984 0.68 0.4426229508196721 0.6815272727272726 0.39306010928961754 0.6815272727272726 0.37612021857923494
3 0.3221818181818182 0.3163934426229508 0.3161818181818182 0.36147540983606563 0.3094181818181818 0.39306010928961754 0.30567272727272726 0.4392349726775956 0.31465454545454546 0.4663387978142077 0.3356727272727273 0.4798360655737705 0.3566909090909091 0.4798360655737705 0.3836727272727273 0.47535519125683057 0.3926909090909091 0.44939890710382513 0.39341818181818183 0.42010928961748634 0.39043636363636364 0.3817486338797814 0.3866909090909091 0.3524590163934426 0.35967272727272726 0.31748633879781424 0.34392727272727275 0.3039890710382514
3 0.6014545454545455 0.4344262295081967 0.6098181818181818 0.3967213114754098 0.6109818181818182 0.35693989071038246 0.6267272727272727 0.3321857923497268 0.6402545454545454 0.31076502732240435 0.6574909090909091 0.3017486338797814 0.675490909090909 0.2994535519125683 0.6822545454545454 0.3062295081967213 0.6837454545454545 0.360327868852459 0.6815272727272726 0.3997814207650273 0.6807636363636363 0.4359016393442623 0.6717454545454545 0.4663387978142077 0.6341818181818182 0.4683060109289618 0.608 0.45163934426229513
3 0.7445454545454545 0.35360655737704916 0.7595272727272727 0.3332786885245902 0.7737818181818181 0.30508196721311476 0.7797818181818181 0.3084699453551913 0.7790181818181818 0.36710382513661205 0.7820363636363636 0.3986885245901639 0.7768 0.4302185792349727 0.7655272727272727 0.45278688524590166 0.7520363636363636 0.45732240437158467 0.7310181818181818 0.45502732240437155
3 0.7812727272727272 0.4392349726775956 0.796290909090909 0.43475409836065576 0.8075272727272726 0.39639344262295084 0.8045454545454546 0.369344262295082 0.8015272727272726 0.3355191256830601 0.8015272727272726 0.3163934426229508 0.7782909090909091 0.32650273224043713 0.7797818181818181 0.35360655737704916 0.7820363636363636 0.39415300546448084 0.7760363636363636 0.4369945355191257
3 0.2884 0.5068852459016394 0.2929090909090909 0.5677595628415301 0.29741818181818186 0.6117486338797814 0.3139272727272727 0.6556830601092896 0.34916363636363634 0.6613661202185792 0.36269090909090906 0.6545901639344263 0.3694181818181818 0.6444262295081967 0.38443636363636363 0.576775956284153 0.3814181818181818 0.4978688524590164 0.37167272727272727 0.4798360655737705 0.3566909090909091 0.48098360655737704 0.33341818181818184 0.48098360655737704 0.31916363636363637 0.47196721311475415 0.29214545454545454 0.4877595628415301