3 0.5119259259259259 0.55635 0.5035555555555555 0.5686 0.4903333333333333 0.5836 0.4868518518518518 0.5911500000000001 0.48407407407407405 0.6071 0.48407407407407405 0.62495 0.48407407407407405 0.64 0.49370370370370376 0.642 0.5066666666666667 0.6415000000000001 0.5185185185185185 0.64 0.5425185185185185 0.63905 0.562 0.64 0.5696666666666667 0.64 0.5731481481481482 0.63245 0.575925925925926 0.61555 0.575925925925926 0.60335 0.5731481481481482 0.5902000000000001 0.5648148148148148 0.57705 0.5613333333333334 0.5714 0.5564444444444445 0.5648 0.5453333333333333 0.55165 0.5251481481481481 0.54695 0.5188888888888888 0.5498
3 0.30444444444444446 0.6415000000000001 0.30662962962962964 0.6757 0.308 0.6888500000000001 0.3302962962962963 0.69635 0.33166666666666667 0.69635 0.35255555555555557 0.6859999999999999 0.3567407407407407 0.6738 0.36088888888888887 0.6578499999999999 0.3657777777777778 0.6381 0.3588148148148148 0.63435 0.35114814814814815 0.62965 0.3448888888888889 0.62215 0.3379259259259259 0.6164999999999999 0.32959259259259255 0.624 0.3244444444444444 0.629 0.32055555555555554 0.6362
3 0.3690740740740741 0.64185 0.3561851851851852 0.6864 0.35659259259259257 0.69785 0.3658518518518519 0.71195 0.3791481481481482 0.71575 0.39725925925925926 0.71955 0.40814814814814815 0.71795 0.4117777777777778 0.7141500000000001 0.41255555555555556 0.6940000000000001 0.41459259259259257 0.65815 0.4133703703703704 0.65105 0.4093333333333333 0.64235 0.39966666666666667 0.63965 0.3936296296296296 0.63965 0.388 0.6402 0.37792592592592594 0.64185
3 0.2892222222222222 0.5639 0.2947777777777778 0.6043 0.3059259259259259 0.64 0.32055555555555554 0.6353 0.33444444444444443 0.61835 0.35185185185185186 0.61275 0.3567407407407407 0.5977 0.35255555555555557 0.5808 0.34977777777777774 0.562 0.347 0.55165 0.34074074074074073 0.5385 0.3337777777777778 0.53665 0.3191481481481482 0.54225 0.3087037037037037 0.5451 0.30174074074074075 0.5478999999999999 0.2899259259259259 0.55545
3 0.41311111111111115 0.5545 0.4089259259259259 0.5648 0.40544444444444444 0.57515 0.3998888888888889 0.5902000000000001 0.39962962962962967 0.6065 0.3985185185185185 0.6135 0.3984814814814815 0.6334000000000001 0.4089259259259259 0.63905 0.42144444444444445 0.63245 0.43118518518518517 0.63245 0.459037037037037 0.64185 0.4778148148148148 0.64655 0.47922222222222216 0.64655 0.48270370370370375 0.6315 0.48407407407407405 0.6146 0.48407407407407405 0.5977 0.4812962962962963 0.58735 0.4757407407407407 0.5742 0.47014814814814815 0.5639 0.4618148148148148 0.55165 0.4485925925925926 0.5385 0.4381481481481481 0.5338 0.4291111111111111 0.53665 0.4235185185185185 0.5404
3 0.6598518518518518 0.6701 0.6670740740740742 0.6848000000000001 0.6723333333333333 0.6951 0.6767407407407408 0.6994499999999999 0.6827777777777777 0.70325 0.7081481481481481 0.69785 0.7266666666666666 0.6864 0.7274814814814814 0.6777 0.7150000000000001 0.6646500000000001 0.7045185185185185 0.65705 0.6928518518518518 0.65595 0.6783703703703704 0.6603 0.6719259259259259 0.6603 0.6674814814814815 0.67065
3 0.4703703703703704 0.6625 0.4703703703703704 0.6759999999999999 0.4703703703703704 0.685 0.4733703703703704 0.69565 0.4737777777777778 0.7049 0.47618518518518516 0.72065 0.4778148148148148 0.72665 0.4842592592592593 0.72775 0.48948148148148146 0.72665 0.5068148148148148 0.7272 0.5128518518518519 0.725 0.5293703703703704 0.7234 0.530962962962963 0.72175 0.5337777777777778 0.7109000000000001 0.5325925925925926 0.7016500000000001 0.5269259259259259 0.6739 0.5241111111111111 0.6701 0.5188888888888888 0.65975
3 0.35603703703703704 0.5423 0.35462962962962963 0.54695 0.35255555555555557 0.562 0.3532592592592592 0.58175 0.3537037037037037 0.5925 0.35533333333333333 0.60615 0.35533333333333333 0.6174499999999999 0.3567407407407407 0.6353 0.3637037037037037 0.6362 0.37551851851851853 0.6381 0.38740740740740737 0.6385000000000001 0.39555555555555555 0.638 0.3974074074074074 0.6285000000000001 0.40055555555555555 0.5882999999999999 0.40196296296296297 0.5761 0.40125925925925926 0.5610499999999999 0.39222222222222225 0.5432 0.3782962962962963 0.5329 0.3637037037037037 0.531
3 0.5661851851851852 0.64655 0.5773333333333334 0.64935 0.6044814814814815 0.64935 0.6190740740740741 0.6456000000000001 0.6190740740740741 0.64185 0.6274444444444445 0.6052000000000001 0.6267407407407407 0.5882999999999999 0.6218518518518519 0.56575 0.6177037037037038 0.5592 0.6093333333333334 0.5610499999999999 0.5995925925925926 0.5714 0.594037037037037 0.5808 0.5898518518518518 0.58645 0.5815185185185184 0.5977 0.5773333333333334 0.6071 0.5755555555555556 0.6175 0.5717777777777777 0.6362
3 0.6246666666666667 0.6259 0.6274444444444445 0.63245 0.6302222222222222 0.64185 0.6406666666666666 0.64 0.6406666666666666 0.64 0.6476296296296297 0.64655 0.6552592592592592 0.66345 0.665 0.6709999999999999 0.6691851851851852 0.6644 0.6838148148148148 0.64 0.6914444444444444 0.61275 0.6942222222222222 0.59395 0.6886666666666666 0.56765 0.6775185185185185 0.5639 0.671962962962963 0.56765 0.6497037037037037 0.58645 0.6385555555555555 0.5977 0.6371851851851852 0.5996 0.6302222222222222 0.609
3 0.5394074074074073 0.65815 0.5386296296296297 0.6962 0.5406296296296296 0.70705 0.5442592592592592 0.71905 0.5543333333333332 0.7212000000000001 0.5808888888888889 0.71795 0.5958148148148148 0.7201000000000001 0.597 0.7201000000000001 0.5958148148148148 0.7076 0.5962222222222222 0.6951 0.595 0.6820499999999999 0.5930000000000001 0.6755500000000001 0.5905555555555555 0.66955 0.5857407407407408 0.6619499999999999 0.5825185185185185 0.65815 0.5797037037037037 0.65595 0.5764814814814815 0.6548999999999999 0.5724444444444444 0.65435 0.5712222222222222 0.65435 0.5603703703703704 0.6548999999999999 0.5551111111111111 0.6554000000000001 0.5438518518518519 0.6565000000000001
3 0.609074074074074 0.65435 0.601037037037037 0.675 0.601037037037037 0.6848000000000001 0.601037037037037 0.69785 0.6050740740740741 0.7125 0.6087037037037036 0.7184999999999999 0.6167407407407408 0.71905 0.6376666666666666 0.71525 0.6541851851851852 0.71195 0.6707037037037037 0.7087 0.679962962962963 0.70435 0.6771481481481482 0.7 0.6687037037037038 0.69075 0.6630370370370371 0.6799 0.6606296296296297 0.6733499999999999 0.6562222222222223 0.6674 0.6554074074074074 0.6646500000000001 0.6481481481481481 0.65 0.6433333333333333 0.64075 0.6332592592592592 0.64235 0.6284074074074074 0.64185 0.6276296296296296 0.6402 0.6211851851851852 0.6413 0.6207777777777779 0.64725 0.6171481481481481 0.64725 0.6139259259259259 0.6489