3 0.4202666666666667 0.69475 0.39930000000000004 0.65925 0.40026666666666666 0.64825 0.40430000000000005 0.63825 0.4106 0.63025 0.41996666666666665 0.61975 0.42793333333333333 0.61025 0.43293333333333334 0.60425 0.4409666666666666 0.59525 0.4549666666666667 0.62225 0.46459999999999996 0.64425 0.4652666666666667 0.65425
3 0.27896666666666664 0.6354500000000001 0.28709999999999997 0.6552 0.29213333333333336 0.6655500000000001 0.2977666666666667 0.6787000000000001 0.3178 0.7003 0.3416 0.705 0.35286666666666666 0.6956 0.3616333333333333 0.6834 0.3672666666666667 0.67305 0.36916666666666664 0.66365 0.3685333333333333 0.6467499999999999 0.3679 0.627 0.3641333333333333 0.61575 0.34723333333333334 0.5885 0.3272 0.5744 0.3096666666666667 0.56785 0.29463333333333336 0.5819 0.27709999999999996 0.59885 0.26893333333333336 0.61385 0.26893333333333336 0.6195
3 0.23386666666666667 0.6834 0.23576666666666668 0.70215 0.2389 0.7106 0.24263333333333337 0.7219 0.2464 0.73315 0.25079999999999997 0.7454000000000001 0.25956666666666667 0.7556999999999999 0.26393333333333335 0.7613500000000001 0.2833666666666667 0.7623000000000001 0.28709999999999997 0.7576 0.3015 0.74445 0.3059 0.7313 0.3065333333333333 0.7219 0.3059 0.7097 0.3040333333333333 0.69655 0.3034 0.6909000000000001 0.3009 0.6843 0.29586666666666667 0.67495 0.28709999999999997 0.66365 0.28396666666666665 0.66175 0.2752 0.6570999999999999 0.27146666666666663 0.6579999999999999 0.26643333333333336 0.6579999999999999 0.26016666666666666 0.6579999999999999 0.25329999999999997 0.6598999999999999 0.24953333333333333 0.6598999999999999 0.24013333333333337 0.66365
3 0.4837666666666667 0.32354999999999995 0.4837666666666667 0.348 0.4887666666666666 0.36305 0.49879999999999997 0.379 0.5119666666666667 0.39025 0.5176 0.39685000000000004 0.5307333333333333 0.4128 0.5345 0.42595 0.5357666666666666 0.43065 0.5383333333333333 0.436 0.5466666666666666 0.426 0.5445333333333334 0.41564999999999996 0.5414 0.40435000000000004 0.537 0.3884 0.5366666666666666 0.3735 0.5276666666666667 0.35450000000000004 0.5144666666666666 0.3367 0.5057 0.32265 0.4925333333333333 0.3029
3 0.3066333333333333 0.7352500000000001 0.3022666666666667 0.75325 0.30263333333333337 0.7602500000000001 0.30626666666666663 0.76925 0.31526666666666664 0.7717499999999999 0.3409666666666667 0.76325 0.3539333333333334 0.76075 0.35763333333333336 0.75075 0.35359999999999997 0.73225 0.3486 0.7232500000000001 0.3416333333333333 0.7177500000000001 0.33626666666666666 0.71575 0.3272666666666667 0.71525 0.3222666666666667 0.71875 0.31329999999999997 0.7232500000000001 0.3122666666666667 0.72375
3 0.15039999999999998 0.76295 0.14476666666666665 0.77235 0.146 0.7855 0.15163333333333334 0.79865 0.1598 0.8070999999999999 0.17293333333333336 0.8137000000000001 0.1792 0.8155500000000001 0.18923333333333334 0.80805 0.1961 0.7939499999999999 0.1936 0.7789 0.1886 0.7733 0.1861 0.76295 0.1842 0.75825 0.18046666666666666 0.7545000000000001 0.16666666666666666 0.7554500000000001
3 0.49629999999999996 0.28600000000000003 0.49629999999999996 0.3057 0.5037999999999999 0.32075000000000004 0.5257333333333333 0.35174999999999995 0.5282333333333333 0.3555 0.5363666666666667 0.3743 0.5401333333333334 0.4025 0.5464 0.4053 0.5514 0.39875 0.5514 0.3818 0.5433333333333333 0.359 0.5383333333333333 0.34950000000000003 0.5339999999999999 0.3375 0.5286666666666666 0.327 0.5226666666666667 0.3145 0.518 0.3055 0.513 0.2995 0.5076666666666667 0.292 0.5032 0.28504999999999997
3 0.3973333333333333 0.48705 0.40673333333333334 0.5152 0.41426666666666667 0.5359 0.4255333333333333 0.5518500000000001 0.4405666666666666 0.57345 0.47373333333333334 0.5716 0.4887666666666666 0.55375 0.5013 0.5349499999999999 0.5082 0.5124 0.4831333333333333 0.47009999999999996 0.46936666666666665 0.45225000000000004 0.4581 0.4391 0.44933333333333336 0.43065 0.44370000000000004 0.42505000000000004
3 0.4883 0.55525 0.5029333333333333 0.60575 0.5179333333333334 0.60075 0.5293 0.57825 0.5293 0.56225 0.5126333333333333 0.52075 0.5086 0.51275 0.5016333333333334 0.5347500000000001
3 0.18626666666666666 0.7369499999999999 0.18816666666666668 0.74725 0.1894 0.76795 0.19503333333333334 0.7792 0.2013 0.78955 0.2094666666666667 0.7989499999999999 0.21633333333333335 0.7989499999999999 0.22446666666666668 0.79705 0.23013333333333336 0.7961 0.23636666666666664 0.7914 0.2439 0.78015 0.25079999999999997 0.767 0.25329999999999997 0.76325 0.25516666666666665 0.7548 0.24953333333333333 0.7434999999999999 0.2457666666666667 0.73315 0.2432666666666667 0.7247 0.23636666666666664 0.7143999999999999 0.21823333333333333 0.71155 0.20633333333333334 0.7125 0.1988 0.71625 0.1844 0.7238
3 0.34223333333333333 0.54715 0.3491 0.56405 0.356 0.5857 0.3647666666666667 0.6035499999999999 0.3685333333333333 0.6167 0.37479999999999997 0.62985 0.3917 0.63265 0.4036 0.62795 0.42866666666666664 0.604 0.4326666666666667 0.591 0.43116666666666664 0.5819 0.4305333333333333 0.5763 0.4255333333333333 0.5622 0.41800000000000004 0.5528 0.40486666666666665 0.5387 0.3973333333333333 0.52835 0.38983333333333337 0.52085 0.3723 0.5114500000000001 0.36666666666666664 0.50865 0.351 0.52085 0.3446666666666667 0.532
3 0.4352666666666667 0.57775 0.44060000000000005 0.59375 0.4459666666666666 0.60475 0.44893333333333335 0.60975 0.45626666666666665 0.62525 0.46193333333333336 0.63825 0.46626666666666666 0.6447499999999999 0.47163333333333335 0.6497499999999999 0.48793333333333333 0.63925 0.4969333333333334 0.63225 0.5059666666666667 0.62275 0.5036 0.6132500000000001 0.5022666666666666 0.60475 0.48793333333333333 0.5557500000000001 0.47330000000000005 0.57225 0.43929999999999997 0.5742499999999999
3 0.45620000000000005 0.4175 0.4887666666666666 0.47575 0.5050666666666667 0.5077 0.5138333333333334 0.5218 0.5301333333333333 0.49735 0.5407666666666666 0.47104999999999997 0.5407666666666666 0.44665 0.5345 0.4241 0.5307333333333333 0.4119 0.5163333333333333 0.39590000000000003 0.4975333333333333 0.3762 0.4837666666666667 0.3602 0.4794 0.3743 0.47123333333333334 0.38555 0.4587333333333333 0.40155 0.4549666666666667 0.40625
3 0.38126666666666664 0.64375 0.3793 0.65275 0.37693333333333334 0.6572499999999999 0.3743 0.66325 0.3672666666666667 0.6757500000000001 0.3569333333333333 0.6927500000000001 0.34459999999999996 0.70575 0.3486 0.71575 0.3586 0.7297499999999999 0.36596666666666666 0.73925 0.3772666666666667 0.73725 0.3919333333333333 0.7232500000000001 0.4066333333333333 0.71125 0.41459999999999997 0.70325 0.41763333333333336 0.69625 0.41496666666666665 0.6877500000000001 0.3986 0.66025 0.3986 0.65575 0.3986 0.65275 0.39663333333333334 0.64725 0.3929333333333333 0.64125 0.38693333333333335 0.63875