3 0.426 0.3175 0.41608 0.32539999999999997 0.40436 0.3378 0.39892 0.3468 0.39352 0.35695 0.38452 0.375 0.37368 0.38625 0.36376 0.40090000000000003 0.36284 0.4156 0.36648000000000003 0.43024999999999997 0.37548000000000004 0.4404 0.38452 0.45165 0.39712000000000003 0.4708 0.4052 0.47100000000000003 0.41 0.4675 0.4132 0.4515 0.41968 0.44375 0.4278 0.43134999999999996 0.43439999999999995 0.42 0.44764 0.3998 0.45304 0.375 0.45396 0.366 0.45396 0.3547 0.45396 0.3468 0.45304 0.3389 0.44944 0.3265 0.44672 0.32315 0.4368 0.31635
3 0.45112 0.56465 0.45032 0.57265 0.44992000000000004 0.58465 0.42712 0.62265 0.48592 0.64865 0.48951999999999996 0.6446500000000001 0.49472000000000005 0.62815 0.49912 0.61065 0.49951999999999996 0.60565 0.49912 0.60065 0.49272000000000005 0.59265 0.48472000000000004 0.5861500000000001 0.47592 0.57865 0.46752 0.57365 0.46392 0.57065 0.45792 0.56865
3 0.48792 0.52415 0.48832 0.53665 0.5027200000000001 0.55615 0.5199199999999999 0.57115 0.53792 0.57165 0.55872 0.55415 0.57632 0.5236500000000001 0.57712 0.48564999999999997 0.57672 0.46564999999999995 0.56512 0.45565 0.55552 0.45165 0.55072 0.44815 0.53752 0.45415
3 0.4076 0.4815 0.41875999999999997 0.49335 0.43772000000000005 0.51365 0.44312 0.5238 0.45483999999999997 0.5317000000000001 0.47 0.537 0.4828 0.5283 0.50624 0.49674999999999997 0.51348 0.4866 0.51528 0.47304999999999997 0.5170800000000001 0.45505 0.51528 0.42685 0.51348 0.41445 0.50896 0.40545000000000003 0.50176 0.3998 0.48912 0.39305 0.47468 0.39640000000000003 0.45576 0.40090000000000003 0.45304 0.39865 0.4472 0.401 0.43860000000000005 0.41445 0.43232 0.42345 0.428 0.42950000000000005 0.42148 0.4415 0.418 0.445 0.41428 0.44939999999999997
3 0.50112 0.60815 0.49472000000000005 0.63165 0.48912 0.64565 0.49712 0.65065 0.51232 0.65815 0.5327200000000001 0.66315 0.53992 0.6646500000000001 0.55432 0.66565 0.55792 0.6596500000000001 0.55792 0.65015 0.5571200000000001 0.64265 0.55352 0.6356499999999999 0.54992 0.62715 0.54392 0.61615 0.5347999999999999 0.6104999999999999
3 0.68152 0.64315 0.68512 0.65515 0.68832 0.6611499999999999 0.69632 0.66565 0.69992 0.66565 0.70712 0.66515 0.72312 0.65815 0.7303200000000001 0.6516500000000001 0.73952 0.64315 0.7479199999999999 0.62115 0.74552 0.60865 0.7303200000000001 0.60015 0.71872 0.60315 0.7095199999999999 0.60515 0.70112 0.60965 0.68712 0.63115
3 0.36556 0.22164999999999999 0.34932 0.2589 0.3452 0.28600000000000003 0.33488 0.3096 0.33039999999999997 0.3299 0.33852 0.34345 0.352 0.3525 0.35924 0.3344 0.37276 0.30285 0.3836 0.27015 0.38452 0.2521 0.38539999999999996 0.2386
3 0.63952 0.59015 0.6283200000000001 0.61765 0.63152 0.63265 0.63432 0.6406499999999999 0.6379199999999999 0.6476500000000001 0.6447200000000001 0.6566500000000001 0.66552 0.65565 0.67872 0.63965 0.69792 0.61165 0.7043200000000001 0.6011500000000001 0.70872 0.58115 0.70592 0.57765 0.69632 0.57765 0.68992 0.57765 0.6811200000000001 0.5781499999999999 0.67392 0.5791499999999999 0.66632 0.58115 0.65312 0.58315 0.64312 0.58465
3 0.3892 0.2635 0.35475999999999996 0.34345 0.3508 0.3615 0.3516 0.37200000000000005 0.3536 0.3835 0.35760000000000003 0.3945 0.36468 0.39865 0.38268 0.3761 0.3916 0.361 0.4016 0.34049999999999997 0.4068 0.325 0.39892 0.30395 0.39892 0.2927 0.39892 0.27355
3 0.38512 0.48465 0.36032 0.51865 0.36272000000000004 0.53915 0.36832 0.55315 0.37232 0.55865 0.38672 0.57115 0.38832 0.56965 0.40952 0.54065 0.41872000000000004 0.52665 0.41152 0.51515 0.4088 0.5115 0.4048 0.507 0.4004 0.503 0.3948 0.4965 0.39039999999999997 0.48950000000000005
3 0.34552 0.45265 0.34672000000000003 0.48715 0.35152 0.50265 0.35712 0.51465 0.35992 0.51915 0.37432 0.49815 0.38351999999999997 0.48365 0.38432 0.47814999999999996 0.38351999999999997 0.47265 0.38232 0.46615 0.37712 0.45715000000000006 0.37392000000000003 0.45115 0.37232 0.44515 0.37151999999999996 0.44315 0.37072000000000005 0.44115000000000004
3 0.58 0.519 0.55472 0.55915 0.55432 0.56965 0.55392 0.5781499999999999 0.55552 0.59265 0.55792 0.59915 0.56712 0.6121500000000001 0.56992 0.61465 0.58472 0.62215 0.58672 0.62215 0.60112 0.62215 0.60912 0.6206499999999999 0.62912 0.61465 0.64032 0.58965 0.6399199999999999 0.57165 0.65312 0.55615 0.65792 0.54765 0.6507200000000001 0.53665 0.63152 0.52065 0.6239199999999999 0.5156499999999999 0.60872 0.51265 0.59272 0.5166499999999999
3 0.41672000000000003 0.53115 0.38992 0.56865 0.39032 0.58065 0.39472 0.59165 0.40032 0.6021500000000001 0.40632 0.60865 0.41032 0.61115 0.42832 0.61865 0.44752 0.58665 0.44912 0.57365 0.44912 0.56465 0.44672 0.55765 0.44472 0.55315 0.44032 0.54915 0.43592000000000003 0.54265 0.43192 0.53915 0.43192 0.53915 0.43032 0.5386500000000001 0.42632 0.5346500000000001 0.42272000000000004 0.53165