3 0.22643333333333335 0.3099 0.2286 0.3171 0.22946666666666668 0.3236 0.22946666666666668 0.33665 0.22986666666666664 0.3732 0.22986666666666664 0.38425 0.2303 0.39865 0.23166666666666666 0.40905 0.2346666666666667 0.41165 0.2408 0.41495 0.24513333333333334 0.42015 0.2542666666666667 0.42469999999999997 0.2608 0.42405000000000004 0.26863333333333334 0.42274999999999996 0.2803333333333333 0.41950000000000004 0.28726666666666667 0.4071 0.29209999999999997 0.3934 0.29423333333333335 0.381 0.29510000000000003 0.35229999999999995 0.2946666666666667 0.34119999999999995 0.29423333333333335 0.32034999999999997 0.29423333333333335 0.30469999999999997 0.2934 0.29815
3 0.6609 0.3908 0.6696 0.3947 0.6848666666666667 0.3947 0.6878666666666667 0.39535 0.697 0.396 0.7048 0.38885 0.7030666666666666 0.37125 0.7033333333333334 0.35450000000000004 0.7013333333333334 0.32685000000000003 0.6991666666666667 0.30665 0.6856666666666666 0.29035 0.6761666666666667 0.2877 0.6561 0.28835 0.6535333333333333 0.28835 0.6565333333333334 0.29685 0.6609 0.34905 0.6626666666666667 0.37579999999999997
3 0.15766666666666665 0.3308 0.15853333333333333 0.34515 0.15853333333333333 0.35165 0.1555 0.36274999999999996 0.1525 0.39015 0.1525 0.39865 0.15636666666666665 0.4182 0.1612 0.41950000000000004 0.16376666666666667 0.42015 0.1716 0.4143 0.17636666666666664 0.41365 0.18203333333333332 0.41035 0.18289999999999998 0.396 0.18073333333333333 0.37775 0.18289999999999998 0.3549 0.18636666666666665 0.33795000000000003 0.18816666666666668 0.321 0.18506666666666668 0.32034999999999997 0.1794666666666667 0.32034999999999997 0.1738 0.32165 0.1655 0.32295
3 0.12593333333333334 0.35424999999999995 0.12373333333333332 0.37905 0.1250666666666667 0.3908 0.1307 0.40125 0.13593333333333335 0.40645000000000003 0.14506666666666668 0.4071 0.1512 0.4058 0.15156666666666666 0.396 0.15336666666666665 0.3823 0.15506666666666669 0.36469999999999997 0.15903333333333333 0.35165 0.15683333333333332 0.3275 0.1481 0.32555 0.14026666666666665 0.32555 0.13243333333333332 0.32945
3 0.5530666666666666 0.28704999999999997 0.5521666666666667 0.30925 0.5526 0.32425 0.5534666666666667 0.34119999999999995 0.5534666666666667 0.35950000000000004 0.5539333333333334 0.37384999999999996 0.5539333333333334 0.3856 0.5569333333333334 0.39865 0.5587333333333333 0.39865 0.5686666666666667 0.40149999999999997 0.5823333333333333 0.3995 0.592 0.40700000000000003 0.6 0.4025 0.6036666666666667 0.392 0.6130333333333333 0.3934 0.6169666666666667 0.3856 0.6182666666666666 0.35165 0.6182666666666666 0.33665 0.6169666666666667 0.32165 0.6144 0.3099 0.6095666666666667 0.2949 0.6034666666666666 0.2825 0.5982666666666666 0.2753 0.5912999999999999 0.26815 0.5865666666666667 0.26815 0.5778 0.2662 0.5704333333333333 0.2675 0.5626 0.27140000000000003
3 0.2934 0.29815 0.2964 0.38034999999999997 0.29946666666666666 0.3993 0.3007666666666667 0.40645000000000003 0.3107666666666667 0.40645000000000003 0.3320666666666667 0.40840000000000004 0.3534 0.4058 0.3555666666666667 0.39994999999999997 0.3604 0.38295 0.3621 0.36469999999999997 0.3621 0.3386 0.36123333333333335 0.30795 0.3599 0.29685 0.35256666666666664 0.2897 0.3347333333333333 0.289 0.3025 0.29035
3 0.5016333333333334 0.5628 0.5036333333333334 0.5872999999999999 0.5046333333333333 0.6043 0.5063 0.6378 0.5033000000000001 0.6528 0.5116333333333334 0.6537999999999999 0.5276333333333333 0.6487999999999999 0.5459666666666666 0.6408 0.5509666666666666 0.6378 0.5596333333333333 0.6263000000000001 0.5623 0.6138 0.5619666666666667 0.5918 0.5609666666666666 0.5728 0.5599666666666667 0.5543 0.5569999999999999 0.5515
3 0.43896666666666667 0.5778 0.4403 0.5858 0.4416333333333334 0.6008 0.43600000000000005 0.654 0.47129999999999994 0.6587999999999999 0.48363333333333336 0.6557999999999999 0.4979666666666666 0.6483 0.5016333333333334 0.6383 0.5029666666666667 0.6138 0.5013 0.5878 0.49929999999999997 0.5753 0.4923 0.5678 0.46296666666666664 0.5698 0.4409666666666666 0.5738
3 0.3766333333333333 0.5863 0.3829666666666667 0.5943 0.38563333333333333 0.6323 0.3869666666666667 0.6413 0.3933 0.6613 0.4013 0.6623 0.4093 0.6623 0.4243 0.6623 0.43163333333333337 0.6598 0.4333 0.6573 0.43729999999999997 0.6443000000000001 0.4386333333333333 0.6343 0.4399666666666667 0.6183 0.4406333333333333 0.6043 0.4399666666666667 0.5863 0.43963333333333326 0.5793 0.43729999999999997 0.5753 0.43429999999999996 0.5722999999999999 0.3833 0.5708 0.3799666666666667 0.5803
3 0.46216666666666667 0.29295000000000004 0.46040000000000003 0.33665 0.46129999999999993 0.3582 0.4608333333333333 0.38295 0.46 0.3993 0.4625666666666667 0.40905 0.46386666666666665 0.41235 0.46603333333333335 0.4143 0.48129999999999995 0.41885 0.5295666666666666 0.41495 0.5382666666666667 0.4071 0.5465 0.3947 0.5509000000000001 0.38425 0.5534666666666667 0.36924999999999997 0.5534666666666667 0.34645000000000004 0.5512999999999999 0.30795 0.5486666666666666 0.2923 0.5439333333333334 0.2838 0.5361 0.27335 0.5216666666666666 0.273 0.5093333333333334 0.27699999999999997 0.49833333333333335 0.281 0.47866666666666663 0.29295000000000004
3 0.3604 0.2962 0.36296666666666666 0.36665 0.3642666666666667 0.39275 0.3690333333333333 0.40905 0.37833333333333335 0.41700000000000004 0.42083333333333334 0.41625 0.453 0.4156 0.45346666666666663 0.4156 0.46 0.39795 0.46 0.37579999999999997 0.46 0.3458 0.46 0.3262 0.45603333333333335 0.306 0.453 0.2897 0.4421666666666667 0.28055 0.42036666666666667 0.2753 0.39953333333333335 0.27665 0.3852 0.28055 0.3677333333333333 0.28835
3 0.6927 0.29735 0.7217 0.30885 0.7223666666666667 0.35835 0.7227 0.37634999999999996 0.7220333333333334 0.38985 0.7150333333333333 0.39335000000000003 0.7047 0.39185000000000003 0.7047 0.38335 0.7033666666666666 0.35135 0.7013333333333334 0.32549999999999996 0.6990333333333334 0.30585
3 0.6152333333333333 0.3921 0.6213666666666666 0.4032 0.6278666666666667 0.40840000000000004 0.6352333333333333 0.4097 0.6457 0.40840000000000004 0.657 0.40399999999999997 0.66 0.389 0.6635333333333333 0.37255000000000005 0.6613666666666667 0.35229999999999995 0.6592 0.3262 0.6561 0.2988 0.6509 0.28575 0.6382666666666666 0.28445 0.6200333333333333 0.28575 0.6126 0.29555 0.6182666666666666 0.321 0.6200333333333333 0.3458 0.6174 0.38034999999999997
3 0.5606333333333333 0.5538000000000001 0.5636333333333333 0.6128 0.5596333333333333 0.6278 0.5623 0.6347999999999999 0.5649666666666667 0.6347999999999999 0.5912999999999999 0.6388 0.5949666666666666 0.6347999999999999 0.6056333333333334 0.6243 0.6133000000000001 0.6173 0.6196333333333333 0.6098 0.617 0.5965 0.613 0.5805 0.61 0.5665 0.6096333333333332 0.5528 0.6049666666666667 0.5448 0.6009666666666666 0.5428000000000001
3 0.18766666666666665 0.32295 0.18766666666666665 0.33340000000000003 0.18289999999999998 0.35229999999999995 0.18163333333333334 0.37775 0.18116666666666667 0.38689999999999997 0.18163333333333334 0.39865 0.18203333333333332 0.41100000000000003 0.189 0.41885 0.20033333333333334 0.42274999999999996 0.21116666666666667 0.41950000000000004 0.21683333333333332 0.4182 0.22296666666666667 0.4156 0.22643333333333335 0.40775 0.2286 0.3973 0.22946666666666668 0.38755 0.22946666666666668 0.3699 0.22946666666666668 0.3549 0.229 0.33795000000000003 0.229 0.33275 0.22813333333333333 0.3197 0.2273 0.31315000000000004 0.22466666666666668 0.30795 0.22296666666666667 0.306 0.216 0.3073 0.20856666666666668 0.31055 0.20203333333333334 0.3151