3 0.21443333333333334 0.5800500000000001 0.20453333333333334 0.69505 0.21353333333333335 0.7275 0.2270666666666667 0.7816500000000001 0.24873333333333336 0.8547 0.3118666666666667 0.87225 0.36236666666666667 0.8709 0.36866666666666664 0.78435 0.37496666666666667 0.7478 0.39599999999999996 0.7175 0.38766666666666666 0.6555 0.38366666666666666 0.6065 0.384 0.58275 0.34523333333333334 0.5800500000000001 0.3154666666666667 0.55975 0.29833333333333334 0.5327000000000001 0.28300000000000003 0.47995 0.2541333333333333 0.53675
3 0.9264 0.14935 0.9091 0.20454999999999998 0.9123333333333333 0.26625 0.9101666666666667 0.3068 0.9079999999999999 0.35715 0.9015 0.40095 0.9123333333333333 0.29710000000000003 0.9091 0.34740000000000004 0.9058333333333334 0.39125 0.8972000000000001 0.43505000000000005 0.8928666666666667 0.47725 0.8917666666666666 0.5 0.8843333333333334 0.535 0.8950333333333333 0.5341 0.9134333333333332 0.5276 0.9242333333333332 0.4935 0.9326666666666668 0.419 0.9469666666666666 0.29710000000000003 0.9436666666666668 0.21850000000000003
3 0.7970666666666667 0.5586 0.7922666666666667 0.7210500000000001 0.8005333333333333 0.7628 0.8192333333333334 0.7829999999999999 0.8276666666666667 0.8255 0.8346666666666667 0.8740000000000001 0.8493333333333334 0.8859999999999999 0.8603333333333334 0.86425 0.87 0.8265 0.8733333333333333 0.8005 0.864 0.757 0.8658 0.71 0.8633333333333333 0.6705 0.8585666666666666 0.6153 0.8585666666666666 0.57205 0.8549666666666667 0.53415 0.8533333333333334 0.521 0.853 0.4625 0.848 0.491 0.8466666666666667 0.517 0.8453 0.53265 0.8399333333333333 0.54215 0.8249333333333333 0.5581499999999999
3 0.3268333333333333 0.1883 0.2922 0.2987 0.29113333333333336 0.47564999999999996 0.30843333333333334 0.5487 0.3344 0.5779 0.3593 0.5844 0.39826666666666666 0.5828 0.46103333333333335 0.5844 0.48593333333333333 0.56005 0.49893333333333334 0.5081 0.5010666666666667 0.47405 0.4978333333333333 0.4253 0.49350000000000005 0.3766 0.487 0.33765 0.4816 0.3068 0.4729333333333333 0.2792 0.4643 0.25325 0.4491333333333334 0.22725 0.4404666666666666 0.2078 0.4231666666666667 0.1802 0.4177333333333333 0.1753 0.40476666666666666 0.1753 0.37986666666666663 0.17855000000000001
3 0.7229333333333333 0.24515 0.7348333333333333 0.21265 0.75 0.16885000000000003 0.8387333333333333 0.14935 0.8636333333333333 0.25975000000000004 0.8614666666666667 0.39775 0.8473333333333333 0.494 0.8441666666666666 0.5357 0.8225 0.56005 0.7836666666666666 0.5539999999999999 0.7424333333333333 0.53895 0.7424333333333333 0.4935 0.7413333333333334 0.45455 0.7413333333333334 0.40745
3 0.8539000000000001 0.21755 0.8744666666666666 0.138 0.8939333333333334 0.1331 0.9036666666666667 0.1445 0.9091 0.18995 0.9123333333333333 0.22565000000000002 0.9123333333333333 0.26625 0.9123333333333333 0.29710000000000003 0.9091 0.34740000000000004 0.9058333333333334 0.39125 0.8972000000000001 0.43505000000000005 0.8928666666666667 0.47725 0.8917666666666666 0.5 0.8852666666666666 0.5276 0.8831333333333333 0.53735 0.8614666666666667 0.5292 0.8539000000000001 0.5211 0.8539000000000001 0.4805 0.8625666666666666 0.3685 0.8625666666666666 0.28245000000000003 0.8636333333333333 0.25975000000000004
3 0.092 0.30355 0.11686666666666667 0.2224 0.13313333333333333 0.1867 0.2435 0.18505 0.27163333333333334 0.24675 0.28896666666666665 0.28735 0.28896666666666665 0.34415 0.28786666666666666 0.3945 0.2868 0.4432 0.28786666666666666 0.46915 0.2662333333333333 0.5195000000000001 0.2272666666666667 0.5633 0.19913333333333333 0.5747 0.17316666666666666 0.55195 0.14286666666666667 0.5227499999999999 0.11363333333333335 0.4919 0.0985 0.43505000000000005 0.092 0.3961 0.08656666666666667 0.3247
3 0.6951333333333333 0.5800500000000001 0.7016666666666667 0.5945 0.6789 0.7505 0.6843333333333333 0.7924500000000001 0.6942333333333334 0.82625 0.7077666666666667 0.8614499999999999 0.714 0.8935 0.7709 0.88715 0.7781333333333333 0.8654999999999999 0.7913333333333333 0.845 0.7876666666666667 0.804 0.7934666666666667 0.7018000000000001 0.7952666666666667 0.6476999999999999 0.7952666666666667 0.57735 0.7952666666666667 0.5557 0.7736000000000001 0.55165 0.7555666666666666 0.5449 0.7483666666666666 0.5395 0.7357333333333334 0.5449 0.7176666666666667 0.556 0.6933333333333334 0.5715
3 0.8658 0.71 0.8900333333333333 0.7493000000000001 0.8962666666666667 0.7928499999999999 0.9100999999999999 0.8291 0.9142333333333332 0.7814 0.9149333333333334 0.72545 0.9149333333333334 0.6953499999999999 0.9135333333333333 0.6487 0.9100999999999999 0.6259 0.9045666666666666 0.5917 0.8976666666666667 0.5637 0.8907333333333334 0.53775 0.8541000000000001 0.52635 0.8582666666666667 0.6
3 0.0974 0.45615 0.06386666666666667 0.49515 0.041133333333333334 0.53735 0.0357 0.5893 0.0303 0.6396000000000001 0.027066666666666662 0.6850499999999999 0.14936666666666668 0.80355 0.1656 0.76625 0.19156666666666666 0.7175499999999999 0.20236666666666667 0.6850499999999999 0.20563333333333333 0.6591 0.20996666666666666 0.5779 0.18396666666666667 0.5617 0.15693333333333334 0.5357 0.13203333333333334 0.5146000000000001 0.1093 0.47564999999999996
3 0.4837666666666667 0.2922 0.5032333333333333 0.4643 0.49566666666666664 0.53895 0.5093333333333334 0.5575 0.5433 0.58115 0.5974 0.5893 0.6969666666666666 0.5682 0.7403333333333333 0.5395 0.7424333333333333 0.5227499999999999 0.7424333333333333 0.4805 0.7424333333333333 0.43505000000000005 0.7348333333333333 0.3539 0.7305333333333334 0.31329999999999997 0.7251 0.2695 0.7121333333333333 0.2208 0.6959000000000001 0.18345 0.6861333333333334 0.16394999999999998 0.6546666666666667 0.1625 0.5562666666666667 0.17370000000000002 0.5216333333333334 0.2078
3 0.5544666666666667 0.58275 0.5558000000000001 0.7201000000000001 0.5556666666666666 0.7875 0.5801666666666667 0.8201999999999999 0.5976666666666667 0.857 0.6096666666666667 0.8859999999999999 0.6393333333333334 0.893 0.6736666666666666 0.8684999999999999 0.6746666666666666 0.8365 0.6757666666666666 0.7687999999999999 0.7006666666666667 0.6004999999999999 0.6991999999999999 0.5929 0.6902 0.5672 0.6036 0.58885
3 0.384 0.61115 0.39393333333333336 0.7018000000000001 0.40473333333333333 0.76405 0.4426333333333333 0.8344 0.44713333333333327 0.852 0.48050000000000004 0.89255 0.5084666666666666 0.8831 0.5165666666666666 0.8682 0.5535666666666667 0.80735 0.5535666666666667 0.7654000000000001 0.5535666666666667 0.6883 0.5544666666666667 0.58275 0.525 0.5725 0.49433333333333335 0.5455 0.4678666666666667 0.5800500000000001 0.40743333333333337 0.58275 0.384 0.58275