3 0.6713651877133107 0.2409 0.6566211604095563 0.27094999999999997 0.6598293515358362 0.33015 0.661740614334471 0.4316 0.661740614334471 0.48985 0.6668600682593856 0.49735 0.7201023890784983 0.49735 0.7444709897610922 0.48515 0.7534470989761092 0.4767 0.7617747440273037 0.45604999999999996 0.7656313993174062 0.4175 0.7656313993174062 0.37525 0.7617747440273037 0.3452 0.7592150170648464 0.30385 0.7592150170648464 0.28600000000000003 0.7592150170648464 0.26530000000000004 0.7560068259385665 0.25595 0.7502389078498293 0.23620000000000002 0.747679180887372 0.22774999999999998 0.7316382252559727 0.22495 0.7233105802047782 0.22585 0.7021501706484641 0.2268 0.682901023890785 0.22870000000000001
3 0.7669283276450513 0.5408 0.7513651877133106 0.53035 0.7322184300341297 0.531 0.7157337883959045 0.53825 0.7126279863481229 0.54535 0.7086006825938567 0.561 0.7081569965870308 0.5695 0.7081569965870308 0.57995 0.7090443686006825 0.60275 0.7094880546075085 0.6243 0.7094880546075085 0.63995 0.7090443686006825 0.6628000000000001 0.7068259385665528 0.6869 0.7077133105802048 0.7104 0.7148464163822525 0.7339 0.7237542662116041 0.7502 0.7273037542662116 0.75485 0.760716723549488 0.7443500000000001 0.7749488054607508 0.7365 0.7932081911262798 0.72615 0.7949829351535836 0.71115 0.7949829351535836 0.67125 0.792320819112628 0.62755 0.7878839590443686 0.5956
3 0.40511945392491466 0.56625 0.4037883959044369 0.58255 0.40334470989761095 0.5969 0.40334470989761095 0.6171 0.4060068259385665 0.6543000000000001 0.40955631399317405 0.68955 0.41447098976109215 0.7332500000000001 0.4175767918088737 0.75215 0.43627986348122866 0.77435 0.476382252559727 0.7802 0.4919453924914675 0.77045 0.5031058020477815 0.7267 0.5057679180887372 0.6967 0.5053242320819112 0.6679999999999999 0.5031058020477815 0.6314500000000001 0.5017406143344709 0.60865 0.49952218430034134 0.58775 0.4964163822525597 0.56885 0.4928327645051195 0.5623
3 0.8457679180887372 0.46185000000000004 0.8733788395904437 0.47165 0.883174061433447 0.4462 0.8858361774744028 0.43315 0.8894197952218431 0.41355 0.8894197952218431 0.39270000000000005 0.8965187713310581 0.32165 0.8965187713310581 0.28895 0.8938566552901023 0.25120000000000003 0.888532423208191 0.23620000000000002 0.8760409556313994 0.2335 0.852901023890785 0.24525 0.8564505119453925 0.26745 0.8573378839590443 0.34235 0.847542662116041 0.4006 0.8457679180887372 0.4449
3 0.2131740614334471 0.68825 0.2550511945392492 0.7117 0.2911262798634812 0.7273499999999999 0.2977815699658703 0.7267 0.305358361774744 0.71825 0.3062457337883959 0.69735 0.3031399317406143 0.6431999999999999 0.29959044368600685 0.5669 0.30136518771331056 0.5571 0.29467576791808875 0.54535 0.29023890784982936 0.5388499999999999 0.27774744027303755 0.5257999999999999 0.2568259385665529 0.52055 0.24481228668941982 0.5173 0.23767918088737203 0.51925 0.22163822525597268 0.53425 0.21542662116040956 0.6119 0.21228668941979523 0.6497499999999999
3 0.5206484641638226 0.2484 0.5059044368600683 0.31135 0.504641638225256 0.34985 0.504641638225256 0.37525 0.504641638225256 0.40625 0.504641638225256 0.4382 0.5039931740614334 0.48705 0.5072013651877133 0.5002 0.5123208191126281 0.5143 0.5411945392491467 0.5227499999999999 0.5764505119453925 0.5199 0.6130034129692833 0.519 0.6463481228668941 0.5124 0.6553242320819113 0.48045000000000004 0.6578839590443686 0.4551 0.658532423208191 0.4072 0.658532423208191 0.38555 0.6566211604095563 0.34049999999999997 0.6559726962457337 0.30385 0.6553242320819113 0.28225 0.6476450511945392 0.25595 0.6431399317406143 0.24465 0.6348122866894198 0.23620000000000002 0.6200682593856656 0.2343 0.6021160409556313 0.23715
3 0.08395904436860069 0.2296 0.08665529010238908 0.297 0.09563139931740613 0.37965000000000004 0.10075085324232082 0.38905 0.1142320819112628 0.39844999999999997 0.11999999999999998 0.3947 0.11999999999999998 0.3618 0.11488054607508531 0.2857 0.12385665529010238 0.2237
3 0.8181569965870307 0.51535 0.7972354948805461 0.5271 0.7820819112627987 0.5362 0.7722866894197953 0.55 0.7758361774744027 0.5629500000000001 0.7829692832764505 0.58645 0.7901023890784983 0.60545 0.7918771331058021 0.61775 0.792320819112628 0.64515 0.7940955631399317 0.68105 0.7949829351535836 0.6928 0.7990102389078498 0.70325 0.8016723549488054 0.7091 0.8141638225255973 0.71695 0.8390784982935153 0.6967 0.8462116040955632 0.68365 0.8573378839590443 0.6628000000000001 0.8568941979522184 0.65755 0.8560068259385666 0.6439499999999999 0.8555631399317406 0.62625 0.8555631399317406 0.61645 0.8493174061433447 0.5937 0.8453242320819113 0.57795 0.8381911262798635 0.55775 0.8355290102389079 0.54535
3 0.1276109215017065 0.43075 0.10709897610921501 0.45049999999999996 0.09877133105802048 0.46740000000000004 0.08849829351535836 0.489 0.08914675767918089 0.5115500000000001 0.10068259385665529 0.5435 0.10965870307167236 0.56885 0.1276109215017065 0.59985 0.1276109215017065 0.55005 0.13402730375426622 0.5106 0.14109215017064847 0.4843 0.14880546075085324 0.4702 0.1750853242320819 0.4486 0.16160409556313993 0.43545 0.1513651877133106 0.42979999999999996
3 0.16873720136518772 0.4022 0.17372013651877133 0.4315 0.1802730375426621 0.43979999999999997 0.20849829351535837 0.45295 0.22559726962457335 0.44549999999999995 0.24197952218430036 0.4265 0.2431058020477816 0.41255000000000003 0.24440273037542662 0.38715000000000005 0.24440273037542662 0.36085 0.24569965870307164 0.33270000000000005 0.24569965870307164 0.30075 0.24696245733788397 0.27255 0.24696245733788397 0.2519 0.24440273037542662 0.22465 0.17064846416382254 0.21805 0.16744027303754266 0.25 0.16361774744027302 0.2707 0.1642320819112628 0.31955
3 0.1949146757679181 0.48469999999999996 0.22075085324232085 0.4938 0.2385665529010239 0.51535 0.2220819112627986 0.5297 0.21986348122866894 0.5375 0.21808873720136518 0.5858 0.21273037542662115 0.6256 0.21184300341296927 0.6640999999999999 0.21184300341296927 0.6751999999999999 0.20918088737201365 0.68365 0.20382252559726963 0.6817 0.1962457337883959 0.6765000000000001 0.1820136518771331 0.65885 0.15706484641638227 0.6445000000000001 0.15218430034129693 0.59885 0.16020477815699657 0.5382 0.16686006825938568 0.5114500000000001
3 0.5079863481228669 0.5636 0.5031058020477815 0.5897 0.5048805460750854 0.64125 0.5057679180887372 0.6967 0.5062116040955631 0.73455 0.5102047781569966 0.7619499999999999 0.5155631399317406 0.775 0.556518771331058 0.7861 0.5939249146757679 0.7698 0.6010580204778158 0.7391 0.6059726962457338 0.7071500000000001 0.6064163822525598 0.6804000000000001 0.6028327645051195 0.5871 0.5957337883959045 0.5636 0.5934812286689419 0.55905
3 0.8889761092150171 0.43705 0.9075085324232081 0.4415 0.915665529010239 0.4253 0.9183617747440272 0.4142 0.9232423208191126 0.38615 0.9277133105802048 0.36135 0.9294880546075085 0.3431 0.9339249146757679 0.3184 0.9348464163822526 0.29815 0.9352901023890786 0.27265 0.933037542662116 0.2622 0.9259385665529011 0.24789999999999998 0.915221843003413 0.24135 0.9009897610921502 0.23804999999999998 0.8929692832764504 0.23804999999999998 0.8956313993174062 0.27525 0.8974402730375426 0.3105 0.8929692832764504 0.35485 0.8894197952218431 0.39270000000000005 0.8894197952218431 0.40835 0.8867235494880547 0.4293
3 0.049317406143344705 0.2437 0.05187713310580205 0.30760000000000004 0.07498293515358362 0.35924999999999996 0.09293515358361774 0.36115 0.0858703071672355 0.2888 0.08395904436860069 0.2296
3 0.8907508532423208 0.46965 0.841296928327645 0.4814 0.8742662116040957 0.50425 0.8894197952218431 0.52055 0.8992150170648465 0.54015 0.9001023890784984 0.55255 0.9001023890784984 0.57995 0.8996587030716724 0.59695 0.9005460750853242 0.60405 0.9214675767918089 0.5772999999999999 0.9245733788395903 0.55385 0.9245733788395903 0.50685 0.9236860068259385 0.48664999999999997 0.921023890784983 0.4775 0.9174744027303754 0.47035
3 0.6916723549488054 0.5545 0.6655290102389079 0.5539999999999999 0.6164163822525598 0.55775 0.6119795221843003 0.561 0.6061774744027304 0.565 0.6030716723549487 0.5793 0.6044027303754266 0.60545 0.604778156996587 0.6235 0.6057337883959044 0.7345999999999999 0.6083959044368601 0.7528 0.6141979522184301 0.77045 0.6311262798634811 0.7802 0.6845733788395905 0.7652 0.688122866894198 0.7391 0.6988054607508533 0.69865 0.7050511945392491 0.67455 0.7090443686006825 0.6628000000000001 0.7072696245733788 0.63605 0.7077133105802048 0.58645 0.7041638225255973 0.5623
3 0.29959044368600685 0.5669 0.3113651877133106 0.723 0.32160409556313996 0.7504000000000001 0.3349829351535836 0.7628 0.38573378839590444 0.7706000000000001 0.40266211604095564 0.72885 0.40488054607508533 0.7138500000000001 0.40488054607508533 0.7014499999999999 0.40488054607508533 0.67735 0.40310580204778157 0.65125 0.40177474402730373 0.62515 0.40177474402730373 0.601 0.4013310580204778 0.58405 0.3950853242320819 0.5579500000000001 0.38218430034129697 0.5534 0.3510238907849829 0.5527000000000001 0.3055972696245734 0.54945
3 0.3635494880546075 0.23715 0.3539249146757679 0.29635 0.34494880546075085 0.3668 0.34815699658703075 0.46259999999999996 0.35266211604095565 0.4842 0.36675767918088736 0.50395 0.418703071672355 0.519 0.4629351535836177 0.5218 0.48348122866894194 0.51805 0.49566552901023886 0.4955 0.504641638225256 0.46635 0.504641638225256 0.4382 0.5020477815699659 0.3978 0.5014334470989761 0.3649 0.5007849829351535 0.3367 0.49822525597269623 0.3048 0.49116040955631396 0.26155 0.48737201365187716 0.2503 0.4764163822525597 0.2409
3 0.1276109215017065 0.59985 0.15416382252559727 0.6408 0.15061433447098976 0.58795 0.15996587030716722 0.53185 0.1693174061433447 0.50575 0.19068259385665529 0.48815 0.19781569965870308 0.48355 0.1715358361774744 0.45030000000000003 0.15283276450511946 0.46465 0.1381569965870307 0.49465000000000003 0.13146757679180887 0.524 0.12791808873720134 0.5618500000000001
3 0.8390784982935153 0.48335 0.8199317406143345 0.5101 0.8199317406143345 0.5199 0.8333105802047781 0.54015 0.8364163822525597 0.55255 0.8426621160409556 0.56885 0.847542662116041 0.5858 0.8533447098976109 0.608 0.8582252559726963 0.638 0.859556313993174 0.64845 0.8680204778156997 0.65565 0.883617747440273 0.63605 0.8934129692832764 0.61775 0.9005460750853242 0.60405 0.8992150170648465 0.54015 0.8883959044368601 0.521 0.8742662116040957 0.50425
3 0.2519795221843003 0.22305 0.24621160409556314 0.28695 0.24426621160409553 0.34424999999999994 0.24440273037542662 0.38715000000000005 0.24621160409556314 0.45039999999999997 0.25774744027303753 0.4645 0.291740614334471 0.47765 0.31993174061433444 0.4814 0.33532423208191126 0.47950000000000004 0.3423890784982935 0.45695 0.34303754266211606 0.4391 0.3436860068259386 0.4194 0.3436860068259386 0.3931 0.3436860068259386 0.3508 0.3436860068259386 0.3292 0.34750853242320817 0.29445 0.34815699658703075 0.2672 0.3507167235494881 0.24559999999999998 0.3513651877133106 0.23995 0.34303754266211606 0.2343 0.3302047781569966 0.22585
3 0.12385665529010238 0.2237 0.1142320819112628 0.297 0.11999999999999998 0.3778 0.127679180887372 0.40785 0.14948805460750852 0.4125 0.16873720136518772 0.4022 0.16488054607508534 0.34585 0.16361774744027302 0.2876 0.16488054607508534 0.25565 0.16873720136518772 0.23215 0.16744027303754266 0.2143
3 0.7822866894197953 0.22774999999999998 0.7598634812286689 0.2738 0.7624232081911262 0.3292 0.7662798634812287 0.38744999999999996 0.7617747440273037 0.45604999999999996 0.7861433447098977 0.48515 0.8086006825938566 0.48985 0.8239931740614335 0.48235 0.84 0.47009999999999996 0.8445051194539249 0.45415 0.8477133105802047 0.4175 0.8515358361774744 0.3724 0.8573378839590443 0.34235 0.8553924914675768 0.25780000000000003 0.8451535836177474 0.23245000000000002 0.8438566552901023 0.2268