0 0.6644249999999999 0.9312734082397004 0.6631 0.9398501872659176 0.66175 0.9474157303370787 0.6614 0.9550187265917603 0.663425 0.9575280898876405 0.6671250000000001 0.9499625468164794 0.66815 0.9449063670411985 0.66815 0.9378277153558052 0.667475 0.9332958801498127 0.6668000000000001 0.9297378277153558
3 0.5120750000000001 0.7462921348314606 0.5019250000000001 0.7636704119850187 0.506275 0.7940823970037454 0.5251250000000001 0.8397003745318352 0.5352750000000001 0.8701123595505618 0.5483250000000001 0.9135580524344569 0.570075 0.9786891385767791 0.576575 1 0.7617499999999999 1 0.762875 0.9960674157303371 0.7686750000000001 0.9678277153558054 0.780275 0.9265543071161049 0.788975 0.8744569288389513 0.794775 0.8375280898876405 0.7962250000000001 0.7897378277153558 0.781725 0.7462921348314606 0.7672249999999999 0.7028464419475655 0.7570749999999999 0.6811610486891386 0.744025 0.6550936329588015 0.72085 0.6290262172284644 0.6918500000000001 0.6159925093632959 0.6643000000000001 0.6181647940074907 0.63095 0.6355430711610487 0.59905 0.6485767790262171 0.5715250000000001 0.6724719101123596 0.541075 0.6941573033707865
0 0.628575 0.5871910112359551 0.617825 0.5714606741573034 0.601075 0.5639700374531835 0.587075 0.5561048689138577 0.579325 0.5647191011235955 0.564075 0.5797003745318352 0.5583250000000001 0.591685393258427 0.559575 0.6119101123595505 0.562325 0.6242696629213483 0.570075 0.6134082397003745 0.583075 0.6032958801498128 0.595075 0.6021722846441948 0.606825 0.5995505617977529 0.620075 0.594307116104869
3 0.49322499999999997 0.4508988764044944 0.47582500000000005 0.48348314606741577 0.468575 0.5204119850187265 0.47147500000000003 0.5747191011235955 0.483075 0.6073033707865169 0.5019250000000001 0.6398876404494381 0.5323749999999999 0.6659550561797752 0.549775 0.6637827715355805 0.5918 0.6268539325842697 0.62805 0.605131086142322 0.65415 0.6029588014981274 0.67155 0.5812359550561798 0.6817 0.5377902621722846 0.6846 0.5008614232209737 0.68025 0.46610486891385766 0.6729999999999999 0.44224719101123594 0.65705 0.4161797752808989 0.6295000000000001 0.39880149812734084 0.60485 0.38794007490636706 0.5816749999999999 0.3857677902621723 0.5584749999999999 0.39228464419475656 0.541075 0.4096629213483146 0.520775 0.42269662921348317 0.49467500000000003 0.4313857677902622
0 0.6007 0.8670786516853932 0.5914 0.8749438202247192 0.5825 0.8816104868913858 0.57845 0.8913108614232209 0.5837 0.8919101123595505 0.593425 0.8846441947565543 0.6007 0.877378277153558 0.607975 0.8761423220973783 0.61405 0.8737453183520599 0.616875 0.8670786516853932 0.611225 0.8652434456928839 0.6067750000000001 0.8646441947565544
0 0.6274000000000001 0.8658426966292135 0.62375 0.8707116104868914 0.625775 0.8761423220973783 0.629425 0.877378277153558 0.6355 0.8779775280898876 0.6371 0.8731460674157303 0.6355 0.8701123595505618 0.6355 0.8591760299625468 0.634275 0.8567790262172285 0.6314500000000001 0.8567790262172285 0.628625 0.8640449438202247
0 0.67145 0.8167041198501873 0.6672499999999999 0.8230337078651685 0.663875 0.8272284644194756 0.6627500000000001 0.8326966292134832 0.665 0.8331460674157303 0.67285 0.8234456928838951 0.6754000000000001 0.8213483146067416 0.679875 0.815880149812734 0.684375 0.8112359550561797 0.686075 0.8070411985018726 0.682975 0.8061797752808989 0.67905 0.8112359550561797 0.6751 0.8146067415730337
0 0.68325 0.9070786516853933 0.6805500000000001 0.9105992509363295 0.6805500000000001 0.9166666666666666 0.6825749999999999 0.9191760299625468 0.68595 0.9207116104868914 0.6889749999999999 0.9207116104868914 0.69135 0.9191760299625468 0.69235 0.9161423220973783 0.68865 0.9111235955056181 0.687625 0.9091011235955055
3 0.41350000000000003 0.22284644194756553 0.4077 0.2597752808988764 0.4048 0.3075655430711611 0.41350000000000003 0.3553558052434457 0.42219999999999996 0.38359550561797756 0.445375 0.41835205992509367 0.45262500000000006 0.4205243445692884 0.47147500000000003 0.4292134831460674 0.507725 0.42704119850187267 0.541075 0.4096629213483146 0.58745 0.35970037453183523 0.5976 0.32277153558052435 0.6004999999999999 0.29235955056179774 0.5947 0.26194756554307114 0.5787749999999999 0.2293632958801498 0.565725 0.20546816479400748 0.552675 0.18595505617977529 0.5352750000000001 0.16423220973782773 0.507725 0.1446816479400749 0.490325 0.13599250936329588 0.478725 0.13599250936329588 0.467125 0.16423220973782773 0.45697499999999996 0.18812734082397004 0.430875 0.2011610486891386 0.4193 0.20546816479400748
3 0.32899999999999996 0.0034456928838951313 0.318125 0.034232209737827715 0.313275 0.0704119850187266 0.312075 0.09756554307116105 0.313275 0.12835205992509363 0.318125 0.1555056179775281 0.32295 0.1753932584269663 0.33625 0.19168539325842696 0.3616 0.1989513108614232 0.39785 0.20074906367041198 0.4193 0.20546816479400748 0.4486 0.1989513108614232 0.430875 0.2011610486891386 0.45697499999999996 0.18812734082397004 0.467125 0.16423220973782773 0.478725 0.13599250936329588 0.48605 0.09940074906367041 0.48 0.061385767790262176 0.469125 0.025168539325842697 0.45275 0 0.33505 0
1 0.542125 0.4586516853932584 0.529675 0.47314606741573034 0.52 0.49696629213483146 0.5207 0.5197378277153558 0.529675 0.5476779026217228 0.53315 0.5673408239700374 0.53175 0.5922097378277154 0.526925 0.6211610486891386 0.530375 0.6439325842696629 0.533825 0.6543071161048689 0.5414249999999999 0.6584269662921348 0.564925 0.6480898876404494 0.580825 0.6304868913857679 0.603625 0.6191011235955056 0.618125 0.6066666666666666 0.6361 0.5983895131086143 0.640925 0.5973782771535581 0.6174499999999999 0.5694007490636704 0.5974 0.5601123595505618 0.5863499999999999 0.5507865168539325 0.57805 0.533183520599251 0.572525 0.5031460674157303 0.568375 0.4824719101123595 0.5663 0.4648689138576779 0.5594 0.4555430711610487