0 0.4281021897810219 0.5272282608695652 0.4412408759124088 0.5190760869565217 0.4656934306569343 0.517445652173913 0.5029197080291972 0.5185326086956522 0.5036496350364964 0.5082065217391305 0.48868613138686134 0.5060326086956521 0.4715328467153284 0.5065760869565217 0.44306569343065694 0.5109239130434783 0.4324817518248175 0.5136413043478261
3 0.9006934306569343 0.35233695652173913 0.9101824817518248 0.3327173913043478 0.924051094890511 0.3218478260869565 0.9357299270072992 0.3294565217391304 0.939014598540146 0.35233695652173913 0.9433941605839417 0.38271739130434784 0.9452189781021898 0.42842391304347827 0.939014598540146 0.48597826086956525 0.9346350364963503 0.5083152173913044 0.9178467153284672 0.5278260869565218 0.9047445255474452 0.5418478260869566 0.8883211678832117 0.5211956521739131 0.8813868613138686 0.5092391304347826 0.9021532846715329 0.47945652173913045 0.9061678832116788 0.44521739130434784 0.9076277372262773 0.4191304347826087 0.9076277372262773 0.38766304347826086 0.9072627737226278 0.37679347826086956 0.9006934306569343 0.35885869565217393
3 0.1428832116788321 0.5701630434782609 0.1068978102189781 0.5661956521739131 0.0810948905109489 0.5675 0.05930656934306569 0.6052173913043478 0.055766423357664234 0.6555434782608696 0.060182481751824814 0.6985869565217391 0.08554744525547446 0.7005978260869565 0.10200729927007299 0.7118478260869565 0.11576642335766422 0.7357065217391304 0.15536496350364964 0.7482608695652174 0.1606934306569343 0.7039130434782609 0.15624087591240876 0.6251086956521739 0.1606934306569343 0.6052173913043478 0.16025547445255472 0.5893478260869565 0.1517883211678832 0.5893478260869565
3 0.21613138686131386 0.3523913043478261 0.1992335766423358 0.34211956521739134 0.1906934306569343 0.324945652173913 0.18832116788321168 0.30434782608695654 0.17956204379562044 0.3092391304347826 0.18226277372262772 0.3432608695652174 0.17302919708029196 0.37184782608695655 0.17456204379562043 0.4107608695652174 0.1783941605839416 0.45538043478260876 0.1922992700729927 0.5022826086956522 0.19992700729927007 0.5217391304347826 0.21835766423357664 0.5091304347826088 0.2337956204379562 0.4920108695652174 0.23766423357664235 0.48625 0.22996350364963503 0.4290760869565218
3 0.5617518248175182 0.499945652173913 0.5475182481751825 0.5105434782608695 0.5337591240875912 0.5429891304347826 0.5301824817518248 0.580054347826087 0.5288321167883212 0.6204891304347826 0.5310583941605839 0.6502717391304348 0.5310583941605839 0.7058695652173913 0.539963503649635 0.7310326086956521 0.5608759124087591 0.7535326086956522 0.5853284671532847 0.7694565217391305 0.6071167883211679 0.7396739130434782 0.6186861313868613 0.7058695652173913 0.6297810218978103 0.688695652173913 0.6289051094890511 0.6376630434782609 0.6284671532846715 0.6032608695652174 0.6213503649635036 0.55625 0.6137591240875911 0.5217934782608696 0.6124452554744526 0.49663043478260865 0.6031021897810219 0.490054347826087
0 0.2664233576642336 0.60875 0.25218978102189776 0.612554347826087 0.25583941605839416 0.6234239130434782 0.2664233576642336 0.6239673913043479
3 0.8379197080291971 0.2441304347826087 0.8193065693430657 0.24635869565217391 0.8032481751824818 0.2664673913043478 0.7912043795620438 0.2876086956521739 0.7860948905109488 0.30282608695652175 0.7868248175182482 0.3398369565217391 0.7802919708029198 0.42282608695652174 0.7781021897810219 0.43913043478260866 0.7999999999999999 0.4722826086956522 0.8189781021897811 0.4826086956521739 0.8397810218978102 0.47934782608695653 0.8521532846715328 0.4751086956521739 0.8572627737226277 0.43000000000000005 0.8649270072992701 0.3897826086956522 0.8696715328467153 0.3055434782608696 0.8663868613138686 0.28054347826086956 0.8587226277372263 0.26315217391304346 0.8492335766423358 0.25771739130434784
3 0.8560948905109489 0.5820652173913043 0.877007299270073 0.5853804347826087 0.8952189781021898 0.6105434782608696 0.9005839416058394 0.623804347826087 0.8983576642335767 0.6555434782608696 0.8974452554744525 0.6952717391304348 0.8885766423357664 0.7237499999999999 0.8761313868613139 0.7436413043478262 0.8681021897810219 0.7535326086956522 0.8560948905109489 0.7363586956521739 0.8556569343065693 0.7164673913043479 0.857007299270073 0.6966304347826088 0.8601094890510949 0.6529347826086956 0.8614598540145985 0.6184782608695653 0.861897810218978 0.6072282608695653 0.8578832116788321 0.6019565217391305
0 0.903029197080292 0.5097826086956522 0.8975547445255475 0.5021739130434782 0.8946350364963503 0.5027173913043478 0.8931751824817518 0.5070652173913043 0.8946350364963503 0.5119565217391304 0.899014598540146 0.5168478260869565 0.9026642335766424 0.5222826086956521 0.9077737226277371 0.5293478260869565 0.9092335766423357 0.5309782608695652 0.9121532846715329 0.5293478260869565 0.913978102189781 0.5277173913043478 0.9114233576642335 0.5255434782608696 0.9048540145985402 0.5195652173913043
3 0.7507299270072992 0.5132065217391305 0.7302919708029196 0.5217934782608696 0.7267153284671533 0.5310869565217391 0.7267153284671533 0.5714673913043479 0.7240510948905109 0.599945652173913 0.7169343065693431 0.6230978260869565 0.728941605839416 0.6588586956521739 0.7454014598540146 0.6860326086956522 0.7627372262773723 0.7151630434782609 0.7814233576642337 0.7416304347826087 0.7960948905109488 0.7383152173913043 0.8018613138686131 0.7277173913043479 0.8102919708029197 0.6879891304347826 0.8018613138686131 0.6708152173913043 0.7907299270072993 0.6178260869565217 0.792956204379562 0.5767934782608696 0.7880656934306569 0.5595652173913043 0.780948905109489 0.5344021739130435 0.7782846715328468 0.523804347826087 0.7658394160583941 0.5119021739130435
0 0.10226277372262774 0.37749999999999995 0.10372262773722628 0.3894565217391304 0.11102189781021898 0.3872826086956522 0.12087591240875911 0.37423913043478263 0.13583941605839417 0.36663043478260865 0.13912408759124087 0.3655434782608696 0.13985401459854016 0.3573913043478261 0.13547445255474452 0.3573913043478261 0.1278102189781022 0.35793478260869566 0.12343065693430658 0.3595652173913043 0.11795620437956204 0.36663043478260865 0.10846715328467153 0.3698913043478261
3 0.6898175182481752 0.490054347826087 0.660912408759124 0.48869565217391303 0.6502554744525547 0.49331521739130435 0.6484671532846715 0.511195652173913 0.6475547445255475 0.5363586956521739 0.6466788321167883 0.5774456521739131 0.6417883211678832 0.6105434782608696 0.6386861313868614 0.6323913043478261 0.6311313868613139 0.6482608695652174 0.6346715328467154 0.691304347826087 0.6444525547445256 0.6939673913043478 0.6555839416058394 0.7131521739130434 0.6737956204379563 0.7290760869565218 0.6969343065693431 0.7290760869565218 0.7062773722627738 0.7078804347826086 0.7075912408759124 0.6708152173913043 0.7169343065693431 0.6310869565217392 0.7253649635036497 0.5920108695652174 0.7275912408759124 0.5429891304347826 0.728941605839416 0.5138586956521739 0.7293795620437956 0.4992934782608696 0.7164963503649635 0.4880434782608695
3 0.7335401459854015 0.24092391304347824 0.7116423357664234 0.27353260869565216 0.7061678832116789 0.30342391304347827 0.7112773722627737 0.3452717391304348 0.712007299270073 0.38706521739130434 0.7138321167883211 0.41804347826086957 0.7247810218978102 0.43978260869565217 0.7426642335766424 0.4615217391304348 0.7587226277372262 0.46043478260869564 0.772956204379562 0.43978260869565217 0.779890510948905 0.4186413043478261 0.7868248175182482 0.3333152173913043 0.785 0.29635869565217393 0.7762408759124088 0.25831521739130436 0.763102189781022 0.24141304347826087 0.7466788321167883 0.23978260869565216
3 0.09978102189781021 0.3754891304347826 0.09131386861313869 0.35559782608695656 0.085985401459854 0.34902173913043477 0.06821167883211679 0.3496739130434783 0.058868613138686125 0.34902173913043477 0.055766423357664234 0.37679347826086956 0.0504014598540146 0.3966847826086956 0.05354014598540146 0.43043478260869567 0.0562043795620438 0.4701630434782609 0.05974452554744526 0.49467391304347824 0.07175182481751825 0.4992934782608696 0.08864963503649635 0.5158695652173914 0.10153284671532847 0.4986413043478261 0.10288321167883212 0.48206521739130437 0.1010948905109489 0.45494565217391303
3 0.870036496350365 0.34630434782608693 0.8985036496350365 0.35233695652173913 0.9076277372262773 0.38331521739130436 0.9076277372262773 0.43271739130434783 0.9028832116788321 0.4746195652173913 0.8787956204379562 0.5126630434782609 0.8572627737226277 0.49576086956521737 0.8517883211678832 0.47945652173913045 0.8547080291970803 0.4533695652173913 0.860912408759124 0.4098913043478261 0.866021897810219 0.37619565217391304 0.8678467153284671 0.3507065217391304
3 0.48883211678832117 0.2379891304347826 0.4696715328467153 0.23 0.44357664233576644 0.2528804347826087 0.42427007299270075 0.3020652173913043 0.42656934306569344 0.3523913043478261 0.42656934306569344 0.42565217391304344 0.431970802919708 0.45538043478260876 0.45963503649635035 0.45538043478260876 0.4858394160583942 0.4485326086956522 0.5141605839416058 0.4382065217391304 0.5418248175182482 0.44505434782608694 0.5534306569343065 0.45309782608695653 0.5579562043795621 0.406195652173913 0.5572627737226278 0.3580978260869565 0.5465328467153284 0.31005434782608693 0.5395255474452555 0.2688586956521739 0.5180291970802919 0.24369565217391306 0.5034306569343066 0.2368478260869565
3 0.8089781021897811 0.5681521739130435 0.7965328467153284 0.5747826086956522 0.7925182481751825 0.59 0.7916423357664234 0.6092391304347826 0.7943065693430656 0.6350543478260869 0.8040875912408759 0.6767391304347826 0.8134306569343066 0.6919565217391304 0.8325547445255475 0.7032608695652174 0.857007299270073 0.6966304347826088 0.8583941605839416 0.6902173913043478 0.8602189781021897 0.6451086956521739 0.8613138686131386 0.6108695652173913 0.8562043795620438 0.5929347826086956 0.8521167883211679 0.5734782608695652 0.8423357664233577 0.5595652173913043 0.8271897810218979 0.554945652173913 0.8183211678832116 0.5569021739130434
3 0.39131386861313866 0.2791847826086956 0.37357664233576643 0.2642934782608696 0.3544525547445256 0.2677173913043478 0.32594890510948904 0.2551630434782609 0.32054744525547446 0.2917391304347826 0.3306204379562044 0.3821739130434782 0.3459124087591241 0.4416304347826087 0.37357664233576643 0.45994565217391303 0.39978102189781023 0.42331521739130434 0.4059124087591241 0.3947282608695652 0.40897810218978103 0.35929347826086955 0.4066058394160584 0.32152173913043475 0.40277372262773725 0.2928804347826087
0 0.1218978102189781 0.5924456521739131 0.11313868613138686 0.6044021739130434 0.10547445255474452 0.613641304347826 0.10547445255474452 0.6495108695652174 0.11678832116788321 0.6538586956521739 0.11824817518248175 0.6419021739130435 0.12737226277372263 0.617445652173913 0.13394160583941606 0.60875 0.13832116788321167 0.6065760869565218 0.1364963503649635 0.5940760869565217 0.12956204379562045 0.5870108695652174
0 0.7888321167883211 0.43000000000000005 0.7793430656934306 0.4403260869565217 0.7964963503649636 0.4691304347826087 0.8165693430656935 0.48 0.8497810218978102 0.4767391304347826 0.8165693430656935 0.4680434782608696 0.8041605839416058 0.4528260869565217 0.7968613138686131 0.4359782608695652
3 0.2606204379562044 0.28375 0.24532846715328466 0.2769021739130435 0.22375912408759124 0.3089130434782609 0.21919708029197082 0.33755434782608695 0.2198905109489051 0.3764130434782609 0.2337956204379562 0.45309782608695653 0.24744525547445254 0.5141304347826087 0.2745255474452555 0.5194565217391304 0.2936496350364963 0.4897282608695652 0.31364963503649634 0.4404891304347826 0.3297810218978102 0.4290760869565218 0.3282481751824817 0.4027717391304348 0.3236861313868613 0.3580978260869565 0.3167153284671533 0.3295108695652174 0.305948905109489 0.31581521739130436 0.28912408759124086 0.28945652173913045 0.28145985401459855 0.28146739130434784
3 0.34788321167883207 0.48206521739130437 0.3456569343065693 0.5225 0.3501094890510949 0.554945652173913 0.36120437956204376 0.5939673913043478 0.36478102189781025 0.6303804347826086 0.3687956204379562 0.6675 0.36478102189781025 0.7184782608695651 0.37766423357664236 0.7357065217391304 0.3816788321167883 0.7568478260869564 0.4079197080291971 0.7568478260869564 0.4185766423357664 0.74625 0.42525547445255474 0.7204347826086956 0.4297080291970803 0.6721195652173914 0.4279197080291971 0.587391304347826 0.41635036496350364 0.546304347826087 0.42923357664233575 0.5145108695652174 0.41992700729927007 0.5059239130434783 0.4118978102189781 0.4747826086956522 0.40744525547445254 0.46749999999999997 0.38299270072992697 0.46554347826086956 0.36521897810218973 0.46749999999999997
3 0.3563138686131387 0.6118478260869565 0.3381021897810219 0.5628804347826086 0.32474452554744526 0.5357065217391304 0.3100729927007299 0.5211413043478261 0.29273722627737225 0.5244565217391305 0.27985401459854015 0.5436413043478261 0.2722992700729927 0.5893478260869565 0.26872262773722627 0.6270652173913043 0.2633941605839416 0.6727717391304349 0.26474452554744526 0.7151630434782609 0.26740875912408757 0.7383152173913043 0.2891970802919708 0.7343478260869566 0.33233576642335766 0.7323913043478261 0.347007299270073 0.7297282608695653 0.3621167883211679 0.7131521739130434 0.3687956204379562 0.6595108695652173 0.3621167883211679 0.6403260869565217
3 0.9005839416058394 0.6178260869565217 0.9187956204379562 0.6078804347826087 0.941934306569343 0.6052173913043478 0.9521532846715328 0.6059239130434783 0.9619343065693431 0.6383695652173913 0.9717153284671532 0.6396739130434783 0.9717153284671532 0.6846739130434782 0.9654744525547446 0.6952717391304348 0.9597080291970802 0.6966304347826088 0.9601459854014598 0.7237499999999999 0.9601459854014598 0.7376630434782608 0.9477007299270074 0.7455978260869565 0.9387956204379563 0.7442934782608696 0.9334671532846716 0.7409782608695652 0.9245985401459854 0.7403260869565217 0.9072262773722628 0.7403260869565217 0.9050364963503649 0.7197826086956521 0.9014598540145985 0.7138586956521739 0.8974452554744525 0.7118478260869565 0.8987956204379562 0.6853804347826087 0.8996715328467153 0.6667934782608695
3 0.4559124087591241 0.5079347826086956 0.43635036496350366 0.511195652173913 0.4274817518248175 0.5211413043478261 0.4181386861313868 0.5403260869565217 0.4208029197080292 0.5635326086956521 0.4301459854014599 0.60125 0.4297080291970803 0.6535869565217391 0.4336861313868613 0.7171195652173913 0.4523722627737226 0.7323913043478261 0.4608029197080292 0.7495652173913043 0.4656934306569343 0.7740760869565217 0.48970802919708034 0.7820108695652174 0.5101824817518248 0.7760869565217392 0.5221897810218978 0.7509239130434782 0.5364233576642335 0.7303804347826086 0.5297445255474452 0.688695652173913 0.5301824817518248 0.6264130434782609 0.5275182481751824 0.5972826086956522 0.5221897810218978 0.5654891304347825 0.5163868613138687 0.5330434782608695 0.5092700729927007 0.5152173913043478 0.5035036496350366 0.5026086956521739 0.47770072992700724 0.5032608695652173
3 0.9382846715328467 0.51375 0.953978102189781 0.5348913043478261 0.9725912408759124 0.5392391304347826 0.9904744525547444 0.5126630434782609 0.9937591240875913 0.48005434782608697 0.9981386861313869 0.4522826086956522 0.9981386861313869 0.4055434782608696 0.9944890510948905 0.39467391304347826 0.9912043795620437 0.3756521739130435 0.9890145985401461 0.3507065217391304 0.9634671532846716 0.34630434782608693 0.9547080291970802 0.3647826086956522 0.9485036496350364 0.3626086956521739 0.9448540145985401 0.37619565217391304 0.945948905109489 0.4006521739130435 0.9452189781021898 0.42842391304347827 0.9412043795620437 0.46755434782608696
3 0.18693430656934307 0.5641847826086956 0.1717883211678832 0.5820652173913043 0.1606934306569343 0.6052173913043478 0.15536496350364964 0.6423369565217392 0.16824817518248175 0.7509239130434782 0.19003649635036496 0.7316847826086956 0.2113868613138686 0.7350000000000001 0.2500729927007299 0.7416304347826087 0.2616058394160584 0.7151630434782609 0.2633941605839416 0.6846739130434782 0.2651824817518248 0.6310869565217392 0.26872262773722627 0.6078804347826087 0.26740875912408757 0.5880434782608696 0.2598540145985402 0.5681521739130435 0.23981751824817515 0.5615217391304348 0.2273722627737226 0.5628804347826086 0.22072992700729926 0.5807608695652174 0.2047080291970803 0.5615217391304348 0.1975912408759124 0.5595652173913043
0 0.5572992700729926 0.5049456521739131 0.5759124087591241 0.5071195652173913 0.6003649635036497 0.5005978260869565 0.6102189781021897 0.5038586956521739 0.6098540145985402 0.49625 0.5937956204379562 0.49190217391304353 0.5675182481751825 0.49896739130434786
3 0.14423357664233577 0.3622282608695652 0.1389051094890511 0.345 0.11890510948905109 0.3470108695652174 0.10244525547445256 0.3582608695652174 0.09886861313868613 0.39135869565217396 0.10065693430656934 0.4489673913043478 0.12065693430656935 0.49532608695652175 0.13846715328467152 0.5217934782608696 0.15755474452554746 0.5211413043478261 0.17536496350364963 0.5065760869565217 0.1775912408759124 0.4847282608695652 0.17624087591240875 0.4609239130434783 0.17135036496350367 0.4271195652173913 0.16956204379562045 0.39271739130434785 0.16781021897810217 0.37744565217391307 0.15313868613138687 0.36157608695652177
3 0.6459489051094891 0.21967391304347827 0.6207664233576643 0.22239130434782609 0.6123722627737226 0.24364130434782608 0.5901094890510948 0.25880434782608697 0.5791605839416059 0.30179347826086955 0.5777007299270073 0.32625 0.5828102189781021 0.3517391304347826 0.585 0.38875 0.585 0.42782608695652175 0.5948540145985401 0.45016304347826086 0.6152919708029198 0.4533695652173913 0.6678467153284672 0.4490217391304348 0.699963503649635 0.4490217391304348 0.703978102189781 0.42891304347826087 0.7083576642335766 0.4023369565217391 0.7050729927007299 0.38815217391304346 0.7058029197080291 0.31369565217391304 0.7036131386861314 0.29527173913043475 0.6922992700729927 0.271304347826087 0.6817153284671532 0.24744565217391304 0.6671167883211678 0.2202717391304348