3 0.0022005208333333334 0.264658203125 0.00111328125 0.427001953125 0.0022005208333333334 0.526025390625 0.026009114583333336 0.527646484375 0.054147135416666665 0.511416015625 0.06713541666666667 0.50330078125 0.0801171875 0.467587890625 0.08336588541666667 0.428623046875 0.08228515625 0.402646484375 0.07579427083333333 0.3831640625 0.07362630208333333 0.347451171875 0.07146484374999999 0.3101171875 0.06713541666666667 0.284140625 0.05306640625 0.259794921875 0.040078125 0.250048828125 0.02384114583333333 0.250048828125 0.004361979166666667 0.259794921875
0 0.79380859375 0.5703515625 0.7922656250000001 0.57294921875 0.79400390625 0.579013671875 0.7974674479166667 0.579306640625 0.7970833333333333 0.576416015625
0 0.14294921875 0.396162109375 0.14083333333333334 0.39984375 0.14128255208333332 0.4021875 0.14150390625 0.40669921875 0.14172526041666667 0.410205078125 0.1449609375 0.41623046875 0.1471875 0.4183984375 0.14908203125 0.41990234375 0.14997395833333335 0.41923828125 0.15108723958333334 0.415224609375 0.15053385416666668 0.409208984375 0.14997395833333335 0.40435546875 0.14819010416666667 0.400341796875 0.14596354166666667 0.3975
1 0.26638020833333337 0.53400390625 0.27165364583333335 0.55341796875 0.28363932291666666 0.557734375 0.30376302083333334 0.551982421875 0.3191015625 0.543349609375 0.3334765625 0.559169921875 0.3560026041666667 0.574267578125 0.37804687499999995 0.581455078125 0.3909895833333333 0.590078125 0.41063802083333334 0.569951171875 0.4187890625 0.54478515625 0.42262369791666665 0.509560546875 0.427890625 0.4707421875 0.4293294270833334 0.432646484375 0.4259765625 0.3995703125 0.41830729166666664 0.383759765625 0.4168684895833333 0.384482421875 0.4120768229166667 0.3851953125 0.38907552083333335 0.39669921875 0.35888020833333334 0.390947265625 0.33060546875 0.3816015625 0.30376302083333334 0.380166015625 0.2845963541666667 0.37513671875 0.27453125 0.375849609375 0.27453125 0.387353515625 0.2697265625 0.42109375 0.26063151041666666 0.5239453125
0 0.22053385416666668 0.424248046875 0.220078125 0.422001953125 0.2194921875 0.419267578125 0.21760416666666668 0.417509765625 0.21688802083333333 0.417509765625 0.21721354166666665 0.419951171875 0.21799479166666666 0.423955078125 0.21845052083333336 0.429326171875 0.21727864583333334 0.433916015625 0.21662760416666668 0.439482421875 0.21630208333333334 0.442509765625 0.21591145833333333 0.444755859375 0.21682291666666667 0.444267578125 0.21766927083333332 0.442607421875 0.21877604166666667 0.438896484375 0.2194921875 0.430986328125 0.22020833333333334 0.428154296875 0.22033854166666667 0.427666015625
0 0.5452213541666667 0.39318359375 0.5421158854166667 0.391162109375 0.5399544270833333 0.3903515625 0.5375260416666666 0.3903515625 0.536171875 0.39197265625 0.5372526041666666 0.393994140625 0.5408984375 0.395205078125 0.5441406249999999 0.395615234375
0 0.5712890625 0.37501953125 0.5703385416666666 0.3699609375 0.5683138020833333 0.3679296875 0.5669661458333334 0.371376953125 0.5669661458333334 0.37724609375 0.5673697916666667 0.380078125 0.5693945312500001 0.380888671875 0.5702083333333333 0.37947265625
0 0.7897656249999999 0.557353515625 0.7864908854166667 0.55185546875 0.7845638020833333 0.547529296875 0.7845638020833333 0.55359375 0.7868750000000001 0.5579296875 0.78841796875 0.559951171875
3 0.48704427083333335 0.33771484375 0.45566406249999997 0.357197265625 0.4437565104166667 0.376669921875 0.44159505208333333 0.39615234375 0.43293619791666665 0.42212890625 0.43184895833333337 0.438359375 0.43184895833333337 0.46109375 0.4307682291666666 0.49193359375 0.42643880208333335 0.51953125 0.41994791666666664 0.55037109375 0.4145377604166667 0.568232421875 0.4134505208333333 0.584462890625 0.422109375 0.61693359375 0.43184895833333337 0.66888671875 0.4437565104166667 0.68349609375 0.46973307291666666 0.71271484375 0.48704427083333335 0.7143359375 0.5054427083333334 0.7143359375 0.5292578125 0.7143359375 0.5508984375 0.7143359375 0.56388671875 0.7143359375 0.5952734375000001 0.71109375 0.6212434895833333 0.693232421875 0.642890625 0.659140625 0.65046875 0.651025390625 0.6602083333333334 0.6412890625 0.6731966145833334 0.62017578125 0.6959244791666667 0.5455078125 0.6980859375 0.514658203125 0.6991666666666667 0.47732421875 0.6948372395833333 0.446474609375 0.6818489583333333 0.409140625 0.6688671875000001 0.37830078125 0.6602083333333334 0.3653125 0.6472200520833333 0.349072265625 0.6212434895833333 0.334462890625 0.5974348958333333 0.331220703125 0.576875 0.331220703125 0.5617252604166666 0.33609375 0.5476497395833334 0.33609375 0.5173502604166667 0.331220703125 0.50328125 0.331220703125 0.4913736979166667 0.332841796875
0 0.2777278645833333 0.379599609375 0.2740625 0.3990625 0.26940755208333333 0.406552734375 0.27207031249999997 0.413544921875 0.2777278645833333 0.405556640625 0.28138671875 0.393076171875 0.28171875 0.390576171875
0 0.2697395833333333 0.47095703125 0.26907552083333336 0.47544921875 0.2677408854166667 0.488427734375 0.27139973958333335 0.487431640625 0.2763932291666667 0.479443359375 0.2750651041666667 0.473447265625
3 0.29223958333333333 0.344208984375 0.2749283854166667 0.37017578125 0.2749283854166667 0.389658203125 0.26626953125 0.41076171875 0.26626953125 0.430244140625 0.26626953125 0.474072265625 0.26194010416666663 0.50654296875 0.25977213541666666 0.529267578125 0.26626953125 0.564990234375 0.2716796875 0.595830078125 0.28899739583333334 0.623427734375 0.30522786458333334 0.636416015625 0.32146484375 0.64291015625 0.3441927083333333 0.639658203125 0.3658333333333333 0.623427734375 0.3820703125 0.610439453125 0.3993815104166667 0.592587890625 0.40587890624999995 0.57796875 0.4145377604166667 0.563359375 0.4210286458333334 0.5455078125 0.4231966145833333 0.514658203125 0.4286067708333334 0.487060546875 0.43184895833333337 0.456220703125 0.4307682291666666 0.417255859375 0.422109375 0.389658203125 0.41994791666666664 0.376669921875 0.41020833333333334 0.376669921875 0.40263020833333335 0.357197265625 0.3961393229166667 0.347451171875 0.37124348958333336 0.331220703125 0.35717447916666667 0.3247265625 0.33553385416666665 0.32310546875 0.31388671875 0.3247265625 0.29764973958333335 0.33609375 0.2944075520833333 0.34095703125
3 0.14072916666666666 0.33771484375 0.10068359375000001 0.371806640625 0.09094401041666667 0.3977734375 0.08228515625 0.412392578125 0.0801171875 0.459462890625 0.07795572916666667 0.474072265625 0.06388671875 0.504921875 0.06280598958333333 0.524404296875 0.069296875 0.54712890625 0.08553385416666666 0.57634765625 0.10176432291666666 0.594208984375 0.12774088541666667 0.607197265625 0.15263020833333332 0.612060546875 0.18834635416666667 0.6185546875 0.21973307291666666 0.5893359375 0.23596354166666667 0.57310546875 0.25111328125 0.53251953125 0.2641015625 0.4935546875 0.26626953125 0.472451171875 0.260859375 0.42375 0.25761067708333335 0.3977734375 0.24895182291666665 0.371806640625 0.23704427083333335 0.350703125 0.21973307291666666 0.34095703125 0.20349609375 0.332841796875 0.1905078125 0.32634765625 0.16669921875000002 0.332841796875 0.14180989583333334 0.33771484375
0 0.7352799479166667 0.52568359375 0.7339322916666666 0.53291015625 0.7352799479166667 0.540419921875 0.7373958333333334 0.546484375 0.7391276041666667 0.543017578125 0.7360481770833333 0.53666015625 0.7379752604166666 0.52857421875
3 0.6915950520833333 0.427001953125 0.7078255208333334 0.402646484375 0.7175651041666667 0.386416015625 0.7251432291666666 0.376669921875 0.7467838541666666 0.36693359375 0.7641015625 0.36369140625 0.7889973958333334 0.36369140625 0.8117252604166666 0.358818359375 0.8268749999999999 0.350703125 0.8387760416666666 0.344208984375 0.8593424479166667 0.344208984375 0.892890625 0.3539453125 0.9112890625 0.371806640625 0.9221093749999999 0.39615234375 0.9372656250000001 0.428623046875 0.9394270833333334 0.454599609375 0.9459244791666667 0.4903125 0.9502473958333333 0.524404296875 0.9502473958333333 0.555244140625 0.9491666666666667 0.57796875 0.9459244791666667 0.61693359375 0.9296875 0.6477734375 0.9112890625 0.67537109375 0.8853125 0.6997265625 0.85826171875 0.71595703125 0.8366145833333333 0.72732421875 0.80306640625 0.74517578125 0.7814192708333333 0.74517578125 0.7554427083333333 0.7403125 0.7197330729166667 0.71109375 0.70349609375 0.66888671875 0.6861783854166666 0.629921875 0.6818489583333333 0.610439453125 0.6807682291666667 0.592587890625 0.6959244791666667 0.53576171875 0.7002473958333333 0.4935546875 0.6980859375 0.46595703125 0.6948372395833333 0.44810546875 0.6915950520833333 0.428623046875