3 1 0.3594135802469136 0.9575813008130081 0.31469135802469134 0.8895934959349594 0.30299382716049383 0.8665040650406504 0.31469135802469134 0.8498170731707317 0.3127469135802469 0.8280081300813008 0.34391975308641975 0.8190243902439024 0.3516975308641975 0.7984959349593497 0.3595061728395062 0.784390243902439 0.3692283950617284 0.7651422764227642 0.39845679012345675 0.7638617886178861 0.39845679012345675 0.7613008130081301 0.4296296296296296 0.7548780487804878 0.4958641975308642 0.7497560975609756 0.5542901234567902 0.7317886178861789 0.7023456790123457 0.7715650406504065 0.8523456790123457 0.8023577235772358 0.9088580246913581 0.8344308943089431 0.9516975308641976 0.85880081300813 0.9633950617283951 0.8857317073170731 0.9672839506172839 0.9126829268292683 0.9633950617283951 0.9293495934959349 0.9516975308641976 0.9678455284552846 0.9283333333333332 0.9922154471544716 0.9049382716049382 0.9986382113821138 0.8835185185185185 1 0.7448148148148148
0 0.9659552845528455 0.5856481481481481 0.960020325203252 0.5941049382716049 0.9492682926829269 0.5986111111111111 0.9548170731707317 0.6014197530864198 0.9655691056910569 0.5974691358024692 0.9715040650406505 0.5884876543209876
0 0.6647967479674797 0.6881172839506172 0.649349593495935 0.6613888888888889 0.6317479674796748 0.6565432098765432 0.6082926829268293 0.6711111111111111 0.5837804878048781 0.6775925925925925 0.5502032520325203 0.6775925925925925 0.5496747967479675 0.6864814814814815 0.5629878048780488 0.6978086419753087 0.5747154471544715 0.7050925925925926 0.5933739837398374 0.6937654320987654 0.6029674796747968 0.6937654320987654 0.6034959349593496 0.7099691358024691 0.6163008130081301 0.7107716049382716 0.6290853658536585 0.7026851851851852 0.6440040650406504 0.7002469135802469 0.6568089430894308 0.7018518518518518
0 0.06274390243902439 0.542283950617284 0.05853658536585366 0.539074074074074 0.052215447154471545 0.5374691358024691 0.04975609756097561 0.540679012345679 0.0508130081300813 0.5486728395061728 0.05747967479674797 0.5497530864197531 0.06380081300813008 0.5529320987654321
3 0.0014634146341463415 0.19604938271604938 0.055873983739837395 0.1680246913580247 0.10660569105691058 0.17364197530864198 0.14902439024390243 0.2016358024691358 0.1969918699186992 0.24086419753086422 0.22189024390243903 0.2828703703703704 0.2458739837398374 0.312283950617284 0.26247967479674794 0.3557098765432099 0.26154471544715446 0.39351851851851855 0.22465447154471546 0.48595679012345677 0.19884146341463416 0.6610185185185184 0.22004065040650408 0.7464814814814815 0.1766869918699187 0.836111111111111 0.10660569105691058 0.9341358024691359 0.0632520325203252 0.9579629629629629 0.018983739837398372 0.9551543209876544 0 0.9512345679012345 0 0.5930555555555556
0 0.10069105691056911 0.4478703703703704 0.09191056910569105 0.4579938271604938 0.08558943089430894 0.46601851851851855 0.08313008130081301 0.47132716049382717 0.08768292682926829 0.47935185185185186 0.08979674796747968 0.47506172839506167 0.09857723577235772 0.45854938271604934
0 0.11928861788617885 0.5075925925925926 0.10735772357723578 0.5038888888888888 0.10664634146341463 0.5060185185185185 0.10770325203252033 0.5108024691358025 0.1119308943089431 0.5150617283950617 0.11754065040650406 0.5134876543209876
0 0.43949186991869915 0.8293827160493829 0.4320528455284553 0.8469444444444445 0.4281910569105691 0.8637345679012346 0.422540650406504 0.8804938271604937 0.4191869918699187 0.8945679012345679 0.4194512195121951 0.9105555555555555 0.422540650406504 0.9148456790123457 0.4289634146341464 0.9031481481481481 0.43434959349593494 0.8922222222222221 0.43898373983739836 0.8781481481481481 0.4428455284552845 0.8641049382716051 0.44412601626016257 0.8488888888888889 0.444390243902439 0.8383333333333334
3 0.32384146341463416 0.2815740740740741 0.2892073170731707 0.34391975308641975 0.2225 0.4880555555555555 0.19684959349593495 0.667283950617284 0.25329268292682927 0.8153395061728396 0.36105691056910566 0.9088580246913581 0.48028455284552846 0.9496913580246913 0.5598983739837399 0.9380555555555555 0.6573983739837398 0.8542901234567902 0.6779065040650406 0.8095061728395061 0.6910569105691057 0.7685185185185185 0.7148373983739837 0.7209876543209877 0.7282520325203252 0.6895061728395062 0.7382113821138211 0.6205246913580247 0.7471951219512195 0.558179012345679 0.7489837398373984 0.5018518518518519 0.7495934959349594 0.471604938271605 0.7532520325203252 0.43734567901234567 0.7532520325203252 0.4089506172839506 0.7523170731707317 0.3750617283950617 0.7446341463414634 0.33416666666666667 0.681910569105691 0.216358024691358 0.6509756097560975 0.19391975308641976 0.6240447154471545 0.19197530864197532 0.5817073170731707 0.19197530864197532 0.5598983739837399 0.19197530864197532 0.5355081300813008 0.19197530864197532 0.5021544715447155 0.19197530864197532 0.4701219512195122 0.18024691358024691 0.41239837398373985 0.1737654320987654 0.3632113821138211 0.19814814814814816
0 0.5139634146341463 0.620925925925926 0.5001016260162602 0.613641975308642 0.4766463414634146 0.6168827160493827 0.45160569105691056 0.6322530864197531 0.4420121951219512 0.639537037037037 0.4244105691056911 0.6549074074074074 0.4164227642276423 0.6703086419753087 0.4292073170731707 0.6962037037037037 0.43347560975609756 0.7253395061728395 0.4409349593495935 0.7528703703703704 0.4452032520325203 0.7828086419753086 0.45959349593495935 0.7730864197530863 0.48304878048780486 0.7293827160493827 0.49796747967479676 0.7188580246913581 0.5192886178861789 0.7091358024691358 0.5251422764227642 0.6897222222222222 0.540609756097561 0.6783950617283951 0.5470121951219512 0.6630246913580247 0.5390040650406503 0.6484567901234568 0.522479674796748 0.6338888888888888
1 0.3434552845528455 0.6763888888888889 0.31859756097560976 0.7239197530864198 0.2780691056910569 0.7420987654320987 0.29371951219512193 0.8120370370370371 0.34530487804878046 0.8567901234567902 0.37939024390243903 0.8875617283950618 0.4226626016260162 0.9197222222222222 0.46227642276422765 0.9351234567901235 0.5000406504065041 0.9407098765432099 0.5534552845528455 0.9323148148148148 0.6206910569105691 0.8847530864197531 0.6529268292682927 0.8512037037037038 0.6823983739837398 0.7868518518518518 0.7008130081300813 0.7449074074074074 0.711869918699187 0.6973456790123457 0.711869918699187 0.658179012345679 0.6639837398373983 0.652746913580247 0.6289837398373983 0.6457407407407407 0.5921341463414633 0.6693827160493827 0.5525406504065041 0.6693827160493827 0.5405691056910569 0.6386111111111111 0.5092479674796748 0.6134259259259259 0.47424796747967485 0.6106481481481482 0.4291056910569106 0.6358024691358025 0.3904268292682927 0.6651851851851852 0.3517479674796748 0.6595987654320988
0 0.3743089430894309 0.7479938271604938 0.3652439024390244 0.7698456790123457 0.3588617886178862 0.7884567901234568 0.3625813008130081 0.8224691358024692 0.3652439024390244 0.8604938271604938 0.3711178861788618 0.8799382716049383 0.3876422764227642 0.8904629629629629 0.40308943089430893 0.8920679012345678 0.4142886178861789 0.870216049382716 0.42335365853658535 0.8345987654320989 0.42867886178861786 0.8030246913580247 0.4302845528455284 0.7803703703703704 0.42280487804878053 0.7609567901234568 0.4041666666666667 0.7479938271604938 0.38869918699186995 0.7431481481481481
0 0.8391869918699187 0.6323765432098765 0.8317682926829268 0.6346296296296297 0.8295325203252032 0.6408024691358025 0.8321341463414634 0.6464506172839506 0.8351016260162601 0.6419444444444444 0.83880081300813 0.6396913580246913 0.8414024390243903 0.6368827160493827
0 0.800630081300813 0.6036728395061729 0.8047154471544716 0.6194444444444445 0.8047154471544716 0.630679012345679 0.8061991869918699 0.6453086419753087 0.8017479674796748 0.6638888888888889 0.8132317073170732 0.6441975308641975 0.8247154471544715 0.6396913580246913 0.8221341463414634 0.630679012345679 0.814349593495935 0.6183024691358026 0.8084146341463415 0.6104320987654321