3 0.69875 0.6172357723577235 0.6903666666666667 0.6291056910569105 0.6812666666666667 0.6326558265582656 0.6747 0.638590785907859 0.6688666666666666 0.6605149051490514 0.6750666666666667 0.6776964769647696 0.6889166666666667 0.6966666666666667 0.6991166666666667 0.7055555555555556 0.7107833333333334 0.7079403794037941 0.7144333333333334 0.6901626016260163 0.7115166666666667 0.6676422764227643 0.7151666666666667 0.6605149051490514 0.7271833333333333 0.6670460704607045 0.7392166666666666 0.67710027100271 0.7468833333333333 0.6848238482384823 0.7534333333333333 0.6699999999999999 0.7516166666666667 0.6557723577235772 0.7523500000000001 0.6450948509485095 0.7574500000000001 0.6397831978319783 0.7552666666666668 0.6178319783197832 0.7436 0.5965040650406505 0.7363 0.5888075880758807 0.7261000000000001 0.5876151761517615 0.7202666666666667 0.5858265582655826 0.7126166666666667 0.5905691056910569 0.70605 0.5965040650406505 0.7024 0.600650406504065
1 0.4179 0.3767479674796748 0.4369166666666666 0.37859078590785905 0.4550666666666667 0.3842547425474255 0.4689 0.3959620596205962 0.4781166666666667 0.40856368563685636 0.4706166666666667 0.4137669376693767 0.46285 0.41891598915989164 0.44181666666666664 0.41937669376693765 0.42741666666666667 0.41517615176151756 0.42885 0.39127371273712735 0.42596666666666666 0.3856639566395664 0.42338333333333333 0.38279132791327913
3 0.3466166666666667 0.6421409214092141 0.3375 0.6326558265582656 0.33203333333333335 0.6326558265582656 0.3240166666666667 0.6397831978319783 0.316 0.654579945799458 0.30688333333333334 0.6682113821138211 0.30506666666666665 0.6860162601626016 0.30833333333333335 0.6954742547425474 0.3222 0.6960704607046071 0.33385 0.6895663956639566 0.34151666666666664 0.6812737127371273 0.3448 0.657560975609756
3 0.468 0.6036043360433604 0.4625333333333333 0.5941192411924119 0.45633333333333337 0.5929539295392954 0.4446833333333333 0.5893766937669377 0.4297333333333333 0.5864227642276423 0.4228 0.585230352303523 0.41405000000000003 0.6000542005420054 0.40968333333333334 0.6178319783197832 0.40968333333333334 0.6480758807588075 0.40968333333333334 0.6723577235772358 0.41186666666666666 0.6943089430894309 0.42135 0.7162330623306233 0.42863333333333337 0.7340108401084011 0.43665000000000004 0.7405420054200542 0.44905 0.7269105691056911 0.4578 0.7026016260162601 0.46363333333333334 0.6889701897018969 0.46983333333333327 0.6794850948509484 0.4745666666666667 0.6676422764227643 0.47419999999999995 0.6391869918699188 0.47346666666666665 0.6219783197831978
3 0.31671666666666665 0.44712737127371277 0.31053333333333333 0.43289972899729 0.30469999999999997 0.41807588075880764 0.2955833333333333 0.41276422764227644 0.27953333333333336 0.413929539295393 0.2759 0.41631436314363146 0.27371666666666666 0.4222222222222223 0.2759 0.44712737127371277 0.28501666666666664 0.46550135501355017 0.2952166666666667 0.4696476964769648 0.30615 0.4666937669376694 0.31198333333333333 0.4595663956639567
3 0.75015 0.4305420054200542 0.7414 0.43644986449864503 0.7257333333333333 0.44593495934959354 0.7104166666666667 0.4542547425474255 0.6980333333333333 0.4595663956639567 0.7027666666666668 0.4755826558265583 0.7056833333333333 0.49040650406504066 0.7144333333333334 0.5093766937669377 0.7257333333333333 0.5105420054200541 0.7326666666666667 0.5099728997289973 0.7392166666666666 0.4969105691056911 0.7446833333333334 0.48921409214092143 0.7490666666666667 0.4678861788617886
3 0.7184333333333334 0.40859078590785913 0.7045833333333333 0.4121680216802168 0.6907333333333333 0.42520325203252035 0.6878166666666666 0.43528455284552847 0.7002166666666667 0.4405962059620597 0.7093333333333334 0.4417886178861789 0.7137 0.4388346883468835 0.7180833333333334 0.429349593495935 0.7188 0.41926829268292687
3 0.6462666666666667 0.6030081300813008 0.6331333333333333 0.6053929539295393 0.62075 0.6095392953929539 0.6149166666666667 0.6154742547425475 0.6116333333333334 0.6237669376693766 0.612 0.6498373983739837 0.61565 0.6782926829268292 0.6243833333333333 0.6984552845528456 0.6324166666666666 0.7138753387533876 0.64335 0.7257181571815718 0.65355 0.7144444444444444 0.6637666666666666 0.6913279132791328 0.6674 0.6759349593495935 0.6666833333333333 0.6498373983739837 0.6688666666666666 0.6338482384823848 0.6663166666666667 0.6166666666666667 0.6637666666666666 0.6024390243902439
3 0.4013 0.6605149051490514 0.39218333333333333 0.6462872628726287 0.38233333333333336 0.6273170731707317 0.3754166666666667 0.6190243902439024 0.3714 0.6119241192411924 0.36083333333333334 0.6124932249322493 0.35208333333333336 0.6279132791327913 0.3477166666666667 0.6421409214092141 0.3455166666666667 0.6569647696476965 0.3433333333333333 0.6723577235772358 0.34223333333333333 0.6842276422764227 0.3437 0.7014092140921409 0.3484333333333333 0.7186178861788618 0.35245 0.7310569105691057 0.36593333333333333 0.7340108401084011 0.37833333333333335 0.7298644986449865 0.38745 0.7197831978319784 0.3969166666666667 0.7008130081300814 0.40166666666666667 0.6806775067750677 0.40348333333333336 0.6723577235772358
3 0.33021666666666666 0.6297018970189703 0.3214666666666667 0.6208130081300813 0.31271666666666664 0.6184281842818428 0.30541666666666667 0.6166666666666667 0.2970333333333333 0.6190243902439024 0.2893833333333333 0.6172357723577235 0.28209999999999996 0.6142818428184281 0.2718833333333333 0.6225745257452574 0.2682333333333333 0.6326558265582656 0.26021666666666665 0.6444986449864498 0.25293333333333334 0.6646612466124661 0.25146666666666667 0.676531165311653 0.26021666666666665 0.6806775067750677 0.2759 0.6788888888888889 0.29085 0.6705962059620596 0.30433333333333334 0.6581571815718158 0.3138 0.6462872628726287 0.3280166666666667 0.6332520325203251
3 0.5875666666666667 0.3161246612466125 0.5740833333333333 0.30902439024390244 0.5525833333333333 0.31257452574525746 0.5390833333333334 0.3250135501355014 0.5267 0.34043360433604336 0.5201333333333333 0.35880758807588076 0.5146666666666667 0.37658536585365854 0.5135666666666666 0.3961517615176152 0.5157666666666666 0.4299457994579946 0.5172166666666667 0.451869918699187 0.52305 0.4726287262872629 0.5347166666666666 0.4821138211382114 0.5485666666666666 0.4821138211382114 0.5664333333333333 0.4844715447154472 0.5828333333333333 0.486260162601626 0.5963166666666667 0.4856639566395664 0.6109 0.48032520325203254 0.6174666666666667 0.46550135501355017 0.6192833333333333 0.45246612466124664 0.6222 0.4388346883468835 0.6222 0.4109756097560976 0.62075 0.39495934959349593 0.6182 0.3706775067750678 0.6149166666666667 0.3576151761517615 0.6105333333333334 0.3362872628726287 0.5999666666666666 0.3232520325203252
3 0.28573333333333334 0.4767750677506775 0.27335 0.4731978319783198 0.2595 0.46550135501355017 0.24345 0.4572086720867209 0.2347 0.4572086720867209 0.22923333333333332 0.4631436314363144 0.23215 0.49929539295392955 0.23543333333333333 0.5158807588075881 0.24673333333333333 0.5277506775067751 0.25366666666666665 0.5407859078590787 0.2635 0.5378319783197832 0.2740666666666667 0.5301084010840109 0.28501666666666664 0.5016531165311654 0.28901666666666664 0.49574525745257453 0.30469999999999997 0.5063956639566396 0.31745 0.5087804878048781 0.3240166666666667 0.49929539295392955 0.32766666666666666 0.48032520325203254 0.3313 0.4726287262872629 0.32656666666666667 0.46550135501355017 0.31198333333333333 0.4696476964769648 0.2944833333333333 0.4767750677506775
3 0.6728666666666667 0.363550135501355 0.66705 0.35880758807588076 0.65355 0.37124661246612467 0.6393333333333334 0.3908130081300813 0.6298666666666667 0.40978319783197836 0.6240333333333333 0.4394308943089431 0.6214833333333333 0.467289972899729 0.6302166666666666 0.486260162601626 0.6411666666666667 0.4945528455284553 0.6542833333333333 0.5052303523035231 0.6637666666666666 0.502249322493225 0.6732333333333334 0.49989159891598917 0.67835 0.48921409214092143 0.6827166666666666 0.47498644986449867 0.6863666666666667 0.4578048780487805 0.68745 0.4323035230352304 0.6870833333333334 0.4014905149051491 0.686 0.38726287262872633 0.6830833333333334 0.37718157181571815
3 0.5124833333333334 0.36710027100271003 0.50665 0.3523035230352303 0.4975333333333333 0.3333333333333333 0.4858666666666666 0.3167208672086721 0.4753 0.3078319783197832 0.46216666666666667 0.30249322493224934 0.45086666666666664 0.30249322493224934 0.43520000000000003 0.3107859078590786 0.4242666666666667 0.32146341463414635 0.41988333333333333 0.33154471544715447 0.41441666666666666 0.344579945799458 0.40968333333333334 0.3659349593495935 0.41333333333333333 0.37718157181571815 0.42608333333333337 0.38547425474254743 0.42899999999999994 0.3902168021680217 0.42718333333333336 0.4080216802168022 0.42718333333333336 0.41631436314363146 0.43811666666666665 0.4198644986449865 0.4567 0.4228184281842819 0.4723833333333333 0.41867208672086725 0.4851333333333333 0.413929539295393 0.5008166666666667 0.4121680216802168 0.5106499999999999 0.40918699186991875 0.5146666666666667 0.4020867208672087 0.5139333333333334 0.3890514905149052
3 0.5299833333333334 0.5751490514905149 0.5205000000000001 0.5769376693766938 0.5139333333333334 0.581680216802168 0.5019 0.5798915989159892 0.48405000000000004 0.5810840108401084 0.47895 0.5822764227642276 0.4763833333333333 0.5941192411924119 0.47201666666666664 0.607750677506775 0.4753 0.6302981029810298 0.4753 0.6587262872628726 0.4804 0.67710027100271 0.48696666666666666 0.6984552845528456 0.49425 0.7156368563685637 0.5000833333333333 0.7423035230352304 0.5164833333333333 0.7470460704607047 0.5277833333333334 0.7381571815718158 0.5263333333333333 0.7055555555555556 0.5336166666666667 0.6776964769647696 0.5401833333333333 0.6658536585365853 0.5419999999999999 0.6480758807588075 0.5419999999999999 0.6225745257452574 0.5401833333333333 0.6024390243902439 0.5398166666666666 0.5941192411924119 0.5365333333333333 0.5798915989159892
3 0.4053 0.40918699186991875 0.38926666666666665 0.3931978319783198 0.3779666666666667 0.3706775067750678 0.36848333333333333 0.3623577235772358 0.355 0.36176151761517616 0.3448 0.3659349593495935 0.33458333333333334 0.3807317073170732 0.33021666666666666 0.3955555555555556 0.32948333333333335 0.4210569105691057 0.3313 0.4423848238482385 0.33531666666666665 0.46254742547425476 0.33968333333333334 0.48151761517615177 0.3484333333333333 0.4969105691056911 0.35791666666666666 0.5010569105691056 0.3674 0.5016531165311654 0.3743166666666667 0.4969105691056911 0.3794166666666667 0.49216802168021684 0.38963333333333333 0.4856639566395664 0.3954666666666667 0.47737127371273713 0.4002 0.46135501355013553 0.40238333333333337 0.4512737127371274 0.4056666666666667 0.43528455284552847 0.41041666666666665 0.4204607046070461
3 0.5999666666666666 0.578130081300813 0.5835666666666667 0.5769376693766938 0.56935 0.578130081300813 0.56205 0.5810840108401084 0.5547666666666667 0.5917615176151761 0.5474666666666667 0.6024390243902439 0.5449166666666666 0.6148780487804878 0.54565 0.6433333333333333 0.5482 0.666449864498645 0.5547666666666667 0.676531165311653 0.5613333333333334 0.6901626016260163 0.5660666666666666 0.7162330623306233 0.5719 0.7423035230352304 0.5824666666666667 0.7511924119241192 0.5930333333333333 0.7446883468834689 0.5934 0.7102981029810299 0.5970500000000001 0.6806775067750677 0.6014333333333334 0.6682113821138211 0.6065333333333334 0.6539837398373983 0.6072500000000001 0.6332520325203251 0.6076166666666667 0.6124932249322493 0.6076166666666667 0.5953116531165311 0.6058 0.5804878048780487