3 0.4682933333333334 0.5009750000000001 0.45910666666666666 0.5219400000000001 0.45152 0.5483 0.44233333333333336 0.5866399999999999 0.44233333333333336 0.62019 0.4555133333333333 0.6579299999999999 0.48706333333333335 0.700465 0.5094299999999999 0.720235 0.5341899999999999 0.725025 0.5517633333333333 0.723825 0.5641466666666667 0.70885 0.5773233333333333 0.6771 0.5841133333333333 0.6483450000000001 0.58012 0.608205 0.5705366666666666 0.57466 0.5573566666666666 0.5483 0.5385833333333333 0.53512 0.5242066666666666 0.50876 0.5094299999999999 0.485995 0.4854666666666667 0.481205 0.47308666666666666 0.4824
3 0.6011933333333334 0.09117499999999999 0.5877466666666666 0.07553499999999999 0.5715566666666667 0.075945 0.5397233333333333 0.09487999999999999 0.49911 0.12246 0.4793533333333333 0.144685 0.48182 0.173915 0.48978 0.189145 0.50295 0.2159 0.51585 0.243475 0.52408 0.25871 0.5375266666666666 0.266115 0.5528966666666667 0.262 0.5732033333333333 0.25088499999999997 0.5932333333333334 0.23648 0.6050333333333333 0.22578 0.62205 0.21343 0.6311033333333333 0.200255 0.6404333333333333 0.194905 0.6398866666666667 0.17926499999999998 0.63138 0.14757 0.6171099999999999 0.118755
3 0.4659066666666667 0.15045 0.4445 0.16856000000000002 0.4178833333333334 0.19902 0.3896166666666666 0.22907 0.37123 0.2513 0.36052999999999996 0.278055 0.36985999999999997 0.313865 0.3789166666666667 0.344735 0.39538 0.36367 0.4241933333333333 0.366965 0.4472466666666667 0.348855 0.46809999999999996 0.32456999999999997 0.48401666666666665 0.308515 0.49773666666666666 0.28958 0.5106366666666667 0.27640499999999996 0.5150266666666666 0.25665 0.51585 0.243475 0.50295 0.2159 0.48978 0.189145 0.48182 0.173915
3 0.79589 0.5990800000000001 0.7936966666666667 0.5793200000000001 0.7906766666666667 0.56821 0.7849133333333332 0.55792 0.7764066666666666 0.55092 0.76845 0.5431 0.7610399999999999 0.54104 0.7475933333333334 0.54598 0.7366166666666666 0.55833 0.7300300000000001 0.56862 0.7267366666666667 0.584675 0.7256400000000001 0.5974349999999999 0.7226233333333333 0.61184 0.7190533333333333 0.6303650000000001 0.7165833333333333 0.64683 0.7197399999999999 0.645635 0.72523 0.643575 0.7287966666666666 0.6337 0.7367533333333334 0.62382 0.74389 0.6143500000000001 0.7592566666666667 0.607355 0.77133 0.6040599999999999 0.7828566666666668 0.604885 0.79109 0.604885 0.79644 0.605665
3 0.5653433333333333 0.43268 0.56055 0.44945 0.56015 0.474615 0.5709333333333333 0.506965 0.5829166666666666 0.550095 0.5921033333333333 0.577055 0.5929 0.597425 0.5972933333333333 0.616595 0.6024866666666667 0.628575 0.6172633333333333 0.635165 0.6448200000000001 0.62678 0.6619933333333333 0.616595 0.6823633333333333 0.596825 0.6955399999999999 0.576455 0.6995366666666667 0.53512 0.69594 0.491985 0.6787666666666666 0.460835 0.6619933333333333 0.43088 0.6544066666666667 0.42429 0.61926 0.41170999999999996 0.6040833333333333 0.403325 0.5893066666666666 0.402125 0.5721333333333334 0.414705
3 0.2911033333333333 0.405245 0.3056466666666667 0.40854 0.32156333333333337 0.406895 0.33007000000000003 0.39742500000000003 0.34598666666666666 0.367375 0.3572366666666667 0.34103500000000003 0.3613533333333333 0.321275 0.3544933333333333 0.30481 0.34681 0.293285 0.3303433333333333 0.31962999999999997 0.31278 0.3575
3 0.9027766666666667 0.6740349999999999 0.8931733333333334 0.6728 0.87808 0.67692 0.86189 0.67733 0.8492666666666667 0.676505 0.8399366666666667 0.68186 0.8341733333333333 0.69009 0.8275866666666667 0.698735 0.8196266666666667 0.7053200000000001 0.8111200000000001 0.71314 0.8067300000000001 0.7238450000000001 0.8045366666666667 0.741545 0.8056333333333333 0.7613 0.8061833333333334 0.77818 0.8081033333333333 0.7991699999999999 0.8144133333333332 0.8131649999999999 0.8275866666666667 0.81687 0.83966 0.815635 0.85201 0.8061699999999999 0.8525566666666667 0.78106 0.8594200000000001 0.76295 0.8660033333333335 0.75307 0.8734133333333333 0.74566 0.88247 0.739075 0.8890566666666667 0.7333099999999999 0.8964633333333333 0.72549 0.9036000000000001 0.72014 0.91046 0.71314
3 0.7707833333333333 0.00103 0.75514 0.0018549999999999999 0.74334 0.002265 0.73209 0.0047350000000000005 0.72468 0.00844 0.7255033333333334 0.01832 0.7348333333333333 0.036840000000000005 0.7416933333333333 0.054955 0.7523966666666667 0.07923999999999999 0.7609033333333334 0.09447 0.77819 0.095705 0.79246 0.09240999999999999 0.8124933333333333 0.08253 0.8267633333333333 0.07553499999999999 0.8429533333333333 0.063595 0.84954 0.057835 0.8522833333333333 0.045075000000000004 0.8525566666666667 0.035195 0.8424033333333334 0.0212 0.82841 0.00556 0.8218233333333332 0.00062
0 0.80578 0.7226549999999999 0.7994933333333334 0.71753 0.7956333333333334 0.7120700000000001 0.7923266666666666 0.71025 0.7953033333333333 0.715545 0.79376 0.718025 0.79034 0.7239800000000001 0.7883533333333334 0.72911 0.7849366666666666 0.7335750000000001 0.7822899999999999 0.73622 0.7854866666666667 0.73854 0.7856000000000001 0.74072 0.8045366666666667 0.741545 0.8067300000000001 0.7238450000000001
3 0.7416933333333333 0.054955 0.7348333333333333 0.036840000000000005 0.7255033333333334 0.01832 0.7148 0.00597 0.6969633333333333 0.015025 0.6763833333333333 0.03149 0.6577233333333333 0.04096 0.63961 0.05166 0.6198533333333334 0.06483 0.60476 0.07224 0.5992733333333333 0.08418 0.6011933333333334 0.09117499999999999 0.6171099999999999 0.118755 0.63138 0.14757 0.6398866666666667 0.17926499999999998 0.6461966666666666 0.19119999999999998 0.6596433333333334 0.19119999999999998 0.6796766666666667 0.18338 0.6958666666666666 0.17432499999999998 0.7073933333333333 0.16444499999999998 0.7213866666666666 0.15415500000000001 0.73401 0.14551 0.7425166666666667 0.136045 0.7496533333333334 0.12781 0.7565133333333334 0.123695 0.7625500000000001 0.11711 0.7639233333333333 0.10476 0.7609033333333334 0.09447 0.7523966666666667 0.07923999999999999
3 0.7856000000000001 0.74072 0.76941 0.74813 0.7554133333333333 0.76583 0.7460833333333333 0.769535 0.72962 0.75636 0.72523 0.73825 0.7227600000000001 0.7259 0.7186433333333333 0.7164349999999999 0.71288 0.699145 0.7106833333333334 0.68968 0.7120566666666667 0.678155 0.71727 0.665805 0.7186433333333333 0.653865 0.7197399999999999 0.645635 0.72523 0.643575 0.7287966666666666 0.6337 0.7367533333333334 0.62382 0.74389 0.6143500000000001 0.7592566666666667 0.607355 0.77133 0.6040599999999999 0.7828566666666668 0.604885 0.79109 0.604885 0.80536 0.607355 0.8185300000000001 0.6098250000000001 0.83088 0.62176 0.8459733333333334 0.6337 0.8580466666666666 0.65181 0.86573 0.6621 0.8736900000000001 0.676505 0.86189 0.67733 0.8492666666666667 0.676505 0.8399366666666667 0.68186 0.8341733333333333 0.69009 0.8275866666666667 0.698735 0.8196266666666667 0.7053200000000001 0.8111200000000001 0.71314 0.8067300000000001 0.7238450000000001 0.8045366666666667 0.741545
1 0.47274666666666665 0.486585 0.4673966666666667 0.509055 0.46686 0.519085 0.4669933333333333 0.53413 0.46886666666666665 0.5369400000000001 0.47569 0.5329299999999999 0.4833133333333334 0.531725 0.4877266666666667 0.532325 0.49548333333333333 0.5283150000000001 0.49949666666666664 0.5289149999999999 0.5061833333333333 0.526105 0.5096633333333334 0.52671 0.5138066666666667 0.528715 0.5208966666666667 0.53012 0.52598 0.53052 0.53387 0.532325 0.5382833333333333 0.53373 0.53347 0.52691 0.52451 0.51106 0.5168833333333334 0.49822000000000005 0.5083233333333333 0.48598 0.49628666666666665 0.48377499999999996 0.48505000000000004 0.48277 0.47716000000000003 0.48377499999999996