3 0.7167595818815331 0.6303409090909091 0.7198954703832753 0.6718181818181818 0.7324390243902439 0.7064772727272728 0.7456794425087108 0.7331818181818182 0.7596167247386759 0.7542045454545455 0.770418118466899 0.7610227272727272 0.7805226480836237 0.7604545454545455 0.7857491289198606 0.7530681818181818 0.7860975609756098 0.7303409090909091 0.7874912891986062 0.6945454545454545 0.7833101045296167 0.6820454545454546 0.7756445993031359 0.637159090909091 0.7721602787456446 0.6240909090909091 0.7634494773519164 0.6189772727272728 0.7578745644599303 0.6121590909090909 0.7498606271777004 0.6030681818181818 0.7421951219512195 0.6007954545454545 0.7320905923344948 0.6110227272727273 0.7240766550522648 0.6161363636363636
1 0.4957839721254355 0.36818181818181817 0.5195121951219512 0.38579545454545455 0.5334494773519164 0.40284090909090914 0.5526132404181184 0.42045454545454547 0.565156794425087 0.42386363636363633 0.5780139372822299 0.4289772727272727 0.5741811846689895 0.39488636363636365 0.5734843205574913 0.3539772727272727 0.567212543554007 0.33125 0.5501393728222996 0.3227272727272727 0.5337630662020906 0.32215909090909095 0.5100696864111498 0.34204545454545454
1 0.21041811846689895 0.6829545454545455 0.1964808362369338 0.7000000000000001 0.1769686411149826 0.7147727272727272 0.16965156794425088 0.6971590909090909 0.16930313588850177 0.6749999999999999 0.17313588850174216 0.6437499999999999 0.1843205574912892 0.6375000000000001 0.18954703832752612 0.6585227272727273 0.1965156794425087 0.6625
1 0.3702787456445993 0.4240909090909091 0.38386759581881535 0.4025 0.4005923344947735 0.3809090909090909 0.41836236933797905 0.36272727272727273 0.4302090592334495 0.34454545454545454 0.42714285714285716 0.3227272727272727 0.40170731707317076 0.3 0.38045296167247383 0.2988636363636364 0.3626829268292683 0.3352272727272727 0.3602439024390244 0.37329545454545454 0.36581881533101046 0.41875
1 0.24449477351916377 0.6382954545454546 0.2605226480836237 0.6456818181818181 0.27202090592334494 0.6536363636363637 0.28421602787456446 0.6757954545454545 0.288397212543554 0.6871590909090909 0.280801393728223 0.6994318181818181 0.25989547038327526 0.7119318181818182 0.2438675958188153 0.7011363636363637 0.24212543554006966 0.6602272727272728
3 0.8929965156794426 0.38579545454545455 0.8787108013937283 0.38693181818181815 0.8651219512195122 0.4142045454545455 0.8494425087108014 0.4346590909090909 0.8424738675958188 0.44715909090909095 0.840034843205575 0.4528409090909091 0.8351567944250871 0.48579545454545453 0.8323693379790941 0.4954545454545455 0.840034843205575 0.5039772727272728 0.8543205574912892 0.5096590909090909 0.87 0.5079545454545454 0.8801045296167247 0.5005681818181817 0.8856794425087108 0.47840909090909095 0.888815331010453 0.4460227272727273
3 0.840034843205575 0.3710227272727273 0.8219163763066202 0.38409090909090904 0.8003135888501742 0.41306818181818183 0.7909059233449478 0.43125 0.7842857142857143 0.44829545454545455 0.7943902439024391 0.47784090909090904 0.805191637630662 0.4971590909090909 0.8170383275261325 0.5073863636363636 0.8288850174216027 0.5028409090909091 0.8351567944250871 0.48579545454545453 0.840034843205575 0.4528409090909091 0.8428222996515679 0.42045454545454547 0.848397212543554 0.3875
3 0.6027526132404182 0.5681818181818182 0.5787108013937282 0.5676136363636364 0.5637282229965157 0.5738636363636364 0.564425087108014 0.6011363636363636 0.5630313588850174 0.6352272727272728 0.5640766550522648 0.6681818181818181 0.5773170731707317 0.6960227272727273 0.5926480836236934 0.7164772727272727 0.6044947735191638 0.7289772727272728 0.6205226480836237 0.7215909090909091 0.6288850174216029 0.7051136363636363 0.6355052264808362 0.6647727272727273 0.6431707317073171 0.6454545454545454 0.6445644599303136 0.61875 0.6417770034843205 0.5960227272727273 0.634808362369338 0.5761363636363637 0.618780487804878 0.5721590909090909
1 0.5958885017421603 0.4218181818181818 0.6014634146341463 0.43318181818181817 0.603205574912892 0.4525 0.6094773519163763 0.4354545454545455 0.6171428571428571 0.4240909090909091 0.6286411149825784 0.4309090909090909 0.6359581881533102 0.4451136363636364 0.6467595818815332 0.4519318181818182 0.6558188153310105 0.465 0.662787456445993 0.48204545454545455 0.6662717770034843 0.45875 0.6718118466898955 0.42522727272727273 0.6728919860627178 0.4104545454545454 0.6606968641114983 0.3723863636363637 0.6450174216027875 0.37579545454545454 0.6223693379790941 0.3951136363636364 0.6059930313588849 0.4053409090909091 0.5955400696864112 0.4138636363636364
3 0.8438675958188153 0.6011363636363636 0.8382926829268292 0.5903409090909091 0.8219163763066202 0.5886363636363636 0.8100696864111498 0.5988636363636364 0.8093728222996516 0.6056818181818181 0.7989198606271777 0.6079545454545454 0.7884668989547038 0.6130681818181819 0.7828919860627178 0.6238636363636364 0.7787108013937283 0.6431818181818182 0.780801393728223 0.6664772727272728 0.7846341463414634 0.6869318181818183 0.8031010452961673 0.7011363636363637 0.8243554006968641 0.7261363636363636 0.8435191637630662 0.734659090909091 0.8574564459930314 0.7323863636363637 0.8633797909407666 0.7017045454545454 0.8616376306620209 0.6681818181818181 0.8574564459930314 0.6306818181818182
3 0.4814982578397212 0.5630681818181817 0.45885017421602786 0.5613636363636364 0.4389895470383275 0.5607954545454545 0.4264459930313589 0.5653409090909091 0.41982578397212544 0.5926136363636364 0.41738675958188154 0.6142045454545454 0.4145993031358885 0.6397727272727273 0.4145993031358885 0.6670454545454546 0.4254006968641115 0.6926136363636364 0.43829268292682927 0.7034090909090909 0.4546689895470384 0.7039772727272727 0.46965156794425084 0.6823863636363636 0.4790592334494774 0.6494318181818182 0.4839372822299651 0.6267045454545455 0.4884668989547038 0.6056818181818181 0.4877700348432056 0.5812499999999999
3 0.2254006968641115 0.5727272727272728 0.20449477351916376 0.5681818181818182 0.18289198606271778 0.5875 0.17278745644599305 0.6164772727272727 0.17313588850174216 0.6437499999999999 0.16930313588850177 0.6749999999999999 0.16965156794425088 0.6971590909090909 0.1769686411149826 0.7147727272727272 0.1964808362369338 0.7000000000000001 0.21041811846689895 0.6829545454545455 0.22609756097560976 0.6727272727272727 0.2372473867595819 0.6596590909090909 0.23864111498257837 0.6301136363636364 0.24038327526132403 0.602840909090909 0.23829268292682926 0.5823863636363636
0 0.1522299651567944 0.3789772727272727 0.1480487804878049 0.3931818181818182 0.14247386759581881 0.40625 0.13829268292682925 0.42045454545454547 0.13933797909407666 0.4289772727272727 0.1515331010452962 0.4147727272727273 0.15954703832752612 0.41363636363636364 0.16547038327526134 0.4107954545454545 0.1686062717770035 0.4 0.16163763066202091 0.37840909090909086
3 0.09717770034843205 0.4068181818181818 0.07696864111498258 0.3931818181818182 0.06303135888501742 0.37159090909090914 0.055017421602787456 0.36420454545454545 0.0518815331010453 0.3795454545454545 0.05397212543554007 0.4107954545454545 0.05641114982578398 0.43636363636363634 0.05257839721254355 0.45909090909090905 0.05222996515679443 0.475 0.058850174216027874 0.48806818181818185 0.06860627177700349 0.49886363636363634 0.07592334494773519 0.49886363636363634 0.0846341463414634 0.4943181818181818 0.08951219512195123 0.4818181818181818 0.09613240418118467 0.48011363636363635 0.1037979094076655 0.475 0.10797909407665504 0.46704545454545454 0.10902439024390244 0.4528409090909091 0.10205574912891986 0.42840909090909096
3 0.15292682926829268 0.3704545454545455 0.14526132404181183 0.36079545454545453 0.1337630662020906 0.3494318181818182 0.12121951219512195 0.3392045454545455 0.10972125435540069 0.3346590909090909 0.09926829268292682 0.3482954545454545 0.09578397212543553 0.36420454545454545 0.09787456445993031 0.3897727272727272 0.09717770034843205 0.4068181818181818 0.10205574912891986 0.42840909090909096 0.10902439024390244 0.4528409090909091 0.12017421602787458 0.46136363636363636 0.13306620209059233 0.4659090909090909 0.14386759581881534 0.4744318181818182 0.1557142857142857 0.48636363636363633 0.1602439024390244 0.4943181818181818 0.17174216027874564 0.4971590909090909 0.18149825783972126 0.48806818181818185 0.18289198606271778 0.47613636363636364 0.18393728222996517 0.4602272727272727 0.18324041811846692 0.44659090909090904 0.17522648083623693 0.4244318181818182 0.17034843205574912 0.40965909090909086 0.1686062717770035 0.3897727272727272 0.1626829268292683 0.3755681818181818
3 0.3079790940766551 0.5772727272727273 0.3013588850174216 0.5482954545454546 0.2912543554006969 0.5329545454545455 0.2734843205574913 0.5380681818181818 0.2588501742160279 0.5499999999999999 0.24839721254355404 0.5681818181818182 0.2445644599303136 0.6 0.24212543554006966 0.6318181818181818 0.24212543554006966 0.6602272727272728 0.2438675958188153 0.7011363636363637 0.25989547038327526 0.7119318181818182 0.280801393728223 0.6994318181818181 0.29404181184668987 0.6789772727272727 0.30519163763066204 0.6488636363636364 0.3145993031358885 0.6198863636363636
3 0.6519512195121951 0.6047727272727272 0.6435888501742161 0.637159090909091 0.6589198606271778 0.711590909090909 0.6843554006968641 0.7292045454545455 0.6962020905923345 0.7292045454545455 0.7087456445993031 0.7189772727272727 0.7122299651567944 0.6939772727272727 0.7160627177700348 0.6314772727272727 0.7073519163763066 0.59 0.7014285714285714 0.5814772727272728 0.6881881533101045 0.574659090909091 0.6784320557491289 0.5729545454545455 0.6669337979094077 0.5769318181818183 0.6561324041811847 0.5928409090909091
3 0.38602787456445997 0.5465909090909091 0.3637282229965157 0.5471590909090909 0.3470034843205575 0.5505681818181819 0.3316724738675958 0.5585227272727272 0.3191289198606272 0.5778409090909091 0.31529616724738674 0.6056818181818181 0.3184320557491289 0.6420454545454546 0.3208710801393728 0.6710227272727273 0.32574912891986063 0.7022727272727273 0.3396864111498258 0.7090909090909091 0.359198606271777 0.7079545454545454 0.37069686411149827 0.6914772727272728 0.3790592334494774 0.6744318181818182 0.39020905923344945 0.6539772727272727 0.3985714285714286 0.6409090909090909 0.40170731707317076 0.6232954545454545 0.4041463414634146 0.6090909090909091 0.4044947735191638 0.5914772727272727 0.4034494773519164 0.571590909090909 0.40205574912891984 0.5551136363636364
3 0.2396864111498258 0.4244318181818182 0.23306620209059234 0.38863636363636367 0.22888501742160278 0.35454545454545455 0.22505226480836238 0.3318181818181818 0.2135540069686411 0.30568181818181817 0.20310104529616724 0.29090909090909095 0.18533101045296166 0.29090909090909095 0.1769686411149826 0.30511363636363636 0.17209059233449478 0.32215909090909095 0.16721254355400697 0.3386363636363636 0.16477351916376307 0.3596590909090909 0.1626829268292683 0.3755681818181818 0.1686062717770035 0.3897727272727272 0.17034843205574912 0.40965909090909086 0.17522648083623693 0.4244318181818182 0.18324041811846692 0.44659090909090904 0.18393728222996517 0.4602272727272727 0.18916376306620208 0.4715909090909091 0.19613240418118466 0.4789772727272727 0.19822299651567946 0.4852272727272728 0.2062369337979094 0.48238636363636367 0.21668989547038325 0.46988636363636366 0.2281881533101045 0.45511363636363633
3 0.7630313588850175 0.3630681818181818 0.7309756097560975 0.3613636363636364 0.7128571428571429 0.36875 0.6957839721254355 0.38920454545454547 0.6842857142857143 0.41534090909090904 0.6989198606271777 0.44715909090909095 0.7107665505226481 0.47840909090909095 0.718780487804878 0.5073863636363636 0.7288850174216028 0.5238636363636364 0.7414285714285714 0.5289772727272727 0.7525783972125436 0.5244318181818182 0.7605923344947735 0.5011363636363636 0.7703484320557491 0.46875 0.7797560975609756 0.4414772727272727 0.7818466898954703 0.4289772727272727 0.7909059233449478 0.36534090909090905
0 0.5683623693379791 0.4053409090909091 0.5582578397212543 0.4053409090909091 0.5509407665505227 0.4059090909090909 0.5512891986062718 0.4121590909090909 0.5582578397212543 0.4144318181818182 0.5634843205574913 0.4167045454545455 0.5694076655052265 0.41727272727272724 0.5701045296167248 0.4167045454545455
3 0.15536585365853658 0.5732954545454546 0.1410801393728223 0.5812499999999999 0.1302787456445993 0.5772727272727273 0.12470383275261324 0.5681818181818182 0.10449477351916375 0.5806818181818182 0.09439024390243902 0.6079545454545454 0.08672473867595819 0.6386363636363637 0.08916376306620209 0.6710227272727273 0.11285714285714286 0.6749999999999999 0.12574912891986065 0.6596590909090909 0.15013937282229967 0.6585227272727273 0.16477351916376307 0.65 0.17069686411149826 0.6392045454545454 0.1713937282229965 0.6198863636363636 0.17174216027874564 0.5948863636363636 0.16581881533101048 0.5778409090909091
1 0.7076655052264809 0.6473863636363636 0.6979442508710801 0.6689772727272727 0.6825783972125435 0.6831818181818181 0.6749477351916376 0.693409090909091 0.6822648083623694 0.711590909090909 0.6927177700348432 0.7229545454545454 0.6954703832752613 0.7263636363636364 0.7076655052264809 0.7178409090909091 0.7125435540069687 0.6905681818181818 0.7121951219512195 0.6581818181818182 0.7128919860627178 0.6377272727272727
3 0.5574564459930313 0.5761363636363637 0.5414285714285714 0.5647727272727273 0.5243554006968641 0.5613636363636364 0.5034494773519164 0.5619318181818183 0.4929965156794425 0.5659090909090909 0.491602787456446 0.584659090909091 0.4940418118466899 0.6272727272727273 0.4982229965156795 0.6420454545454546 0.5076306620209059 0.6676136363636364 0.5201742160278745 0.6840909090909091 0.5372473867595818 0.6818181818181818 0.5445644599303135 0.6749999999999999 0.5546689895470384 0.6517045454545455 0.5605923344947735 0.6295454545454545 0.56198606271777 0.6017045454545454
0 0.36205574912891986 0.3542045454545455 0.3603135888501742 0.37522727272727274 0.3662369337979094 0.4184090909090909 0.3697212543554007 0.4229545454545454 0.3822648083623693 0.4002272727272727 0.37947735191637627 0.3797727272727273 0.37634146341463415 0.36556818181818185 0.3697212543554007 0.3604545454545454
1 0.7596167247386759 0.68375 0.74602787456446 0.7002272727272727 0.749163763066202 0.7229545454545454 0.7568292682926829 0.7439772727272728 0.7651916376306621 0.7570454545454546 0.7745993031358885 0.7610227272727272 0.7815679442508711 0.7598863636363636 0.7847038327526132 0.7525 0.7857491289198606 0.7184090909090909 0.7808710801393729 0.6956818181818182 0.7686759581881534 0.6820454545454546
3 0.5780139372822299 0.4289772727272727 0.5741811846689895 0.39488636363636365 0.5734843205574913 0.3539772727272727 0.567212543554007 0.33125 0.5501393728222996 0.3227272727272727 0.5337630662020906 0.32215909090909095 0.5100696864111498 0.34204545454545454 0.4957839721254355 0.36818181818181817 0.48602787456445995 0.3960227272727273 0.48114982578397214 0.41704545454545455 0.4766202090592334 0.4397727272727273 0.47522648083623686 0.4647727272727273 0.4797560975609756 0.4840909090909091 0.49334494773519166 0.49261363636363636 0.5180836236933798 0.4971590909090909 0.5449128919860626 0.4994318181818182 0.5689547038327526 0.49886363636363634 0.580801393728223 0.49829545454545454
3 0.6442160278745644 0.37670454545454546 0.6233101045296167 0.39375 0.6065853658536585 0.4039772727272727 0.594390243902439 0.41534090909090904 0.5926480836236934 0.44715909090909095 0.5992682926829268 0.4710227272727273 0.610766550522648 0.49090909090909096 0.6386411149825784 0.49886363636363634 0.6588501742160279 0.5056818181818182 0.6658188153310105 0.4869318181818182 0.6679094076655052 0.45681818181818185 0.6717421602787457 0.43125 0.6734843205574913 0.4085227272727273 0.6616376306620209 0.3710227272727273
3 0.4417770034843206 0.35056818181818183 0.42714285714285716 0.3227272727272727 0.40170731707317076 0.3 0.38045296167247383 0.2988636363636364 0.3626829268292683 0.3352272727272727 0.3602439024390244 0.37329545454545454 0.36581881533101046 0.41875 0.36721254355400695 0.45795454545454545 0.36790940766550523 0.4732954545454545 0.3790592334494774 0.4789772727272727 0.4062369337979094 0.4835227272727272 0.4281881533101045 0.48125 0.4480487804878049 0.48068181818181815 0.45432055749128913 0.47045454545454546 0.45710801393728223 0.45511363636363633 0.45501742160278746 0.41761363636363635 0.4522299651567944 0.3789772727272727
3 0.32365853658536586 0.37329545454545454 0.3058885017421603 0.3335227272727273 0.29334494773519165 0.31477272727272726 0.2755749128919861 0.34204545454545454 0.2626829268292683 0.38125 0.26128919860627176 0.40795454545454546 0.2626829268292683 0.43125 0.267212543554007 0.44829545454545455 0.27662020905923346 0.46136363636363636 0.29891986062717774 0.4732954545454545 0.3215679442508711 0.4681818181818182 0.3396864111498258 0.45795454545454545 0.3477003484320558 0.4454545454545455 0.34804878048780485 0.4318181818181818 0.34665505226480836 0.38863636363636367 0.33898954703832757 0.375
0 0.2626829268292683 0.38125 0.2755749128919861 0.34204545454545454 0.29334494773519165 0.31477272727272726 0.3058885017421603 0.3335227272727273 0.32365853658536586 0.37329545454545454 0.33898954703832757 0.375 0.34665505226480836 0.38863636363636367 0.34804878048780485 0.4318181818181818 0.3358885017421603 0.41818181818181815 0.32229965156794427 0.4102272727272727 0.30940766550522647 0.40795454545454546 0.2881533101045296 0.4068181818181818 0.2773519163763066 0.41590909090909095 0.2672473867595819 0.4193181818181818