3 0.41965 0.44164499999999995 0.41584 0.44993 0.41335999999999995 0.45908 0.4139333333333333 0.4708 0.41641 0.486805 0.4179366666666666 0.5036700000000001 0.4213666666666666 0.51196 0.4287966666666667 0.507105 0.4390866666666667 0.505385 0.4446133333333333 0.507105 0.45014000000000004 0.49738499999999997 0.45605 0.489095 0.46291 0.485665 0.4720566666666667 0.48595 0.4720566666666667 0.47908999999999996 0.47091333333333335 0.471655 0.4707233333333334 0.46194 0.4693866666666667 0.45508 0.46481333333333336 0.45165 0.4627166666666667 0.4465 0.45948 0.44107 0.4555666666666667 0.43677 0.44055000000000005 0.434395 0.43067 0.427875 0.4203966666666667 0.43914
3 0.55018 0.5524199999999999 0.5440033333333333 0.5499400000000001 0.53915 0.548615 0.53474 0.5459700000000001 0.5319833333333334 0.543655 0.52757 0.545805 0.5242633333333333 0.54845 0.5222766666666666 0.551925 0.5199633333333333 0.567145 0.51897 0.5739249999999999 0.51974 0.57988 0.5222766666666666 0.5902999999999999 0.5254766666666667 0.599235 0.5285633333333334 0.6050249999999999 0.53496 0.60949 0.5406933333333334 0.6063500000000001 0.5461 0.5979099999999999 0.5505099999999999 0.59477 0.5534866666666667 0.5937749999999999 0.5554733333333334 0.58633 0.5567966666666667 0.5775650000000001 0.55823 0.57128 0.5606566666666667 0.565985 0.56165 0.56102 0.5615366666666667 0.55722 0.5607666666666666 0.5549 0.5561333333333334 0.55308
3 0.5811666666666667 0.5653250000000001 0.57841 0.5626749999999999 0.5723466666666667 0.559535 0.5682666666666667 0.556885 0.5648466666666666 0.555895 0.56264 0.559035 0.56165 0.56102 0.5590033333333333 0.57194 0.5575666666666667 0.57955 0.5559133333333334 0.58865 0.5565766666666667 0.59725 0.5594433333333333 0.608995 0.56198 0.61826 0.5646266666666667 0.622395 0.57069 0.622395 0.57742 0.6185900000000001 0.5832633333333334 0.61611 0.5885566666666667 0.609985 0.5908733333333333 0.60519 0.59385 0.595595 0.5960566666666667 0.58782 0.5966066666666666 0.57839 0.5957266666666667 0.57409 0.59297 0.5726 0.5883366666666666 0.57012
3 0.6562100000000001 0.134035 0.65232 0.14364 0.6534633333333334 0.155985 0.6598666666666666 0.164905 0.67679 0.17554 0.6875366666666667 0.178285 0.6937133333333333 0.18 0.6978066666666667 0.17690999999999998 0.6950833333333334 0.17005 0.6820266666666667 0.15496000000000001 0.67176 0.14398 0.6685566666666667 0.14089500000000002
3 0.6964066666666666 0.531375 0.70091 0.5226900000000001 0.7019200000000001 0.510695 0.7006333333333333 0.50022 0.6957633333333333 0.4885 0.6924566666666666 0.48202 0.68538 0.4783 0.6792233333333334 0.47940499999999997 0.6726033333333333 0.485605 0.6667233333333333 0.49498000000000003 0.6599233333333333 0.50284 0.6576233333333333 0.51042 0.65891 0.51497 0.6590033333333334 0.51993 0.6594633333333334 0.527515 0.6609333333333334 0.5304099999999999 0.6647933333333333 0.52765 0.6763733333333333 0.525995 0.6854699999999999 0.5268250000000001 0.69071 0.5284800000000001
0 0.5995566666666667 0.12568000000000001 0.6065433333333333 0.131155 0.6127366666666667 0.13544499999999998 0.6171833333333333 0.13735 0.6195633333333334 0.14330500000000002 0.6205166666666666 0.151405 0.6198833333333333 0.15855000000000002 0.6232166666666668 0.15831 0.6275033333333333 0.153785 0.63195 0.147115 0.6363966666666667 0.14164 0.63894 0.139495 0.6384633333333334 0.129015 0.631 0.12687 0.6178166666666667 0.120435 0.6063833333333334 0.11639000000000001 0.5968566666666666 0.115675 0.5982833333333333 0.124485
3 0.62142 0.576405 0.61668 0.574585 0.60543 0.5744199999999999 0.5998066666666667 0.578225 0.59804 0.582195 0.5964966666666667 0.5909650000000001 0.5959466666666666 0.6000599999999999 0.5996966666666667 0.61098 0.60521 0.6159450000000001 0.6163466666666667 0.6147849999999999 0.62528 0.6108150000000001 0.6301333333333333 0.6068450000000001 0.6344333333333333 0.60023 0.6342133333333334 0.5932799999999999 0.6328900000000001 0.5861649999999999 0.6295833333333334 0.581865
3 0.4757366666666667 0.49113999999999997 0.4720566666666667 0.48595 0.46291 0.485665 0.45605 0.489095 0.45014000000000004 0.49738499999999997 0.4446133333333333 0.507105 0.44027 0.515755 0.4384166666666667 0.5256799999999999 0.43656333333333336 0.533815 0.4348433333333333 0.5413600000000001 0.43550666666666665 0.550295 0.43894666666666665 0.559625 0.44331333333333334 0.56697 0.44821000000000005 0.571135 0.45496000000000003 0.5705399999999999 0.4631633333333333 0.5622050000000001 0.47136999999999996 0.5526749999999999 0.4757366666666667 0.549895 0.47997 0.5407649999999999 0.4828833333333334 0.53104 0.4805 0.5229 0.4797066666666666 0.51079 0.47666333333333333 0.500665
1 0.46051666666666663 0.55486 0.46343 0.54791 0.46501666666666663 0.539575 0.46462 0.531435 0.4630333333333333 0.5256799999999999 0.45826666666666666 0.5229 0.45509333333333335 0.527265 0.4535033333333333 0.53501 0.45165 0.5421549999999999 0.4494 0.54831 0.44874 0.5564450000000001 0.45046 0.56161 0.4535033333333333 0.563395 0.45747333333333334 0.56141
3 0.41447 0.43973 0.4203966666666667 0.43914 0.43067 0.427875 0.44055000000000005 0.434395 0.4555666666666667 0.43677 0.4607033333333333 0.434395 0.4603066666666667 0.41839499999999996 0.45833 0.39764499999999997 0.45793666666666666 0.37927 0.45082333333333335 0.37334500000000004 0.4385733333333333 0.37394 0.4310666666666667 0.37275 0.4283 0.362675 0.42197666666666667 0.35675 0.41881666666666667 0.3609 0.4156533333333333 0.37868 0.4128866666666667 0.407725 0.4132833333333333 0.42373
3 0.50366 0.5229 0.49678 0.520515 0.4920133333333333 0.520915 0.48857333333333336 0.52389 0.48606000000000005 0.52826 0.4842066666666666 0.53203 0.4816933333333333 0.543145 0.48036999999999996 0.554065 0.4818233333333333 0.56935 0.48301666666666665 0.5810599999999999 0.4859266666666667 0.591185 0.49280666666666667 0.592375 0.4973066666666667 0.5921799999999999 0.5047200000000001 0.586025 0.5094833333333334 0.580665 0.5157033333333333 0.57312 0.5176866666666666 0.57332 0.5208633333333333 0.5598200000000001 0.5219233333333333 0.55049 0.5227166666666667 0.54692 0.5203333333333333 0.53898 0.5168933333333333 0.536995 0.5147766666666667 0.5324249999999999 0.5121300000000001 0.528855 0.5097466666666667 0.5260750000000001
3 0.6178166666666667 0.120435 0.6063833333333334 0.11639000000000001 0.5968566666666666 0.115675 0.5982833333333333 0.124485 0.6003499999999999 0.132585 0.5986033333333333 0.14378 0.59606 0.15331 0.5970133333333333 0.16116999999999998 0.604 0.165935 0.61067 0.16784000000000002 0.6165466666666667 0.16808 0.6219466666666666 0.16450499999999998 0.6275033333333333 0.15855000000000002 0.6327466666666667 0.15212 0.6370333333333333 0.14545 0.6419566666666666 0.14164 0.6432266666666667 0.1333 0.6384633333333334 0.129015 0.631 0.12687