1 0.7132658179012346 0.6348987268518519 0.7194251543209876 0.6263599537037037 0.737662037037037 0.6223321759259259 0.7388927469135803 0.6127199074074073 0.74875 0.607175925925926 0.7519540895061728 0.6160474537037037 0.7593479938271605 0.6153096064814816 0.7674787808641975 0.6127199074074073 0.7699440586419752 0.6249189814814814 0.7748726851851852 0.6474681712962963 0.7692052469135803 0.6611458333333333 0.7632908950617284 0.6596672453703704 0.7556500771604938 0.657818287037037 0.7472723765432099 0.6611458333333333 0.7349498456790123 0.6692766203703704 0.7275578703703703 0.6755613425925925 0.7199189814814815 0.6755613425925925 0.7154822530864198 0.6677980324074073 0.7127719907407408 0.6604050925925926 0.7115393518518518 0.6485763888888889
0 0.8097723765432098 0.5255092592592593 0.8073649691358025 0.5228443287037037 0.8055324074074074 0.521640625 0.8043287037037038 0.5212123842592592 0.8045003858024691 0.5220717592592593 0.8051871141975309 0.5237905092592593 0.8060474537037038 0.5250810185185185 0.8072511574074074 0.5265422453703704 0.8082253086419753 0.5274016203703704 0.8089699074074074 0.5279166666666667 0.8095428240740741 0.5274855324074074
0 0.7237152777777778 0.6121556712962963 0.7231655092592593 0.6144270833333333 0.7236458333333333 0.615870949074074 0.7246084104938272 0.615457175925926 0.7250212191358025 0.6144270833333333 0.7250212191358025 0.6124652777777777
0 0.7403877314814815 0.5175925925925926 0.7391994598765432 0.5175925925925926 0.7385069444444444 0.5202662037037037 0.7394965277777779 0.5223466435185186 0.7404880401234568 0.5230902777777777 0.741082175925926 0.5216030092592593 0.7414776234567901 0.5196730324074074
3 0.2603780864197531 0.6571383101851852 0.2644521604938272 0.6610677083333334 0.27230709876543213 0.6697945601851851 0.2755092592592593 0.6754687500000001 0.2819097222222222 0.6863802083333334 0.2851099537037037 0.7038368055555556 0.28627314814814814 0.7108188657407408 0.2891840277777778 0.7256568287037036 0.2909278549382716 0.7439872685185185 0.28947337962962966 0.7505353009259259 0.2836554783950617 0.7658101851851852 0.26881558641975306 0.7762847222222222 0.2644521604938272 0.7789033564814815 0.25485146604938275 0.7832667824074073 0.25077739197530863 0.7871932870370371 0.24059413580246913 0.8007233796296297 0.2344849537037037 0.8033420138888888 0.21731867283950615 0.7858854166666667 0.2129533179012346 0.7837037037037037 0.20538966049382718 0.7762847222222222 0.20247878086419754 0.770173611111111 0.19171489197530864 0.7505353009259259 0.18327739197530865 0.73875 0.18385802469135804 0.7247858796296297 0.18764081790123457 0.7212934027777778 0.19462384259259258 0.7130005787037037 0.20044367283950615 0.7125636574074073 0.21120756172839508 0.7160561342592593 0.22139081790123458 0.7082002314814815 0.2318653549382716 0.7082002314814815 0.23710262345679015 0.7090740740740741 0.24554012345679013 0.7116927083333334 0.25572337962962965 0.7025260416666667 0.25950617283950617 0.6981626157407407 0.2629976851851852 0.6929253472222222 0.2592148919753086 0.6789612268518518 0.25339506172839504 0.6719762731481481 0.25339506172839504 0.6719762731481481
0 0.7145505401234568 0.7026446759259259 0.7059336419753086 0.7078443287037037 0.6989023919753087 0.714230324074074 0.6918711419753086 0.7177951388888888 0.691574074074074 0.7224016203703704 0.6956346450617285 0.7270052083333334 0.6998939043209876 0.7287905092592593 0.7034587191358025 0.7287905092592593 0.7065277777777778 0.724927662037037 0.7090046296296296 0.7182407407407406 0.7101929012345679 0.7131915509259259 0.7133622685185186 0.7091811342592592 0.7155401234567902 0.7066550925925925 0.7174228395061728 0.7045746527777779
3 0.7689332561728395 0.45796006944444445 0.763695987654321 0.4569155092592592 0.7546199845679012 0.4626736111111111 0.7340200617283951 0.4705295138888889 0.7284336419753086 0.4721006944444444 0.7186574074074074 0.473671875 0.7116743827160494 0.4783854166666667 0.7011998456790124 0.4940972222222222 0.6938676697530864 0.5139988425925927 0.6900270061728395 0.5464699074074074 0.687932098765432 0.5747482638888889 0.6854880401234569 0.5930787037037036 0.6847897376543209 0.613504050925926 0.687932098765432 0.6297395833333334 0.6931693672839506 0.6423090277777779 0.6977083333333334 0.6580208333333333 0.7158641975308642 0.676875 0.7315760030864197 0.6794936342592592 0.7437962962962963 0.6690190972222223 0.7563657407407407 0.6616869212962962 0.7675366512345678 0.6648292824074075 0.7762654320987654 0.6742563657407408 0.7797569444444444 0.6805410879629629 0.7860416666666667 0.6794936342592592 0.7972145061728395 0.6747800925925925 0.802451774691358 0.6737326388888889 0.8108314043209878 0.6684953703703704 0.8153703703703704 0.6622106481481481 0.8223533950617283 0.6475462962962963 0.8300347222222222 0.6203125 0.8335262345679012 0.5909837962962963 0.8265432098765433 0.5611342592592593 0.8195601851851853 0.5270920138888889 0.8125771604938271 0.4956684027777778 0.8073398919753086 0.4757667824074074 0.7986111111111112 0.4605787037037037 0.7822010030864197 0.45953125
0 0.7298996913580247 0.5415104166666667 0.7283159722222222 0.5428472222222221 0.7287114197530864 0.5450752314814815 0.7300983796296296 0.5461140046296296 0.7311882716049383 0.5443315972222222
0 0.7541859567901235 0.5272829861111111 0.7533005401234568 0.5273668981481481 0.7529976851851852 0.5291087962962963 0.7537712191358025 0.5298958333333333 0.7544618055555555 0.5294820601851852 0.7548765432098766 0.5288599537037038
0 0.7606905864197531 0.5082349537037038 0.7592052469135802 0.5049652777777778 0.757025462962963 0.5054108796296296 0.7569270833333333 0.5074913194444445 0.7583140432098765 0.510462962962963 0.7594020061728395 0.5128385416666666 0.7606905864197531 0.5122453703703703
0 0.8043499228395061 0.6072916666666667 0.8036902006172839 0.6059288194444444 0.8014621913580247 0.6055584490740741 0.8020389660493829 0.607416087962963 0.8032773919753086 0.6098900462962964 0.8041840277777779 0.6105092592592593
3 0.6956134259259259 0.6601157407407408 0.6847897376543209 0.6585445601851851 0.6778086419753087 0.6606394675925926 0.6739679783950617 0.666400462962963 0.6694290123456791 0.6747800925925925 0.6638425925925926 0.6931076388888889 0.662445987654321 0.7020109953703704 0.662096836419753 0.713532986111111 0.662096836419753 0.7229600694444445 0.662445987654321 0.7308159722222222 0.6739679783950617 0.7465277777777778 0.6813001543209877 0.7543836805555556 0.6865354938271605 0.7580497685185186 0.6956134259259259 0.7659056712962963 0.7015489969135802 0.7664293981481483 0.7088811728395062 0.7653819444444444 0.7183082561728396 0.7758564814814816 0.7211014660493827 0.7831886574074074 0.7242438271604938 0.7899971064814815 0.730528549382716 0.8046585648148148 0.7417013888888889 0.7999479166666666 0.7532233796296296 0.788425925925926 0.7609027777777778 0.7805700231481482 0.7696315586419753 0.7680005787037038 0.7713773148148149 0.7585734953703704 0.7752179783950617 0.7465277777777778 0.7794077932098765 0.7261024305555556 0.7818518518518518 0.7077719907407407 0.7794077932098765 0.6957262731481481 0.7759162808641975 0.687349537037037 0.7734722222222222 0.6742563657407408 0.7654417438271606 0.6653530092592592 0.7546199845679012 0.6606394675925926 0.7455420524691357 0.6643055555555556 0.7385590277777778 0.6690190972222223 0.7287827932098766 0.6773987268518519 0.7214506172839507 0.6784461805555556 0.7158641975308642 0.673208912037037 0.709579475308642 0.6721614583333333 0.7060956790123457 0.6674479166666666 0.702247299382716 0.6637818287037037
3 0.18676890432098767 0.48387731481481483 0.176875 0.48082175925925924 0.17163773148148148 0.480384837962963 0.16290895061728394 0.480384837962963 0.15854552469135802 0.48256655092592593 0.15039930555555556 0.4917332175925926 0.146616512345679 0.4960966435185185 0.14021604938271603 0.5091898148148148 0.13614197530864197 0.5305758101851852 0.13206983024691357 0.5515219907407407 0.1303240740740741 0.5589409722222223 0.12566743827160495 0.5755266203703704 0.12508680555555557 0.5947280092592593 0.12654128086419753 0.601712962962963 0.13148726851851852 0.6230960648148148 0.14254243827160495 0.6466637731481482 0.14777970679012345 0.6615017361111112 0.15069058641975308 0.6667390046296297 0.1582542438271605 0.683761574074074 0.16814621913580247 0.7060185185185185 0.178329475308642 0.7125636574074073 0.18298611111111113 0.7125636574074073 0.20044367283950615 0.7095109953703704 0.2048070987654321 0.7073263888888889 0.2167361111111111 0.7038368055555556 0.2216820987654321 0.702962962962963 0.2336111111111111 0.6964178240740742 0.24408564814814812 0.6846325231481482 0.25688657407407406 0.6623755787037037 0.26707175925925924 0.639236111111111 0.2662037037037037 0.6148148148148148 0.2638695987654321 0.5951678240740741 0.25863233024691357 0.5798900462962963 0.2571778549382716 0.5724710648148148 0.2551408179012346 0.5576331018518519 0.2501948302469136 0.5336284722222222 0.2478684413580247 0.5183535879629629 0.2411766975308642 0.503515625 0.23710262345679015 0.5000231481481481 0.23070216049382716 0.4939149305555556 0.2260474537037037 0.4939149305555556 0.21091628086419756 0.49827835648148144 0.1998611111111111 0.4934780092592593