3 0.7862109375 0.15609375 0.7858203125 0.204921875 0.7885546875 0.236171875 0.8041796875 0.267421875 0.8190234375 0.27796875 0.8502734375 0.2963671875 0.8729296875 0.3057421875 0.8991015625 0.3084375 0.9186328125 0.306484375 0.9467578125 0.291640625 0.9701953125 0.2612109375 0.9799609375 0.2241015625 0.9908984375 0.188125 0.9873828125 0.1596484375
3 0.562421875 0.808203125 0.5466796875 0.7934765625 0.53609375 0.7685546875 0.537890625 0.72 0.5448046875 0.6844140625 0.56515625 0.664609375 0.601640625 0.65671875 0.620625 0.65671875 0.6413671875 0.68078125 0.653828125 0.6945703125 0.6691015625 0.75515625 0.658515625 0.7685546875 0.6441796875 0.7837890625 0.6280078125 0.789765625 0.6187890625 0.7985546875 0.6099609375 0.800859375 0.601640625 0.802734375 0.5929296875 0.8078125 0.5785546875 0.8105078125 0.5675 0.8105078125
3 0.53421875 0.75421875 0.5152734375 0.7043359375 0.4963671875 0.6761328125 0.480625 0.665078125 0.465390625 0.6618359375 0.4459765625 0.6673828125 0.431640625 0.68125 0.42703125 0.70109375 0.4145703125 0.727421875 0.4108984375 0.74359375 0.4090234375 0.7994921875 0.422421875 0.8142578125 0.453359375 0.8258203125 0.476015625 0.82859375 0.5 0.8290625 0.517109375 0.8290625 0.5254296875 0.8248828125 0.53328125 0.8151953125 0.53421875 0.79671875
3 0.8127734375 0.273828125 0.83125 0.2862890625 0.858515625 0.2996875 0.876484375 0.304765625 0.895 0.309375 0.90515625 0.325546875 0.9144140625 0.356015625 0.912578125 0.3953125 0.9120703125 0.43546875 0.9009765625 0.4669140625 0.890390625 0.494609375 0.869609375 0.5144921875 0.8538671875 0.5186328125 0.8354296875 0.517265625 0.8197265625 0.5121484375 0.795703125 0.49921875 0.765625 0.46875 0.754140625 0.4133203125 0.7633203125 0.36390625 0.775390625 0.3237109375 0.784609375 0.28765625
3 0.0187109375 0.1578515625 0.0140625 0.1805078125 0.0071875 0.2109765625 0.00484375 0.2571875 0.022421875 0.3209375 0.0371484375 0.3495703125 0.06671875 0.379140625 0.0912109375 0.3920703125 0.1133984375 0.3934375 0.136015625 0.3768359375 0.1655859375 0.368984375 0.1919140625 0.3481640625 0.2099609375 0.33015625 0.2242578125 0.30984375 0.225234375 0.2775 0.22796875 0.261796875 0.2233203125 0.230390625 0.2169140625 0.210078125 0.2099609375 0.1865234375 0.208984375 0.1740234375 0.202578125 0.156953125
3 0.40671875 0.7990234375 0.4076171875 0.74265625 0.4053125 0.7094140625 0.3928515625 0.6780078125 0.379453125 0.6512109375 0.3706640625 0.643359375 0.358203125 0.643359375 0.3411328125 0.6507421875 0.326796875 0.6627734375 0.3198828125 0.6761328125 0.3073828125 0.72234375 0.293515625 0.7366796875 0.262109375 0.738046875 0.272734375 0.7528125 0.2870703125 0.764375 0.3027734375 0.76578125 0.314765625 0.770390625 0.331875 0.7726953125 0.3448046875 0.78515625 0.36375 0.802734375 0.38359375 0.8147265625 0.3965625 0.8151953125 0.401171875 0.812890625
3 0.316171875 0.580078125 0.305546875 0.5569921875 0.284296875 0.55421875 0.25796875 0.5565234375 0.2445703125 0.5657421875 0.225625 0.58421875 0.20859375 0.5920703125 0.20578125 0.628125 0.20390625 0.6498046875 0.20765625 0.6659765625 0.2131640625 0.6835546875 0.221484375 0.7048046875 0.231640625 0.718203125 0.2671875 0.7366796875 0.2908203125 0.737578125 0.3087890625 0.7237109375 0.3189453125 0.685390625 0.3226953125 0.6562890625
1 0.878046875 0.317578125 0.877109375 0.345703125 0.86484375 0.39765625 0.861640625 0.430078125 0.883203125 0.446484375 0.878046875 0.473671875 0.862109375 0.501796875 0.840078125 0.515390625 0.818046875 0.509765625 0.784296875 0.483515625 0.765546875 0.459140625 0.757578125 0.409921875 0.760390625 0.365390625 0.785234375 0.287109375 0.810546875 0.272109375 0.846171875 0.295078125 0.878984375 0.308671875
3 0.106484375 0.39875 0.095859375 0.42046875 0.11109375 0.50359375 0.116640625 0.531328125 0.15265625 0.5862890625 0.1757421875 0.593671875 0.1993359375 0.5913671875 0.2293359375 0.5816796875 0.2455078125 0.56734375 0.2339453125 0.550703125 0.26859375 0.521171875 0.274140625 0.49390625 0.2667578125 0.445859375 0.2556640625 0.4112109375 0.2408984375 0.382578125 0.2233203125 0.3580859375 0.2025390625 0.3419140625 0.1771484375 0.3636328125 0.148046875 0.3751953125 0.1351171875 0.37796875
0 0.8549609375 0.4623828125 0.8530078125 0.4561328125 0.8463671875 0.4491015625 0.8428515625 0.4491015625 0.8408984375 0.4569140625 0.8424609375 0.4612109375 0.846875 0.4671875 0.8514453125 0.4721484375 0.8530078125 0.4783984375 0.8569140625 0.4799609375 0.8596484375 0.4783984375 0.8600390625 0.4737109375 0.8569140625 0.4705859375 0.8533984375 0.4674609375
1 0.146796875 0.391328125 0.171015625 0.403046875 0.18625 0.428046875 0.1784375 0.44953125 0.171796875 0.468671875 0.175703125 0.484296875 0.188203125 0.494453125 0.19640625 0.51125 0.1940625 0.52375 0.186640625 0.5346875 0.18546875 0.54484375 0.198359375 0.55890625 0.212421875 0.567109375 0.226875 0.551875 0.24640625 0.53234375 0.257734375 0.51203125 0.25890625 0.49328125 0.257734375 0.46125 0.247578125 0.415546875 0.22140625 0.38625 0.203828125 0.370625 0.176875 0.370625 0.157734375 0.371796875 0.144453125 0.38078125
0 0.78359375 0.338671875 0.776953125 0.34375 0.773828125 0.3546875 0.775390625 0.365625 0.779296875 0.365625 0.784375 0.358203125 0.78515625 0.348828125
3 0.8413671875 0.5624609375 0.8372265625 0.54359375 0.8178125 0.52140625 0.8002734375 0.51078125 0.7794921875 0.5019921875 0.74859375 0.5075 0.727734375 0.5121484375 0.7180859375 0.54171875 0.7190234375 0.5620703125 0.729609375 0.579140625 0.7300390625 0.62671875 0.7462109375 0.6539453125 0.75875 0.6733203125 0.7665625 0.6830859375 0.7887109375 0.6821484375 0.8035546875 0.675703125 0.8155078125 0.6659765625 0.8321484375 0.6562890625 0.8413671875 0.6359765625 0.8437109375 0.6045703125
3 0.688515625 0.7874609375 0.6797265625 0.775 0.6723046875 0.75421875 0.6515234375 0.6872265625 0.6510546875 0.6659765625 0.6603125 0.622578125 0.6797265625 0.6087109375 0.7143359375 0.6202734375 0.7319140625 0.6308984375 0.7512890625 0.6659765625 0.765625 0.684453125 0.7744140625 0.685859375 0.761015625 0.695078125 0.7462109375 0.70015625 0.7416015625 0.707578125 0.740234375 0.7191015625 0.7365234375 0.728828125 0.7212890625 0.75421875 0.7079296875 0.7787109375