1 0.1600439453125 0.4037605272793849 0.16608154296875 0.4123361406078359 0.1744970703125 0.4201940681069205 0.18212158203125 0.4251995606005126 0.1864111328125 0.42352984254851705 0.19482666015625 0.42281581838154525 0.2034033203125 0.4213877700476016 0.210869140625 0.42305382643720246 0.21513916015625 0.4251299890150128 0.2119384765625 0.4271878432808495 0.2034765625 0.43164774807762724 0.19798828125 0.4402233614060784 0.18952392578125 0.4474258513365068 0.18220703125 0.4515452215305749 0.17145751953125 0.4491431709996338 0.1677978515625 0.44571219333577444 0.16322265625 0.432336140607836 0.1609375 0.41003661662394725
1 0.210869140625 0.3906590992310509 0.219921875 0.38827535701208354 0.23072265625 0.3906590992310509 0.23659912109375 0.3994727206151593 0.24088623046875 0.4120981325521787 0.24295166015625 0.4242438667154888 0.24295166015625 0.44044306114976195 0.2435009765625 0.44948736726473815 0.23938232421875 0.4491431709996338 0.2350390625 0.4491431709996338 0.23000732421875 0.44502746246796043 0.22474609375 0.4302782863419992 0.2217724609375 0.42444525814719886 0.2190283203125 0.4193006224826071 0.21811279296875 0.4124386671548883 0.21262451171875 0.40283412669351887
1 0.59189208984375 0.4633101428048334 0.59205078125 0.47188575613328454 0.5980859375 0.4766495789088246 0.604755859375 0.4785573050164775 0.61031494140625 0.4733174661296229 0.61809814453125 0.4652178689124863 0.622861328125 0.4609300622482607 0.6261962890625 0.4661699011351153 0.63207275390625 0.4690296594653973 0.6390625 0.47021969974368366 0.6436669921875 0.47021969974368366 0.64620849609375 0.4706957158549982 0.6477978515625 0.4690296594653973 0.65033935546875 0.46807396558037345 0.65430908203125 0.4690296594653973 0.65573974609375 0.4645038447455144 0.65716796875 0.45711827169534974 0.6608203125 0.4556902233614061 0.6627685546875 0.45194434273160017 0.66272216796875 0.44605638960087884 0.6606640625 0.4302782863419992 0.657919921875 0.4182716953496887 0.656318359375 0.4096960820212377 0.6533447265625 0.4045514463566459 0.64579833984375 0.4038630538264372 0.63985107421875 0.4086671548883193 0.629560546875 0.416898571951666 0.62041259765625 0.4295898938117906 0.6119482421875 0.4429696082021238 0.603486328125 0.4525741486634932 0.5950244140625 0.46149029659465396
1 0.68226318359375 0.43949102892713293 0.6797216796875 0.4528304650311242 0.6786083984375 0.46235811058220433 0.68226318359375 0.4706957158549982 0.6881396484375 0.4764115708531673 0.699892578125 0.478081288905163 0.709580078125 0.4759355547418528 0.7140283203125 0.46950567557671186 0.72053955078125 0.46998169168802634 0.7267333984375 0.46569388502380077 0.731572265625 0.4610911753936287 0.73271484375 0.4516587330648114 0.7332861328125 0.44508238740388134 0.7336669921875 0.4390809227389235 0.73557373046875 0.4313621384108385 0.737099609375 0.42536067374588066 0.7391943359375 0.4173562797510069 0.721279296875 0.4116404247528378 0.7107958984375 0.4150677407543024 0.6978369140625 0.42421823507872575 0.68316162109375 0.4359355547418528
0 0.319306640625 0.39774441596484805 0.3182080078125 0.3999121201025266 0.31545654296875 0.4005309410472354 0.315869140625 0.40269864518491394 0.31751953125 0.4032149395825705 0.31951416015625 0.403006224826071 0.3199267578125 0.40073965580373494 0.32020263671875 0.39929329915781764
0 0.32969482421875 0.3856755767118272 0.33003662109375 0.3909373855730502 0.328798828125 0.3958879531307214 0.33003662109375 0.3975393628707433 0.3309326171875 0.3941340168436471 0.33189453125 0.39062980593189306 0.33189453125 0.38969974368363236 0.33072509765625 0.3881508604906628
0 0.41119140625 0.3999121201025266 0.40866943359375 0.39793482240937383 0.4075244140625 0.3977627242768217 0.40889892578125 0.3999121201025266 0.41021728515625 0.4008568290003662 0.4114208984375 0.401973636030758 0.411708984375 0.40489564262175026 0.41239501953125 0.4054998169168803 0.41371337890625 0.40489564262175026 0.4141162109375 0.4026620285609667 0.4127392578125 0.4006005126327353
0 0.36894775390625 0.41942511900402785 0.36739990234375 0.43068839253020874 0.3662548828125 0.4367045038447456 0.36768798828125 0.4417759062614427 0.36934814453125 0.44332478945441234 0.3714697265625 0.4413474917612596 0.3728466796875 0.437220798242402 0.37227294921875 0.4318051995606005 0.3723876953125 0.42793482240937386 0.37290283203125 0.4254448919809594 0.37204345703125 0.42337971439033323 0.37112548828125 0.4210582204320762
0 0.631494140625 0.4547455144635665 0.62982177734375 0.45481874771146097 0.6277685546875 0.4546759428780667 0.62614501953125 0.45359941413401683 0.62456787109375 0.45417429512998897 0.62232421875 0.45345660930062254 0.6216064453125 0.4540314902965947 0.62241943359375 0.4555364335408275 0.62447265625 0.45603808128890516 0.62633544921875 0.45682533870377146 0.6284375 0.45761259611863786 0.6299658203125 0.4581838154522153 0.630634765625 0.45775540095203227
0 0.420712890625 0.4181398755034786 0.42098876953125 0.43083119736360304 0.4192626953125 0.4355767118271695 0.41898681640625 0.4380519956060051 0.4184375 0.44104357378249726 0.42036376953125 0.4409410472354449 0.419951171875 0.43691688026363973 0.421533203125 0.43372024899304285 0.42215087890625 0.4313474917612596 0.4226318359375 0.42835225192237275 0.42318359375 0.4244342731600147 0.42283935546875 0.42175027462467957 0.42215087890625 0.41937751739289636 0.42201416015625 0.4186561699011351
0 0.63531494140625 0.41649212742585134 0.6317333984375 0.4213621384108385 0.6300146484375 0.4235847674844379 0.62920166015625 0.43010252654705233 0.62958251953125 0.43368363236909563 0.6305859375 0.43375686561699006 0.631494140625 0.4313218601244965 0.63268798828125 0.4277370926400586 0.63268798828125 0.4249432442328817 0.63354736328125 0.4231526913218602 0.6343603515625 0.4208604906627609
0 0.6532275390625 0.4354046136946173 0.65255859375 0.44163676309044303 0.6506494140625 0.44500549249359206 0.65126953125 0.448227755400952 0.65356201171875 0.4475100695715855 0.65513916015625 0.4481545221530575 0.65637939453125 0.44543390699377516 0.656572265625 0.443141706334676 0.65571044921875 0.44127792017575984 0.655234375 0.4387001098498718 0.6549951171875 0.43769681435371655
0 0.69884033203125 0.4308421823507873 0.69517578125 0.4376748443793482 0.69398681640625 0.4470340534602709 0.6978515625 0.45253020871475647 0.70260498046875 0.45431343830098864 0.70686279296875 0.4523800805565727 0.71191650390625 0.45104357378249726 0.7149853515625 0.44881728304650315 0.71864990234375 0.44644086415232515 0.720234375 0.44138777004760166 0.719443359375 0.43544489198095937 0.71726318359375 0.43098864884657634 0.7122119140625 0.4352984254851702 0.7093408203125 0.4329220065909923 0.7048828125 0.43098864884657634 0.701416015625 0.4300988648846576
0 0.73013916015625 0.4462907359941413 0.72736572265625 0.45579641157085315 0.7310302734375 0.4605529110216038 0.7317236328125 0.4544599047967778 0.73251708984375 0.4483705602343464 0.73113037109375 0.4455474185280117
1 0.3596923828125 0.43756865616990115 0.36572265625 0.4397290369827902 0.3712890625 0.4578176492127426 0.37906494140625 0.4645038447455144 0.38859375 0.46735994141340165 0.3924072265625 0.4735554741852801 0.40161865234375 0.47021969974368366 0.4101953125 0.4706957158549982 0.41464111328125 0.4645038447455144 0.41940673828125 0.4583083119736361 0.4303662109375 0.4604540461369462 0.4364013671875 0.4666459172464299 0.44466064453125 0.47212376418894175 0.45780029296875 0.47418161845477846 0.45734130859375 0.46938117905529114 0.454140625 0.4621786891248627 0.45162353515625 0.4529146832662029 0.45048095703125 0.44468326620285614 0.451396484375 0.4398828268033687 0.451396484375 0.43473452947638225 0.44613525390625 0.4179274990845844 0.4415625 0.40660930062248263 0.42944091796875 0.39425851336506773 0.414345703125 0.3870560234346393 0.404052734375 0.38328451116807033 0.395361328125 0.38396924203588423 0.38232666015625 0.38808495056755765 0.37455078125 0.3949469058952764 0.36814697265625 0.40558037348956427 0.3644873046875 0.4172427682167704
3 0.2647705078125 0.39974734529476386 0.25425048828125 0.38191138777004763 0.2407568359375 0.36819113877700477 0.2316064453125 0.36098498718418165 0.21811279296875 0.364415964848041 0.20965087890625 0.3733357744415965 0.20827880859375 0.39014280483339436 0.21262451171875 0.40283412669351887 0.21811279296875 0.4124386671548883 0.2190283203125 0.4193006224826071 0.2217724609375 0.42444525814719886 0.22474609375 0.4302782863419992 0.23000732421875 0.44502746246796043 0.2350390625 0.4491431709996338 0.23938232421875 0.4491431709996338 0.2435009765625 0.44948736726473815 0.2444140625 0.45188575613328447 0.24532958984375 0.45771878432808494 0.24967529296875 0.460120834859026 0.255849609375 0.4621786891248627 0.260654296875 0.46114976199194435 0.2659130859375 0.45737458806298054 0.26797119140625 0.4498279018674478 0.27277587890625 0.4429696082021238 0.2759765625 0.4381655071402417 0.27963623046875 0.4333650677407543 0.28123779296875 0.4299340900768949 0.281923828125 0.42307213474917615 0.2789501953125 0.4217026730135482 0.27391845703125 0.4158696448187477
3 0.35076416015625 0.42547418528011716 0.34481689453125 0.41312705968509705 0.33818603515625 0.3980336872940315 0.3329248046875 0.3874002196997437 0.3274365234375 0.37950933723910657 0.3198876953125 0.3726473819113878 0.31394287109375 0.3705895276455511 0.30776611328125 0.37127792017575983 0.29839111328125 0.3767667521054559 0.2903857421875 0.38396924203588423 0.285810546875 0.3987184181618455 0.2832958984375 0.41346759428780666 0.281923828125 0.4282167704137679 0.28100830078125 0.4398828268033687 0.2828369140625 0.4556609300622483 0.28695556640625 0.464577077993409 0.2917578125 0.47315269132186016 0.296103515625 0.4779567923837422 0.304794921875 0.48138777004760164 0.31668701171875 0.4844745514463566 0.32354736328125 0.48653240571219336 0.33041015625 0.4872171365800073 0.337041015625 0.485503478579275 0.344130859375 0.48138777004760164 0.35076416015625 0.47692786525082387 0.35533935546875 0.47349688758696445 0.35876953125 0.46903698279018674 0.3589990234375 0.463207616257781 0.3573974609375 0.45600146466495783 0.3557958984375 0.4487989747345295 0.3569384765625 0.4395386305382644 0.35762451171875 0.4371365800073233
3 0.15958740234375 0.40900768949102895 0.148837890625 0.4072940314902966 0.13785888671875 0.40558037348956427 0.127568359375 0.3990626144269498 0.12276611328125 0.3987184181618455 0.1175048828125 0.41278286341999265 0.10835693359375 0.4285609666788722 0.10927001953125 0.4415964848041011 0.12207763671875 0.45840351519589895 0.1332861328125 0.47349688758696445 0.1458642578125 0.47830098864884657 0.158671875 0.4793299157817649 0.17056396484375 0.4789857195166605 0.17971435546875 0.485503478579275 0.1872607421875 0.48790552911021606 0.19892578125 0.49064811424386673 0.21058837890625 0.4834456243134383 0.2117333984375 0.46938117905529114 0.2101318359375 0.457034053460271 0.19915283203125 0.45394361039912123 0.19343505859375 0.4439985353350421 0.18952392578125 0.4474258513365068 0.18220703125 0.4515452215305749 0.17145751953125 0.4491431709996338 0.1677978515625 0.44571219333577444 0.16322265625 0.432336140607836 0.1609375 0.41003661662394725
3 0.31451904296875 0.48436470157451483 0.3129296875 0.49190772610765293 0.31173828125 0.5083852068839253 0.31081298828125 0.5129512998901501 0.3101513671875 0.5258513365067741 0.3116064453125 0.5369681435371659 0.3151806640625 0.5502709630172098 0.319150390625 0.5651592823141707 0.323916015625 0.571907726107653 0.33212158203125 0.5802453313804468 0.34469482421875 0.5768692786525083 0.35303466796875 0.5679384840717686 0.360048828125 0.553247894544123 0.3678564453125 0.5403441962651043 0.37222412109375 0.5333980227023069 0.3764599609375 0.528630538264372 0.3785791015625 0.5246612962284877 0.37937255859375 0.513745880629806 0.3800341796875 0.504415964848041 0.37500732421875 0.5023105089710729 0.3672314453125 0.4954522153057488 0.36242919921875 0.4872171365800073 0.35945556640625 0.4779567923837422 0.35876953125 0.46903698279018674 0.35533935546875 0.47349688758696445 0.35076416015625 0.47692786525082387 0.344130859375 0.48138777004760164 0.337041015625 0.485503478579275 0.33041015625 0.4872171365800073 0.32354736328125 0.48653240571219336 0.31668701171875 0.4844745514463566
3 0.21697021484375 0.4189564262175028 0.2064501953125 0.41140974002196995 0.1922705078125 0.4038630538264372 0.18152099609375 0.3952874404979861 0.1689404296875 0.3750494324423288 0.15819091796875 0.36167337971439034 0.15270263671875 0.36098498718418165 0.153388671875 0.37813621384108387 0.1591064453125 0.39700476016111313 0.1609375 0.41003661662394725 0.16322265625 0.432336140607836 0.1677978515625 0.44571219333577444 0.17145751953125 0.4491431709996338 0.18220703125 0.4515452215305749 0.18952392578125 0.4474258513365068 0.19798828125 0.4402233614060784 0.2034765625 0.43164774807762724 0.2119384765625 0.4271878432808495 0.21513916015625 0.4251299890150128
3 0.721279296875 0.4116404247528378 0.7107958984375 0.4150677407543024 0.6978369140625 0.42421823507872575 0.68316162109375 0.4359355547418528 0.6694384765625 0.44737092640058584 0.6627685546875 0.45194434273160017 0.66272216796875 0.45840351519589895 0.661806640625 0.47178322958623214 0.66181640625 0.47481142438667157 0.6642919921875 0.4799560600512633 0.6702001953125 0.49082021237641893 0.6789697265625 0.5056829000366166 0.68544921875 0.5145441230318565 0.6915478515625 0.5214060783595753 0.69993408203125 0.5268363236909557 0.70698486328125 0.5271219333577444 0.71213134765625 0.5251226656902234 0.715751953125 0.5179751006957158 0.7203271484375 0.5085426583668985 0.72299560546875 0.49739289637495426 0.7254736328125 0.4879604540461369 0.72794921875 0.47767118271695347 0.73042724609375 0.46995239838886854 0.731572265625 0.4610911753936287 0.73271484375 0.4516587330648114 0.7332861328125 0.44508238740388134 0.7336669921875 0.4390809227389235 0.73557373046875 0.4313621384108385 0.737099609375 0.42536067374588066 0.7391943359375 0.4173562797510069
3 0.54791015625 0.3976894910289271 0.5355615234375 0.4000915415598682 0.52206787109375 0.4059209080922739 0.51063232421875 0.4155254485536433 0.5012548828125 0.4217026730135482 0.49279296875 0.4289051629439765 0.48890380859375 0.43748077627242765 0.48753173828125 0.4512010252654705 0.4843310546875 0.46251922372757237 0.48364501953125 0.47830098864884657 0.48318603515625 0.4923617722445991 0.4843310546875 0.4988795313072135 0.4898193359375 0.5047125595020139 0.50056884765625 0.5091724642987916 0.51291748046875 0.5150018308311973 0.52984375 0.5215195898938118 0.5408203125 0.5259794946905896 0.5536279296875 0.5283815452215306 0.5623193359375 0.5276931526913219 0.5682666015625 0.5239216404247529 0.576728515625 0.5167191504943245 0.5808447265625 0.51020139143171 0.58313232421875 0.4975100695715855 0.58587646484375 0.4841303551812523 0.587705078125 0.47041010618820944 0.5881640625 0.4621786891248627 0.58564697265625 0.4525741486634932 0.57764404296875 0.4402233614060784 0.573984375 0.4309630172098133 0.57032470703125 0.4213584767484438 0.56758056640625 0.41003661662394725 0.5611767578125 0.40112046869278656 0.5568310546875 0.3976894910289271
3 0.44613525390625 0.4179274990845844 0.4415625 0.40660930062248263 0.42944091796875 0.39425851336506773 0.414345703125 0.3870560234346393 0.404052734375 0.38328451116807033 0.395361328125 0.38396924203588423 0.38232666015625 0.38808495056755765 0.37455078125 0.3949469058952764 0.36814697265625 0.40558037348956427 0.3644873046875 0.4172427682167704 0.36105712890625 0.4271878432808495 0.35762451171875 0.4371365800073233 0.3569384765625 0.4395386305382644 0.3557958984375 0.4487989747345295 0.3573974609375 0.45600146466495783 0.3589990234375 0.463207616257781 0.35876953125 0.46903698279018674 0.35945556640625 0.4779567923837422 0.36242919921875 0.4872171365800073 0.3672314453125 0.4954522153057488 0.37500732421875 0.5023105089710729 0.38369873046875 0.5050567557671183 0.3958203125 0.5074551446356645 0.4097705078125 0.507799340900769 0.42189208984375 0.5060856829000365 0.43492919921875 0.5043683632369096 0.44544921875 0.5029952398388868 0.451396484375 0.5009373855730501 0.455283203125 0.4961369461735628 0.45757080078125 0.4858476748443793 0.45780029296875 0.47418161845477846 0.45734130859375 0.46938117905529114 0.454140625 0.4621786891248627 0.45162353515625 0.4529146832662029 0.45048095703125 0.44468326620285614 0.451396484375 0.4398828268033687 0.451396484375 0.43473452947638225
3 0.7412158203125 0.4275906261442695 0.7384375 0.43017209813255214 0.73446533203125 0.43434273160014647 0.7336669921875 0.4390809227389235 0.7332861328125 0.44508238740388134 0.73271484375 0.4516587330648114 0.731572265625 0.4610911753936287 0.73042724609375 0.46995239838886854 0.7373779296875 0.47346759428780666 0.7447900390625 0.4772171365800073 0.75206787109375 0.48357012083485906 0.76159912109375 0.4897436836323691 0.7723193359375 0.49488465763456607 0.7850244140625 0.496671548883193 0.792041015625 0.49570120834859027 0.7948193359375 0.4855767118271695 0.7936279296875 0.4724533138044672 0.791376953125 0.45816184547784694 0.78806884765625 0.4518088612229953 0.7853173828125 0.44994141340168436 0.77674072265625 0.44508238740388134 0.7660693359375 0.43793848407176855 0.755966796875 0.43422189674112044 0.74796142578125 0.4307909190772611 0.7430078125 0.4276455510801904
3 0.64579833984375 0.4038630538264372 0.63985107421875 0.4086671548883193 0.629560546875 0.416898571951666 0.62041259765625 0.4295898938117906 0.6119482421875 0.4429696082021238 0.603486328125 0.4525741486634932 0.5950244140625 0.46149029659465396 0.5881640625 0.4621786891248627 0.587705078125 0.47041010618820944 0.58587646484375 0.4841303551812523 0.58427490234375 0.49202123764188943 0.5863330078125 0.5009373855730501 0.590908203125 0.51020139143171 0.59616943359375 0.513288172830465 0.6080615234375 0.5143170999633834 0.618125 0.513288172830465 0.62887451171875 0.5163749542292201 0.6380224609375 0.5167191504943245 0.64442626953125 0.5119150494324424 0.6522021484375 0.5036836323690955 0.6581494140625 0.4913328451116807 0.66020751953125 0.4817283046503112 0.661806640625 0.47178322958623214 0.66272216796875 0.45840351519589895 0.66272216796875 0.44605638960087884 0.6606640625 0.4302782863419992 0.657919921875 0.4182716953496887 0.656318359375 0.4096960820212377 0.6533447265625 0.4045514463566459
3 0.75177490234375 0.4084950567557671 0.7660693359375 0.40420725009154157 0.78112548828125 0.40077627242768216 0.78951171875 0.3962028560966679 0.7965625 0.39048700109849876 0.80437744140625 0.3867704137678506 0.81524169921875 0.3827682167704137 0.81657470703125 0.38362504577077994 0.814287109375 0.3967740754302453 0.8085693359375 0.4090662760893446 0.8018994140625 0.4276455510801904 0.7965625 0.4399377517392897 0.7897021484375 0.44679970706700844 0.7853173828125 0.44994141340168436 0.77674072265625 0.44508238740388134 0.7660693359375 0.43793848407176855 0.755966796875 0.43422189674112044 0.74796142578125 0.4307909190772611 0.7430078125 0.4276455510801904 0.74148193359375 0.42307213474917615
3 0.3800341796875 0.504415964848041 0.37937255859375 0.513745880629806 0.38043212890625 0.5260527279384841 0.38175537109375 0.5337934822409374 0.3851953125 0.5435188575613328 0.38969482421875 0.5570194068106921 0.39207763671875 0.5643647015745148 0.39763671875 0.5736946173562798 0.4037255859375 0.5846100329549615 0.4061083984375 0.5891761259611864 0.4137841796875 0.591757597949469 0.42291748046875 0.5949322592456976 0.42675537109375 0.5933467594287807 0.43204833984375 0.5867960454046137 0.436416015625 0.5736946173562798 0.439990234375 0.5649578908824606 0.44197509765625 0.5554302453313805 0.4425048828125 0.5474917612596119 0.442373046875 0.5415342365433907 0.4434326171875 0.5361772244599048 0.44329833984375 0.5270450384474551 0.44329833984375 0.5204943244232881 0.4434326171875 0.509974368363237 0.44329833984375 0.5036213841083852 0.43492919921875 0.5043683632369096 0.42189208984375 0.5060856829000365 0.4097705078125 0.507799340900769 0.3958203125 0.5074551446356645 0.38369873046875 0.5050567557671183
3 0.2496533203125 0.46340534602709627 0.24552490234375 0.4705529110216038 0.24187255859375 0.4807945807396558 0.2382177734375 0.49127792017575983 0.2348828125 0.5039033321127793 0.2321826171875 0.5155730501647748 0.22868896484375 0.5277224459904797 0.22630615234375 0.5332002929329916 0.22535400390625 0.5377261076528744 0.2255126953125 0.5448736726473818 0.23138916015625 0.5498755034785793 0.2423486328125 0.5532112779201758 0.2514013671875 0.5539253020871475 0.263154296875 0.553449285975833 0.27871826171875 0.5463017209813256 0.2869775390625 0.536536067374588 0.2934912109375 0.5236726473819114 0.30333740234375 0.5177187843280849 0.3071484375 0.5162907359941413 0.3079443359375 0.5105712193335774 0.30635498046875 0.5000915415598682 0.304765625 0.4888941779567924 0.30270263671875 0.48031856462834127 0.296103515625 0.4779567923837422 0.2917578125 0.47315269132186016 0.28695556640625 0.464577077993409 0.2828369140625 0.4556609300622483 0.28100830078125 0.4398828268033687 0.2809423828125 0.43625045770779936 0.278876953125 0.4343463932625412 0.2759765625 0.4381655071402417 0.27277587890625 0.4429696082021238 0.26797119140625 0.4498279018674478 0.2659130859375 0.45737458806298054 0.260654296875 0.46114976199194435 0.255849609375 0.4621786891248627 0.2514013671875 0.4610252654705236
3 0.48356201171875 0.4725338703771512 0.476943359375 0.47313072134749173 0.46953125 0.47392530208714756 0.466884765625 0.4755108019040644 0.4631787109375 0.47968143537165875 0.46132568359375 0.4854375686561699 0.46000244140625 0.49139143170999633 0.45854736328125 0.5025082387403881 0.4578857421875 0.5160087879897474 0.4581494140625 0.524939582570487 0.4584130859375 0.5356609300622484 0.4584130859375 0.545584035151959 0.45748779296875 0.5513401684364702 0.45748779296875 0.5555108019040644 0.4619873046875 0.56523617722446 0.465693359375 0.5743683632369095 0.46966552734375 0.5825082387403882 0.47376708984375 0.5912413035518126 0.47787109375 0.5969974368363237 0.4854150390625 0.5979897473452948 0.4945458984375 0.5969974368363237 0.4991796875 0.5954119370194068 0.5039453125 0.5874697912852436 0.50870849609375 0.5785353350421091 0.51254638671875 0.5666276089344563 0.51612060546875 0.5559062614426951 0.5203564453125 0.5479677773709264 0.521943359375 0.5408202123764189 0.5216796875 0.5197803002563164 0.51291748046875 0.5150018308311973 0.50056884765625 0.5091724642987916 0.4898193359375 0.5047125595020139 0.4843310546875 0.4988795313072135 0.48318603515625 0.4923617722445991 0.48364501953125 0.47830098864884657
3 0.59434326171875 0.5122372757231783 0.594208984375 0.5164042475283779 0.59579833984375 0.5259318930794581 0.59685791015625 0.5350640790919077 0.59751953125 0.5426071036250457 0.6062548828125 0.5473709264005858 0.61313720703125 0.5561039912120103 0.618828125 0.5612669351885756 0.627958984375 0.5723837422189675 0.633916015625 0.5783376052727939 0.6437109375 0.5799267667521054 0.65615234375 0.577744415964848 0.6675341796875 0.572779201757598 0.672431640625 0.5608714756499451 0.6711083984375 0.5453863053826438 0.671240234375 0.5336726473819114 0.66965087890625 0.5209703405346027 0.6677978515625 0.5106481142438667 0.66541748046875 0.5015159282314171 0.66171142578125 0.4917905529110216 0.65959228515625 0.48781764921274257 0.6581494140625 0.4913328451116807 0.6522021484375 0.5036836323690955 0.64442626953125 0.5119150494324424 0.6380224609375 0.5167191504943245 0.62887451171875 0.5163749542292201 0.618125 0.513288172830465 0.6080615234375 0.5143170999633834 0.59616943359375 0.513288172830465
3 0.5216796875 0.5197803002563164 0.52340087890625 0.5326803368729404 0.52591552734375 0.5443939948736727 0.533857421875 0.5563053826437202 0.54113525390625 0.5688099597217137 0.546826171875 0.581314536799707 0.5529150390625 0.5892566825338704 0.56376708984375 0.589853533504211 0.575546875 0.5876675210545588 0.57991455078125 0.5862797510069572 0.58706298828125 0.5737715122665691 0.59076904296875 0.5588831929696082 0.59579833984375 0.54181252288539 0.59685791015625 0.5350640790919077 0.59579833984375 0.5259318930794581 0.594208984375 0.5164042475283779 0.59434326171875 0.5122372757231783 0.590908203125 0.51020139143171 0.5863330078125 0.5009373855730501 0.58427490234375 0.49202123764188943 0.58313232421875 0.4975100695715855 0.5808447265625 0.51020139143171 0.576728515625 0.5167191504943245 0.5682666015625 0.5239216404247529 0.5623193359375 0.5276931526913219 0.5536279296875 0.5283815452215306 0.5408203125 0.5259794946905896 0.52984375 0.5215195898938118
1 0.513271484375 0.4149542292200659 0.51009521484375 0.4251995606005126 0.5075537109375 0.44020505309410474 0.51041259765625 0.4521164408641523 0.51644775390625 0.46640790919077263 0.52327880859375 0.47712925668253386 0.53137939453125 0.48189307945807397 0.539638671875 0.48189307945807397 0.5496435546875 0.4826071036250458 0.5547265625 0.47927132918344933 0.55790283203125 0.47498352251922377 0.56155517578125 0.4761735627975101 0.56632080078125 0.47403149029659464 0.56902099609375 0.47021969974368366 0.57235595703125 0.46926766752105453 0.57569091796875 0.46259611863786154 0.5768017578125 0.4514024166971805 0.57759765625 0.44425485170267304 0.57764404296875 0.4402233614060784 0.573984375 0.4309630172098133 0.57032470703125 0.4213584767484438 0.56758056640625 0.41003661662394725 0.5611767578125 0.40112046869278656 0.5568310546875 0.3976894910289271 0.54791015625 0.3976894910289271 0.5355615234375 0.4000915415598682 0.52206787109375 0.4059209080922739
1 0.292822265625 0.38279751006957163 0.2918701171875 0.39566093006224823 0.29298095703125 0.40328451116807024 0.30251220703125 0.40900036616623947 0.30949951171875 0.41281215671915056 0.31696533203125 0.41590626144269494 0.3274462890625 0.4175759794946906 0.3328466796875 0.41733797143903334 0.3369775390625 0.41519223727572324 0.34142333984375 0.41733797143903334 0.35076416015625 0.42547418528011716 0.34481689453125 0.41312705968509705 0.33818603515625 0.3980336872940315 0.3329248046875 0.3874002196997437 0.3274365234375 0.37950933723910657 0.3198876953125 0.3726473819113878 0.31394287109375 0.3705895276455511 0.30776611328125 0.37127792017575983 0.29839111328125 0.3767667521054559