5 0.5433012578125 0.22311827968750003 0.546262028125 0.20833333281250002 0.54404145 0.173387096875 0.5129533671875001 0.173387096875 0.5040710578125001 0.18279569843750001 0.503330865625 0.22177419375000001 0.50555144375 0.2284946234375 0.5366395265625 0.23252688125 0.5433012578125 0.22311827968750003
0 0.50185048125 0.224462365625 0.5025906734375 0.18279569843750001 0.500370096875 0.17607526874999999 0.46854182031249997 0.170698925 0.4633604734375 0.17607526874999999 0.46262028125 0.2110215046875 0.46706143593749994 0.224462365625 0.472982975 0.2284946234375 0.50185048125 0.224462365625
6 0.5729089562499999 0.206989246875 0.574389340625 0.1774193546875 0.5721687640625001 0.17204301093750002 0.5558845296875 0.170698925 0.5470022203125 0.1814516125 0.546262028125 0.204301075 0.5492227984375 0.2177419359375 0.560325684375 0.2204301078125 0.5729089562499999 0.206989246875
7 0.6010362687499999 0.178763440625 0.5914137671875 0.173387096875 0.57660991875 0.1774193546875 0.5788304953125001 0.20833333281250002 0.5914137671875 0.219086021875 0.6002960765625 0.196236559375 0.6010362687499999 0.178763440625
1 0.45817912656250004 0.20967741874999998 0.46113989687499995 0.1935483875 0.45817912656250004 0.17204301093750002 0.45151739375 0.1666666671875 0.44041450781249997 0.1666666671875 0.43597335312499996 0.168010753125 0.43449296875 0.1747311828125 0.43449296875 0.19892473125000001 0.43893412343750005 0.20967741874999998 0.44633604687500006 0.2150537640625 0.45817912656250004 0.20967741874999998
2 0.4300518140625 0.20161290312500002 0.43301258281250005 0.1935483875 0.4315321984375 0.16935483906249998 0.410806809375 0.170698925 0.409326425 0.190860215625 0.41535825312499997 0.2032419359375 0.42049296875 0.2083696234375 0.4300518140625 0.20161290312500002
16 0.4988897109375 0.2607526875 0.50555144375 0.24731182812500002 0.5048112515625001 0.23252688125 0.50185048125 0.2284946234375 0.4833456703125 0.229838709375 0.4839000734375 0.2484583328125 0.4846706140625 0.253586021875 0.48852701718749997 0.2594086015625 0.4988897109375 0.2607526875
10 0.5103412281249999 0.231211021875 0.510854921875 0.2484583328125 0.5159888968749999 0.2624435484375 0.520866765625 0.2596465046875 0.526000740625 0.25032258125 0.528824575 0.23400806406250002 0.5103412281249999 0.231211021875
11 0.5524418953125 0.2326088703125 0.5444840859375 0.223286290625 0.535159140625 0.2365591390625 0.535899334375 0.2540322578125 0.54108068125 0.2567204296875 0.549962990625 0.24731182812500002 0.5524418953125 0.2326088703125
12 0.5758697265625 0.219086021875 0.5729089562499999 0.21639784999999997 0.5595854921875001 0.22311827968750003 0.5647668390625 0.2432795703125 0.5736491484374999 0.2392473125 0.57660991875 0.2311827953125 0.5758697265625 0.219086021875
13 0.5928941531249999 0.2204301078125 0.5909489265625 0.21862499999999999 0.5883819390625 0.2176922046875 0.5842746109375 0.2148951609375 0.579653590625 0.21116666718750002 0.577856403125 0.21209946249999997 0.5773501109375 0.22177419375000001 0.5795706890625001 0.2311827953125 0.5877128046875 0.2284946234375 0.5928941531249999 0.2204301078125
18 0.4507772015625 0.219086021875 0.44128645468750005 0.21303091406250002 0.4352331609375 0.2056451609375 0.4315314578125 0.220489246875 0.4312746109375 0.2386693546875 0.43893412343750005 0.24462365625000002 0.4441154703125 0.24059139843750002 0.4507772015625 0.219086021875
19 0.42042931093749997 0.20833333281250002 0.410806809375 0.19892473125000001 0.4063656546875 0.20967741874999998 0.40784604062499996 0.22177419375000001 0.42561065937500003 0.2284946234375 0.4315321984375 0.20833333281250002 0.42042931093749997 0.20833333281250002
20 0.40044411562500004 0.18817204375000002 0.39526276875 0.196236559375 0.39526276875 0.20833333281250002 0.404145078125 0.21639784999999997 0.4063656546875 0.1935483875 0.40044411562500004 0.18817204375000002
21 0.3945225765625 0.20161290312500002 0.3997039234375 0.184139784375 0.38415988125 0.173387096875 0.38045891875 0.1801075265625 0.3811991125 0.18817204375000002 0.38786084375 0.19892473125000001 0.3945225765625 0.20161290312500002
17 0.46747076249999997 0.22515053749999997 0.460796446875 0.20557258125 0.45874241250000003 0.21303091406250002 0.466444115625 0.2545188171875 0.477225759375 0.2354059140625 0.47388823125 0.2288803765625 0.46747076249999997 0.22515053749999997
14 0.5994204296875 0.206038978125 0.6040407109375 0.21815860156250003 0.6125122125 0.2004448921875 0.607635084375 0.19904704374999999 0.6030140640625 0.198114246875 0.5994204296875 0.206038978125
9 0.6099452249999999 0.1939193546875 0.61045891875 0.182264784375 0.6045544046875 0.1841303765625 0.6017305703125 0.19624999999999998 0.6050680984375 0.1985806453125 0.6099452249999999 0.1939193546875
3 0.40868393750000004 0.1813333328125 0.3973886015625 0.1762056453125 0.40046928125000003 0.18785887031249998 0.40586010312500004 0.1925201609375 0.40868393750000004 0.1813333328125
23 0.568871946875 0.172009409375 0.5452538859375 0.172009409375 0.5177860843750001 0.172009409375 0.5018697265625 0.17247580625 0.47491561875 0.1696787640625 0.46618726875 0.1701451609375 0.45643227187499996 0.16595026875000002 0.4348682453125 0.16595026875000002 0.421519615625 0.16641666718749998 0.404576609375 0.1682809140625 0.3878904515625 0.1594233875 0.36940710625 0.15755913906250002 0.3699208 0.1631532265625 0.3848097703125 0.173875 0.3976454484375 0.1804005375 0.3999555890625 0.186926075 0.40842709062500004 0.19205376406250002 0.410481125 0.19904704374999999 0.41972242812499994 0.208836021875 0.42947742343749995 0.2018440859375 0.4340984453125 0.20417473125000002 0.4392324203125 0.212564515625 0.4471902296875 0.21629435468749997 0.45617542499999997 0.212564515625 0.46182309374999997 0.2069717734375 0.46207994062499996 0.21303091406250002 0.46670096250000004 0.224685484375 0.47645595781249994 0.22794758124999998 0.49339822343749995 0.22561693593749998 0.5013567734375 0.221888440625 0.504437453125 0.229813171875 0.52240710625 0.23214381718750002 0.5352427828125 0.2335416671875 0.5442272390625 0.2237526875 0.5473079203125 0.2148951609375 0.5544959296874999 0.22142204375 0.568871946875 0.21722714999999998 0.575803109375 0.204639784375 0.582990378125 0.21209946249999997 0.5927453734375 0.2176922046875 0.6019874171875 0.1985806453125 0.6102020718750001 0.1971814515625 0.613282753125 0.1873924734375 0.634846040625 0.16688172031249998 0.6127690593749999 0.170611559375 0.5835040703125001 0.1715430109375 0.568871946875 0.172009409375
22 0.3963619546875 0.21116666718750002 0.410481125 0.22561693593749998 0.423572909375 0.2307446234375 0.43281495156250005 0.2414663984375 0.4451369359375 0.2517217734375 0.4556617328125 0.25731586093750003 0.46978090312500004 0.2559166671875 0.4790229453125 0.26057795625 0.4890347890625 0.26477419375 0.51111176875 0.26663844062500003 0.5329319015625 0.26197715 0.5506454484375001 0.25545026875 0.56630421875 0.2451962359375 0.57811325 0.2354059140625 0.5858142109375 0.2288803765625 0.5963397484375 0.2223548390625 0.6060947453125001 0.21629435468749997 0.61379570625 0.1999784953125 0.6240643968749999 0.1817983875 0.6356165796875 0.16641666718749998 0.61379570625 0.1887916671875 0.6102020718750001 0.19578360156250002 0.6017305703125 0.2018440859375 0.5935159140625 0.21862499999999999 0.5837609171875 0.21163306406250001 0.5742627687499999 0.206038978125 0.570155440625 0.21815860156250003 0.5555225765625 0.2223548390625 0.5480777203125 0.21676075312499998 0.5455107328125 0.22142204375 0.5365262765625001 0.23307526875 0.508287934375 0.231211021875 0.5023834203125 0.2242190859375 0.47388823125 0.2293467734375 0.466444115625 0.2237526875 0.46182309374999997 0.2083696234375 0.4505277578125 0.21676075312499998 0.4394892671875 0.21303091406250002 0.4340984453125 0.206038978125 0.42947742343749995 0.2027755375 0.42126276875 0.2097674734375 0.40919763124999997 0.2013776875 0.40842709062500004 0.1925201609375 0.4012390828125 0.18972311875 0.3979022953125 0.18319758125000002 0.3860932640625 0.17480645156250002 0.3681236125 0.164084678125 0.3781354546875 0.1855282265625 0.3904574390625 0.2027755375 0.3963619546875 0.21116666718750002