5 0.5382794 0.5081081078125 0.566692975 0.5040540546875001 0.5777427 0.49054054062499997 0.586424625 0.43648648593750006 0.586424625 0.39459459531249996 0.5801104968749999 0.3581081078125 0.4917127078125 0.364864865625 0.48145224999999997 0.374324325 0.4790844515625 0.3878378375 0.47434885624999995 0.46351351406249997 0.4806629828125 0.49729729687499996 0.4940805046875 0.5054054046875 0.5382794 0.5081081078125
6 0.640883978125 0.46756756718750003 0.6582478296875001 0.435135134375 0.6574585640625 0.3581081078125 0.63299131875 0.3513513515625 0.606156275 0.35540540468750004 0.5887924234375 0.39324324375 0.5887924234375 0.45675675625 0.601420678125 0.475675675 0.621152328125 0.4770270265625 0.640883978125 0.46756756718750003
7 0.70955011875 0.4702702703125 0.7277032359375 0.42162162187499996 0.7332280984375 0.37162162187500003 0.6866614046875 0.35675675625 0.67008681875 0.35675675625 0.662194159375 0.36891891875 0.662194159375 0.4081081078125 0.67008681875 0.4459459453125 0.6985003953125 0.4702702703125 0.70955011875 0.4702702703125
0 0.42067876875000004 0.49459459531250005 0.4640883984375 0.49054054062499997 0.4711917921875 0.48108108125 0.47434885624999995 0.3959459453125 0.470402525 0.3770270265625 0.46250986562499996 0.3635135140625 0.37805840625 0.3540540546875 0.371744278125 0.359459459375 0.3693764796875 0.3864864859375 0.3693764796875 0.46486486562499996 0.3835832671875 0.4878378375 0.3962115234375 0.49459459531250005 0.42067876875000004 0.49459459531250005
1 0.343330703125 0.46351351406249997 0.3543804265625 0.45675675625 0.36543015 0.42297297343749996 0.36543015 0.3770270265625 0.3606945546875 0.366216215625 0.3488555640625 0.3486486484375 0.337016575 0.34324324375000004 0.3007103390625 0.3459459453125 0.296764009375 0.3540540546875 0.29597474375 0.42162162187499996 0.30465666874999997 0.447297296875 0.3220205203125 0.46216216250000003 0.343330703125 0.46351351406249997
2 0.29044988125 0.41486486562499997 0.2936069453125 0.3608108109375 0.291239146875 0.3486486484375 0.2304656671875 0.3540540546875 0.2304656671875 0.40405405468750005 0.24546172031250002 0.4418918921875 0.269928965625 0.4418918921875 0.29044988125 0.41486486562499997
3 0.2265193375 0.3959459453125 0.22336227343749998 0.3581081078125 0.20757695312500002 0.359459459375 0.19889502812499998 0.366216215625 0.19968429375000002 0.37837837812499997 0.22257300781249997 0.4202702703125 0.2265193375 0.3959459453125
16 0.4593528015625 0.575675675 0.47592738749999997 0.5297297296875 0.47750591875000004 0.5054054046875 0.47434885624999995 0.49324324375 0.42225729999999995 0.4986486484375 0.42225729999999995 0.5229729734374999 0.43172849218750003 0.566216215625 0.4380426203125 0.574324325 0.4593528015625 0.575675675
17 0.41120757656249995 0.5081081078125 0.3796369375 0.485135134375 0.36148382031250004 0.45 0.3567482234375 0.4729729734375 0.3749013421875 0.5581081078125 0.385951065625 0.559459459375 0.41120757656249995 0.5081081078125
18 0.3204419890625 0.5216216218749999 0.3401736390625 0.46891891875 0.31254932968750004 0.4581081078125 0.2943962109375 0.43783783749999994 0.28650355156249996 0.4824324328125 0.2849250203125 0.5202702703125001 0.29597474375 0.5324324328125 0.310970796875 0.5364864859375 0.3204419890625 0.5216216218749999
19 0.2730860296875 0.47837837812500006 0.2849250203125 0.447297296875 0.2786108921875 0.43783783749999994 0.24782951875 0.4459459453125 0.23362273125000002 0.42162162187499996 0.22257300781249997 0.45 0.221783740625 0.474324325 0.241515390625 0.49054054062499997 0.2644041046875 0.49324324375 0.2730860296875 0.47837837812500006
20 0.2170481453125 0.46081081093750004 0.22494080468750002 0.4324324328125 0.21941594375 0.41891891875000004 0.20284135781249998 0.4 0.1949486984375 0.4175675671875 0.191791634375 0.42972972968749995 0.193370165625 0.4459459453125 0.20836621875 0.46351351406249997 0.2170481453125 0.46081081093750004
21 0.18547750624999998 0.4324324328125 0.1965272296875 0.40405405468750005 0.1965272296875 0.3878378375 0.1696921859375 0.3540540546875 0.16179952656250002 0.3621621625 0.1539068671875 0.38108108125 0.1554853984375 0.39459459531249996 0.1696921859375 0.4202702703125 0.18547750624999998 0.4324324328125
10 0.53117600625 0.5364864859375 0.531965271875 0.5135135140625 0.4917127078125 0.5108108109375 0.4917127078125 0.533783784375 0.4996053671875 0.574324325 0.5146014203125 0.5770270265625 0.53117600625 0.5364864859375
11 0.5911602203124999 0.55 0.6037884765625 0.49729729687499996 0.601420678125 0.485135134375 0.5880031578125 0.47162162187499995 0.5730071031249999 0.5013513515625 0.55801105 0.5135135140625 0.557221784375 0.5378378374999999 0.564325178125 0.5648648656249999 0.5840568265625 0.5621621625000001 0.5911602203124999 0.55
12 0.662194159375 0.516216215625 0.6661404890625 0.5013513515625 0.6661404890625 0.45675675625 0.6582478296875001 0.4445945953125 0.6432517765625 0.46891891875 0.6243093921875 0.48108108125 0.6235201265625 0.49324324375 0.63456985 0.5324324328125 0.6511444359375 0.5324324328125 0.662194159375 0.516216215625
13 0.7063930546875 0.4824324328125 0.7071823203125 0.4770270265625 0.697711128125 0.466216215625 0.669297553125 0.4459459453125 0.6724546171875 0.4824324328125 0.6779794796874999 0.5054054046875 0.6913970015625 0.4986486484375 0.7063930546875 0.4824324328125
14 0.7545382796875 0.4270270265625 0.7355958953124999 0.42567567500000003 0.7277032359375 0.440540540625 0.7277032359375 0.46351351406249997 0.7363851625 0.46486486562499996 0.751381215625 0.4445945953125 0.7545382796875 0.4270270265625
15 0.752959746875 0.402702703125 0.7521704812500001 0.38108108125 0.7340173640625001 0.40540540468749997 0.7348066296875 0.424324325 0.7474348859375 0.424324325 0.752959746875 0.402702703125
23 0.6471981062500001 0.3486486484375 0.586424625 0.3581081078125 0.5011838984375 0.3608108109375 0.45461720625 0.35675675625 0.387529596875 0.3513513515625 0.35280189375000004 0.3459459453125 0.3007103390625 0.34324324375000004 0.23441199687499997 0.347297296875 0.19968429375000002 0.3486486484375 0.1278610890625 0.3175675671875 0.13180741875 0.333783784375 0.1673243890625 0.35270270312499996 0.1902131015625 0.3770270265625 0.20757695312500002 0.3986486484375 0.22257300781249997 0.4202702703125 0.228887134375 0.40405405468750005 0.2438831890625 0.4418918921875 0.2738752953125 0.43783783749999994 0.291239146875 0.41891891875000004 0.2943962109375 0.43783783749999994 0.3196527234375 0.46216216250000003 0.337016575 0.46216216250000003 0.36148382031250004 0.4459459453125 0.36700868125 0.466216215625 0.380426203125 0.485135134375 0.398579321875 0.49459459531250005 0.441199684375 0.49324324375 0.47355958906250006 0.4878378375 0.47829518593750003 0.5 0.510655090625 0.5108108109375 0.5627466453125 0.5054054046875 0.57932123125 0.485135134375 0.585635359375 0.46351351406249997 0.594317284375 0.474324325 0.614048934375 0.47972972968749994 0.6393054453125 0.46891891875 0.6590370953125 0.440540540625 0.6740331484375 0.4418918921875 0.7071823203125 0.4702702703125 0.7245461718749999 0.435135134375 0.7355958953124999 0.4270270265625 0.7482241515625 0.42567567500000003 0.7537490140625 0.3959459453125 0.8161010265625 0.35 0.77190213125 0.3445945953125 0.6969218625 0.35540540468750004 0.6471981062500001 0.3486486484375
22 0.22336227343749998 0.4770270265625 0.23993685937499998 0.4918918921875 0.2588792421875 0.49729729687499996 0.291239146875 0.5324324328125 0.32675611718750003 0.552702703125 0.3606945546875 0.56891891875 0.393843725 0.56891891875 0.44909234375 0.585135134375 0.5059194953125 0.5824324328125 0.5603788484375001 0.578378378125 0.635359115625 0.5418918921875 0.6590370953125 0.524324325 0.696132596875 0.49729729687499996 0.7213891078125 0.4770270265625 0.751381215625 0.45270270312500005 0.759273875 0.42567567500000003 0.779794790625 0.3959459453125 0.8161010265625 0.3513513515625 0.7537490140625 0.4 0.7474348859375 0.42297297343749996 0.7308603 0.428378378125 0.7063930546875 0.47162162187499995 0.6724546171875 0.4445945953125 0.6590370953125 0.440540540625 0.6385161796875 0.4702702703125 0.614048934375 0.485135134375 0.5903709546875 0.46486486562499996 0.5824782953125001 0.466216215625 0.5745856359375 0.49594594531249997 0.5556432515624999 0.5081081078125 0.5138121546875001 0.5108108109375 0.483820046875 0.5067567562499999 0.4719810578125 0.4891891890625 0.4522494078125 0.49459459531250005 0.41910023750000003 0.49729729687499996 0.38674033125 0.49459459531250005 0.3701657453125 0.47162162187499995 0.36385161875 0.44864864843749996 0.3567482234375 0.4581081078125 0.34254143593749997 0.46351351406249997 0.3196527234375 0.46486486562499996 0.302288871875 0.4445945953125 0.289660615625 0.424324325 0.269928965625 0.4391891890625 0.2462509859375 0.4445945953125 0.23125493281249998 0.4175675671875 0.220994475 0.41891891875000004 0.205998421875 0.39729729687500004 0.1870560375 0.37162162187500003 0.16574585625 0.3540540546875 0.13575374843750002 0.33648648593749997 0.11760063125 0.3391891890625 0.159431728125 0.409459459375 0.1886345703125 0.4418918921875 0.20836621875 0.46756756718750003 0.22336227343749998 0.4770270265625