0 0.12765669515669514 0.5904545454545455 0.1264031339031339 0.5960079051383399 0.1279059829059829 0.6050197628458498 0.13015669515669517 0.6067490118577075 0.1329059829059829 0.6067490118577075 0.1344017094017094 0.6032806324110672 0.13615384615384615 0.6005138339920949 0.1349002849002849 0.5963537549407114 0.13265669515669515 0.5918478260869565
3 0.030591168091168092 0.4744268774703557 0.01702991452991453 0.5120652173913044 0.01024928774928775 0.6021146245059289 0.01024928774928775 0.7378754940711463 0.03155982905982906 0.8131422924901186 0.07418803418803419 0.891096837944664 0.12262820512820512 0.922005928853755 0.18851139601139602 0.9354545454545454 0.3115455840455841 0.927391304347826 0.3667663817663818 0.8857213438735179 0.3929273504273504 0.8158300395256917 0.407457264957265 0.720395256916996 0.4035826210826211 0.6935177865612648 0.3667663817663818 0.6478162055335969 0.35320512820512817 0.5792687747035573 0.35707977207977204 0.5322233201581028 0.3473931623931624 0.4609881422924901 0.3406125356125356 0.41259881422924904 0.3173575498575498 0.3991600790513834 0.26407407407407407 0.3843774703557312 0.2078846153846154 0.38975296442687746 0.15169515669515668 0.4018478260869565 0.10809829059829061 0.42066205533596834 0.07031339031339032 0.4354545454545455
3 0.3687108262108262 0.3346442687747036 0.34451566951566953 0.38972332015810274 0.3502991452991453 0.46636363636363637 0.35804843304843303 0.5792687747035573 0.36482905982905983 0.6343774703557312 0.3938960113960114 0.6881422924901186 0.41811965811965807 0.7150197628458498 0.44911680911680907 0.766096837944664 0.5246866096866096 0.8131422924901186 0.6002564102564103 0.8077667984189724 0.6864814814814815 0.7862549407114625 0.745576923076923 0.7553458498023715 0.7649501424501425 0.6921739130434783 0.7697934472934472 0.5913636363636364 0.7659188034188034 0.547005928853755 0.7174786324786325 0.4865316205533597 0.6855128205128206 0.41259881422924904 0.6961680911680911 0.30104743083003954 0.6796937321937322 0.26609683794466404 0.6157549857549858 0.2365316205533597 0.5430911680911681 0.2392193675889328 0.47334045584045586 0.2741600790513834 0.41424501424501425 0.29566205533596834
0 0.5491452991452992 0.46462450592885374 0.5457977207977208 0.4655138339920949 0.54494301994302 0.466798418972332 0.5436609686609686 0.47025691699604744 0.5471509971509971 0.47480237154150196 0.549002849002849 0.4725296442687747 0.5495014245014245 0.4697628458498023 0.5497863247863247 0.4674901185770751
0 0.5415811965811966 0.4733596837944664 0.5386680911680911 0.47363636363636363 0.5354558404558404 0.4783695652173913 0.5386680911680911 0.4847924901185771 0.5414814814814815 0.4849209486166008 0.5433903133903134 0.48213438735177866 0.5434900284900285 0.4769762845849802
0 0.515071225071225 0.3784881422924901 0.518482905982906 0.38697628458498023 0.5204914529914529 0.3950592885375494 0.5223005698005697 0.4031521739130435 0.5225000000000001 0.40927865612648223 0.5225000000000001 0.4134584980237154 0.5233048433048433 0.41553359683794466 0.5276210826210826 0.4159683794466403 0.5297293447293447 0.4148517786561265 0.5306339031339031 0.40885375494071147 0.5295299145299146 0.40438735177865615 0.526517094017094 0.3981324110671937 0.5253133903133903 0.39451581027667987 0.5256125356125356 0.3833498023715415 0.52511396011396 0.37556324110671935 0.5241096866096866 0.3727766798418972 0.5215954415954416 0.3752667984189723 0.5180840455840455 0.375701581027668 0.5161752136752137 0.375701581027668 0.5154700854700854 0.37583003952569166
0 0.5104487179487179 0.34072134387351777 0.5083404558404558 0.3450494071146245 0.5074358974358975 0.3499308300395257 0.5094444444444445 0.3539525691699605 0.5118589743589743 0.3564723320158103 0.5133618233618233 0.35968379446640314 0.5111538461538462 0.3623320158102767 0.5093447293447293 0.36441699604743083 0.5091452991452992 0.3683201581027668 0.5111538461538462 0.3708102766798419 0.5153703703703704 0.371798418972332 0.5187891737891738 0.3698517786561265 0.5203917378917379 0.3670553359683794 0.5222008547008546 0.3638636363636364 0.5222008547008546 0.3581521739130435 0.5183831908831908 0.3557806324110672 0.5162749287749288 0.3514624505928854 0.5156695156695157 0.34601778656126486 0.5154700854700854 0.3408596837944664 0.5137678062678063 0.33961462450592883
0 0.5321438746438747 0.46527667984189724 0.5308404558404558 0.4679249011857708 0.530434472934473 0.4708498023715415 0.5319444444444444 0.47363636363636363 0.5330484330484331 0.4743280632411067 0.5343518518518519 0.47167984189723317 0.5343518518518519 0.46889328063241104 0.5340527065527065 0.4661067193675889
0 0.5352564102564102 0.4516205533596838 0.5343518518518519 0.4556620553359684 0.5352564102564102 0.4617885375494071 0.5368660968660969 0.4633201581027668 0.5403774928774929 0.4638833992094862 0.5423860398860398 0.4594268774703557 0.5414814814814815 0.45538537549407115 0.5387678062678062 0.4523221343873518
0 0.514565527065527 0.43657114624505927 0.5133618233618233 0.4386660079051383 0.5127635327635327 0.44228260869565217 0.5132621082621083 0.4456324110671937 0.5142663817663817 0.44716403162055335 0.5155698005698006 0.44841897233201583 0.5172792022792023 0.4488339920948617 0.5196866096866096 0.44716403162055335 0.5204914529914529 0.44214426877470353 0.5204914529914529 0.4379644268774704 0.5181837606837607 0.4367094861660079 0.5168803418803419 0.4358794466403162
0 0.5093447293447293 0.4225 0.5061324786324787 0.4265415019762846 0.5042236467236467 0.4339229249011858 0.502514245014245 0.43880434782608696 0.5016168091168091 0.44353754940711465 0.5043233618233619 0.44367588932806323 0.5072364672364672 0.44298418972332015 0.5088461538461538 0.4386660079051383 0.5107549857549858 0.43434782608695655 0.5133618233618233 0.43044466403162057 0.5142663817663817 0.42667984189723324 0.5135612535612535 0.42445652173913045 0.5122578347578348 0.42263833992094857
0 0.48363960113960114 0.48256916996047433 0.4783119658119658 0.4881422924901186 0.47771367521367525 0.49216403162055333 0.4822293447293447 0.4935770750988142 0.4868518518518518 0.4957905138339921 0.4877564102564102 0.49203557312252966 0.48765669515669513 0.4886857707509882 0.48745014245014245 0.48576086956521736 0.4866524216524216 0.48282608695652174
0 0.5895797720797721 0.7359782608695652 0.5869230769230769 0.7425296442687748 0.5894444444444444 0.7523715415019763 0.5916595441595442 0.757697628458498 0.5953561253561254 0.7568774703557313 0.6011039886039886 0.7556422924901186 0.6058404558404559 0.7554446640316206 0.6098148148148148 0.7533893280632411 0.6114387464387465 0.7509288537549408 0.6113034188034188 0.7462154150197629 0.6079059829059829 0.7437648221343874 0.6036111111111111 0.7421245059288537 0.5981623931623932 0.7384288537549407 0.5937321937321938 0.7353557312252964 0.592991452991453 0.7349505928853755
0 0.1314031339031339 0.6285869565217391 0.12315527065527065 0.632401185770751 0.11366096866096867 0.6362154150197629 0.10566239316239316 0.6396837944664032 0.10591880341880343 0.6441897233201581 0.10841168091168092 0.647312252964427 0.11566239316239316 0.6490415019762846 0.12165954415954416 0.647312252964427 0.12865384615384615 0.6400296442687747 0.1359045584045584 0.6386462450592885 0.1403988603988604 0.6386462450592885 0.1444017094017094 0.6351778656126482 0.14864672364672363 0.6306719367588933 0.14764957264957265 0.6258201581027668 0.14165242165242165 0.6237351778656127 0.13365384615384615 0.6261660079051383
0 0.44918803418803416 0.5392588932806325 0.4455769230769231 0.5363339920948617 0.43854700854700857 0.5343774703557312 0.4336253561253561 0.5368873517786562 0.4331267806267806 0.5424604743083005 0.43633903133903135 0.5463636363636363 0.4417592592592593 0.549703557312253 0.445477207977208 0.5519367588932805 0.44758547008547006 0.5551383399209485 0.4496937321937322 0.5549999999999999 0.45361111111111113 0.5537450592885376 0.45722222222222225 0.5533300395256917 0.46204415954415956 0.5508201581027667 0.4649572649572649 0.5476185770750989 0.46797008547008545 0.5423221343873518 0.46816951566951565 0.5359090909090909 0.4666666666666667 0.5329841897233202 0.4616452991452991 0.5325691699604743 0.45973646723646727 0.5339624505928854 0.4568233618233618 0.5389822134387352 0.4548148148148148 0.5417687747035573 0.45270655270655275 0.5437154150197628 0.4507977207977208 0.5423221343873518
3 0.7523575498575498 0.18948616600790513 0.7242592592592593 0.24056324110671937 0.7010113960113961 0.2902865612648221 0.6913247863247863 0.33733201581027666 0.6893874643874643 0.42200592885375493 0.7174786324786325 0.48383399209486166 0.7620441595441596 0.5389426877470356 0.8162962962962963 0.5779249011857708 0.8686182336182335 0.6155632411067194 0.9199643874643876 0.6115316205533596 0.9587179487179487 0.5873320158102767 0.9732478632478633 0.5550790513833992 0.979059829059829 0.4892193675889328 0.98002849002849 0.38034584980237157 0.9645299145299145 0.3494268774703557 0.9451495726495727 0.2916304347826087 0.9461182336182336 0.21367588932806325 0.9432122507122507 0.18545454545454546 0.9122150997150997 0.14109683794466402 0.8802421652421651 0.1316897233201581 0.8298646723646724 0.1424407114624506 0.7823931623931624 0.1558794466403162
0 0.1693732193732194 0.5152173913043478 0.17188746438746438 0.523201581027668 0.17913105413105412 0.5332509881422924 0.18138176638176637 0.5360276679841898 0.18038461538461537 0.542608695652174 0.17938034188034188 0.5453853754940711 0.18113247863247864 0.5537055335968379 0.18288461538461537 0.5557905138339921 0.1838817663817664 0.5616798418972332 0.18188034188034188 0.5672332015810276 0.18188034188034188 0.5731225296442688 0.18288461538461537 0.5797134387351778 0.1886253561253561 0.5852569169960474 0.19387464387464387 0.5928853754940712 0.1931267806267806 0.5956521739130435 0.19137464387464387 0.5984288537549407 0.18737891737891738 0.6012055335968379 0.18888176638176638 0.6057114624505929 0.19188034188034186 0.6112549407114625 0.19762820512820514 0.6168083003952569 0.1993732193732194 0.6181916996047431 0.20112535612535612 0.6202667984189724 0.20636752136752137 0.6303260869565217 0.20636752136752137 0.6376086956521739 0.20437321937321937 0.6438438735177866 0.19387464387464387 0.6507806324110672 0.18462962962962964 0.6577173913043478 0.1796296296296296 0.6691501976284584 0.17488603988603987 0.6816304347826087 0.1728846153846154 0.6968873517786561 0.1728846153846154 0.7097134387351779 0.17613247863247863 0.7183794466403162 0.17938034188034188 0.7308596837944664 0.18113247863247864 0.7350197628458498 0.1838817663817664 0.7364130434782609 0.18812678062678062 0.7308596837944664 0.18438034188034189 0.7124901185770751 0.18363247863247864 0.6958498023715416 0.18487891737891737 0.6805928853754941 0.18962962962962965 0.6663833992094862 0.19787749287749287 0.6615217391304348 0.2078703703703704 0.6532015810276679 0.21361823361823362 0.6438438735177866 0.2191168091168091 0.6299802371541502 0.22486467236467236 0.6233893280632411 0.23160968660968662 0.6157608695652174 0.2351068376068376 0.6119466403162055 0.24385327635327636 0.6088339920948617 0.24885327635327634 0.6057114624505929 0.25485042735042734 0.6039723320158104 0.25985042735042735 0.5973913043478261 0.25884615384615384 0.5939229249011857 0.2471011396011396 0.5946146245059288 0.2386039886039886 0.595306324110672 0.22536324786324788 0.5942687747035573 0.21287037037037038 0.595306324110672 0.20762108262108261 0.592193675889328 0.20311965811965813 0.5880335968379446 0.19912393162393163 0.5838735177865613 0.1923789173789174 0.5779743083003952 0.19137464387464387 0.5613339920948617 0.18913105413105413 0.5495454545454546 0.18913105413105413 0.5353359683794466 0.18888176638176638 0.5259683794466403 0.18638176638176637 0.5145355731225297 0.18288461538461537 0.5103754940711462 0.17713675213675212 0.5051679841897233 0.17413817663817666 0.5051679841897233
0 0.4376424501424502 0.5792391304347827 0.4318162393162393 0.5853754940711462 0.42579059829059823 0.5937351778656127 0.4207692307692308 0.6007015810276679 0.41826210826210825 0.6087845849802371 0.4163532763532763 0.6140711462450593 0.41705840455840454 0.6193675889328063 0.42066951566951566 0.6154644268774704 0.4255911680911681 0.6083596837944664 0.4299074074074074 0.5994466403162055 0.4338247863247863 0.5917786561264822 0.4358333333333333 0.5881620553359684 0.43744301994301993 0.5845355731225296