3 0.39085666666666663 0.444895 0.39085666666666663 0.46208 0.39375333333333334 0.4818 0.3980933333333333 0.493015 0.40135 0.497355 0.4108766666666667 0.5042300000000001 0.41702666666666666 0.507125 0.42342 0.507305 0.42691666666666667 0.5055 0.42944999999999994 0.5017 0.4289666666666667 0.49826 0.42993333333333333 0.49338 0.43596333333333337 0.49193000000000003 0.4380133333333333 0.49573 0.43777 0.5009750000000001 0.44054333333333334 0.505315 0.44717666666666667 0.506585 0.4542933333333334 0.50188 0.45767 0.49627 0.46008 0.48578 0.46092666666666665 0.47601 0.4604433333333333 0.462805 0.4588766666666667 0.453035 0.45357000000000003 0.442185 0.44766 0.43313999999999997 0.4362033333333333 0.42554000000000003 0.42149000000000003 0.41957 0.41196333333333335 0.422105 0.4005066666666667 0.42951999999999996 0.39399333333333336 0.436575
3 0.3678 0.5848099999999999 0.3650233333333333 0.59028 0.36328666666666665 0.6001799999999999 0.36224333333333336 0.6092949999999999 0.36867 0.6106 0.39402333333333334 0.61529 0.4068733333333333 0.6155499999999999 0.41191 0.60721 0.41069666666666665 0.592885 0.40861 0.58533 0.40705 0.5782999999999999 0.4025333333333333 0.5697000000000001 0.39385 0.5668350000000001 0.38603666666666664 0.566315 0.3780466666666667 0.5702200000000001 0.37301 0.5777749999999999
3 0.4626133333333333 0.452515 0.46176999999999996 0.46825 0.46285666666666664 0.47784 0.4649066666666667 0.49032 0.4670766666666667 0.497375 0.47117666666666663 0.50389 0.4763633333333333 0.506965 0.4915566666666667 0.506965 0.5068733333333333 0.503525 0.5196566666666667 0.49810000000000004 0.5249633333333333 0.49177 0.5294266666666667 0.48145499999999997 0.5318366666666666 0.47241000000000005 0.5334066666666667 0.457395 0.5334066666666667 0.449255 0.5330433333333334 0.442745 0.5329233333333333 0.436415 0.5308733333333333 0.42700499999999997 0.5196566666666667 0.420315 0.5037366666666667 0.41362 0.48806 0.416695 0.47551666666666664 0.42212 0.46635333333333334 0.43786
0 0.5743766666666668 0.45263 0.57458 0.45481 0.5753466666666667 0.45663 0.5753866666666667 0.458505 0.5759133333333334 0.46159500000000003 0.5768 0.46281 0.5780933333333333 0.46281 0.5792633333333334 0.46184 0.5811233333333333 0.45911 0.5816866666666667 0.45554 0.5816866666666667 0.452265 0.5812433333333333 0.45020499999999997 0.57987 0.44814499999999996 0.5791433333333333 0.44730000000000003 0.5772066666666666 0.44766 0.5756300000000001 0.44996499999999995
3 0.3195233333333333 0.55902 0.3167433333333333 0.56996 0.31309666666666663 0.58533 0.31205666666666665 0.599135 0.3216066666666667 0.602785 0.33845333333333333 0.6066900000000001 0.3507833333333333 0.609035 0.3585966666666667 0.6092949999999999 0.35911666666666664 0.602005 0.35668666666666665 0.587675 0.3504333333333333 0.5782999999999999 0.3422733333333333 0.566055 0.3372366666666667 0.560585 0.3328933333333333 0.554855 0.33150666666666667 0.55251 0.32733666666666666 0.551465 0.32299666666666665 0.55303
3 0.5153833333333334 0.56833 0.5137766666666667 0.5814450000000001 0.51488 0.595465 0.5169933333333333 0.603 0.5219166666666667 0.61039 0.5386 0.6106900000000001 0.55257 0.60873 0.5634233333333333 0.60496 0.5666366666666667 0.597275 0.5659333333333333 0.583255 0.56322 0.57285 0.5582966666666667 0.56411 0.5513633333333333 0.55808 0.5434233333333334 0.55657 0.5383966666666666 0.5562699999999999 0.5320666666666667 0.553705 0.5292533333333334 0.5544600000000001 0.5257366666666666 0.5564199999999999 0.5217166666666667 0.55823 0.5173933333333334 0.56245
3 0.6281733333333334 0.5587000000000001 0.6266033333333333 0.5621349999999999 0.6288966666666667 0.57462 0.6332366666666667 0.58909 0.6420399999999999 0.58692 0.65398 0.58276 0.66423 0.5748 0.6699 0.56847 0.6720700000000001 0.565395 0.6674866666666667 0.5511 0.66218 0.5427799999999999 0.6573566666666667 0.537175 0.65193 0.537355 0.65 0.53862 0.64614 0.533735 0.6411966666666666 0.53464 0.6374566666666667 0.54079 0.6323933333333334 0.5502
3 0.58765 0.43804000000000004 0.58729 0.44618 0.5910266666666666 0.45377999999999996 0.5928366666666667 0.45975 0.5963333333333334 0.466805 0.6016400000000001 0.47567000000000004 0.6065833333333334 0.47983 0.61165 0.48833 0.6164733333333333 0.49068 0.62371 0.485615 0.62793 0.479465 0.6315500000000001 0.47096499999999997 0.63408 0.4621 0.6361300000000001 0.45233 0.6380600000000001 0.44166000000000005 0.6403533333333333 0.43026 0.6398699999999999 0.425195 0.6311866666666667 0.42122000000000004 0.6227433333333333 0.41597 0.6151466666666667 0.41036500000000004 0.60586 0.418325 0.5946466666666667 0.430805
3 0.5898666666666667 0.54845 0.5838233333333334 0.5558200000000001 0.5803066666666666 0.56592 0.57699 0.57466 0.5783966666666667 0.59245 0.5818133333333334 0.60104 0.59548 0.601345 0.6088466666666666 0.59863 0.6267366666666667 0.5932050000000001 0.6301533333333333 0.5906399999999999 0.6279433333333333 0.5724 0.6248266666666666 0.55868 0.6203033333333333 0.5476749999999999 0.61307 0.5386299999999999 0.6063366666666666 0.53637 0.6005066666666666 0.53773 0.5937733333333333 0.54406
0 0.5495399999999999 0.457115 0.5502666666666667 0.460505 0.5520833333333334 0.4622 0.5530133333333334 0.46498500000000004 0.5544266666666666 0.467715 0.5576166666666666 0.468375 0.56218 0.466505 0.56529 0.463345 0.5672699999999999 0.46074 0.56832 0.456325 0.56731 0.45408 0.5650066666666667 0.45220499999999997 0.5627066666666666 0.45196499999999995 0.56 0.45063 0.55802 0.45214499999999996 0.556 0.4511 0.5541833333333334 0.45142000000000004 0.5519333333333333 0.45315 0.5497333333333333 0.4555
0 0.4312733333333333 0.43311 0.4310366666666666 0.43528 0.4313733333333333 0.438815 0.43194666666666665 0.43957 0.43318999999999996 0.43962 0.4341 0.43861 0.43433666666666665 0.43477499999999997 0.4339666666666667 0.43295999999999996 0.43318999999999996 0.43225 0.43171000000000004 0.43225
0 0.575 0.436 0.5746666666666667 0.43745 0.5745333333333333 0.43975 0.5748 0.44110000000000005 0.5755333333333333 0.44055 0.5759 0.439 0.5761 0.43715 0.5757666666666666 0.43625
3 0.28690333333333334 0.448715 0.29220666666666667 0.474945 0.29775666666666667 0.49032 0.30378666666666665 0.501715 0.30884999999999996 0.5066 0.3144 0.507145 0.3182566666666667 0.50407 0.32030666666666663 0.49991 0.32296 0.495025 0.32332333333333335 0.49285500000000004 0.33068 0.482 0.33369333333333334 0.477295 0.33610666666666666 0.470605 0.3375533333333333 0.46626 0.34032666666666667 0.45866500000000004 0.3396033333333333 0.44944 0.33815666666666666 0.44545999999999997 0.32875 0.43967 0.3201866666666667 0.43388 0.3152433333333333 0.432975 0.30716333333333334 0.4337 0.30282000000000003 0.43876499999999996 0.29280999999999996 0.444735
3 0.26932666666666666 0.58338 0.27063 0.5707899999999999 0.27352333333333334 0.56428 0.27757333333333334 0.56059 0.28379666666666664 0.56037 0.2849566666666667 0.56124 0.28973000000000004 0.557115 0.2942166666666667 0.5532100000000001 0.29841333333333336 0.5532100000000001 0.30015000000000003 0.56124 0.30796666666666667 0.57296 0.31332 0.5831649999999999 0.31173 0.599445 0.3015966666666667 0.5979249999999999 0.28741666666666665 0.59597 0.27685 0.5909800000000001
0 0.6385299999999999 0.42991 0.63611 0.42960000000000004 0.63231 0.43167 0.6289933333333333 0.43219 0.6262266666666667 0.43219 0.6240166666666667 0.434575 0.6225633333333334 0.43757999999999997 0.62042 0.439035 0.6184166666666666 0.441415 0.6169633333333334 0.441625 0.61427 0.440795 0.6117133333333333 0.44276499999999996 0.6124733333333333 0.44545999999999997 0.6133000000000001 0.44826 0.6128866666666667 0.450335 0.61102 0.45240499999999995 0.61019 0.45644999999999997 0.61185 0.459455 0.6153066666666667 0.45749 0.6190399999999999 0.457695 0.6254666666666667 0.461015 0.6286466666666667 0.45966500000000005 0.6350733333333334 0.457385 0.63922 0.433745
0 0.5682833333333333 0.43860000000000005 0.56745 0.44 0.5675833333333333 0.44189999999999996 0.5685833333333333 0.4437 0.5694166666666667 0.44360000000000005 0.5700833333333334 0.44315 0.5704166666666667 0.4412 0.5700500000000001 0.43915 0.5700500000000001 0.43805 0.5689166666666666 0.43815
0 0.5820500000000001 0.42045 0.5821500000000001 0.42345 0.58375 0.42760000000000004 0.5852166666666667 0.42719999999999997 0.5858166666666667 0.42565 0.5856166666666667 0.42375 0.5846166666666667 0.421 0.5837166666666667 0.42005000000000003 0.58275 0.4195
3 0.41764333333333337 0.5777749999999999 0.4159066666666667 0.59002 0.41659999999999997 0.607475 0.4199 0.61737 0.4265 0.6223200000000001 0.43483333333333335 0.624405 0.4476866666666666 0.6246649999999999 0.45393666666666665 0.6228400000000001 0.45636999999999994 0.61763 0.46019 0.60721 0.46140333333333333 0.598875 0.46123000000000003 0.58429 0.46123000000000003 0.58012 0.45880000000000004 0.5684 0.45793 0.567095 0.44872666666666666 0.567615 0.43848000000000004 0.56996 0.42893 0.571525 0.4216366666666667 0.571525
3 0.46731 0.566315 0.46331333333333335 0.578035 0.46331333333333335 0.592105 0.4667866666666666 0.60591 0.4732133333333334 0.61711 0.47964 0.624925 0.4878 0.62597 0.49961 0.62258 0.5065566666666667 0.61763 0.5108966666666667 0.603565 0.5093366666666667 0.58976 0.5075999999999999 0.58351 0.5063833333333334 0.577515 0.50569 0.5736100000000001 0.5036033333333333 0.5684 0.5004666666666667 0.5660499999999999 0.4850233333333333 0.56423 0.47564333333333336 0.5639700000000001
3 0.34274 0.43386 0.339 0.44309 0.3397233333333333 0.454125 0.34081 0.46388999999999997 0.3445466666666667 0.47583 0.35311 0.486505 0.36311999999999994 0.488315 0.37240666666666666 0.488315 0.37734999999999996 0.48758999999999997 0.3822966666666667 0.48198 0.38519 0.471125 0.38736 0.466245 0.38953 0.46370999999999996 0.38917 0.457015 0.38748 0.44797000000000003 0.38144999999999996 0.436035 0.3712 0.426265 0.36275999999999997 0.41920999999999997 0.3582966666666667 0.418125 0.35009666666666667 0.42029500000000003 0.34551333333333334 0.426805
0 0.47496000000000005 0.437705 0.4744533333333333 0.43927 0.4750933333333333 0.44154000000000004 0.47624 0.44345999999999997 0.47741666666666666 0.4427 0.47835999999999995 0.44184500000000004 0.4785933333333333 0.43967500000000004 0.47869666666666666 0.43745 0.4781566666666667 0.435685 0.4767766666666666 0.43503 0.47559999999999997 0.43613999999999997
3 0.5371433333333333 0.440935 0.5388333333333334 0.45179 0.54257 0.464815 0.5454666666666667 0.47187 0.5481199999999999 0.47567000000000004 0.5536666666666666 0.47874500000000003 0.5616266666666667 0.478925 0.57284 0.47747500000000004 0.58068 0.471325 0.5836933333333333 0.46825 0.5859866666666667 0.460835 0.5875533333333334 0.44745 0.5879166666666666 0.43279500000000004 0.5842966666666667 0.42212 0.5783900000000001 0.414165 0.57284 0.408555 0.56283 0.410185 0.5492033333333333 0.42465499999999995 0.5417266666666667 0.43388