3 0.30718 0.5679565054368204 0.3009275 0.5938395200599925 0.293175 0.6291001124859392 0.28417000000000003 0.686490438695163 0.28567000000000004 0.6973678290213724 0.292675 0.7161229846269217 0.3021775 0.7266291713535808 0.316185 0.7322534683164604 0.33294 0.733753280839895 0.3614525 0.7221259842519685 0.3744575 0.7123734533183352 0.38071 0.702620922384702 0.3834625 0.6699850018747656 0.37895999999999996 0.6339745031871016 0.3744575 0.6110948631421073 0.3629525 0.5859617547806524 0.35144749999999997 0.5649568803899513 0.341445 0.5574540682414698 0.33244 0.551451068616423 0.3226875 0.5529508811398576 0.3134325 0.5570791151106111
0 0.36334 0.6699625046869141 0.3611625 0.6723509561304837 0.358985 0.6788826396700413 0.3589 0.6851631046119235 0.3602425 0.6854143232095988 0.361665 0.6832808398950131 0.3622525 0.6778777652793401 0.36401 0.6729771278590176 0.36468 0.670843644544432
0 0.7319125000000001 0.6054743157105361 0.7339975 0.6110723659542557 0.7395225000000001 0.6205211848518936 0.7391825 0.6235020622422197 0.7398625 0.6252455943007124 0.7402000000000001 0.6296812898387701 0.74083 0.6330971128608924 0.7424299999999999 0.6312823397075366 0.74185 0.6222684664416948 0.7406849999999999 0.6176865391826021 0.737875 0.6120172478440195 0.7355475 0.6073640794900637 0.7339 0.6046719160104987 0.7323 0.6038020247469066
3 0.6632925000000001 0.4294600674915635 0.6559974999999999 0.4447769028871391 0.6478674999999999 0.4635320584926884 0.64495 0.4732208473940757 0.640365 0.4901012373453318 0.6470349999999999 0.5157367829021372 0.6599575 0.5398050243719535 0.66746 0.5523097112860892 0.6772549999999999 0.5610611173603299 0.6891349999999999 0.5601237345331833 0.7008075 0.5469928758905137 0.7135199999999999 0.5332395950506187 0.72415 0.5122947131608548 0.7291525 0.49947881514810644 0.7356125 0.47447319085114364 0.7239425 0.45915635545556804 0.70685 0.44040119985001874 0.6953875 0.4300862392200975 0.681425 0.42164604424446944 0.6722525 0.41976752905886766 0.6670425 0.42258342707161606
0 0.295445 0.6477765279340082 0.29527749999999997 0.6515485564304462 0.29619999999999996 0.6550656167979002 0.2962825 0.657199100112486 0.2976225 0.6575778027746532 0.2986275 0.6556917885264342 0.297875 0.651042369703787 0.29728750000000004 0.6495350581177353 0.2970375 0.6471503562054743 0.29619999999999996 0.6470228721409823
3 0.345445 0.541323584551931 0.3501975 0.5627034120734908 0.368455 0.5975890513685789 0.3834625 0.6114698162729658 0.4084725 0.615594300712411 0.4209775 0.6103449568803899 0.42948000000000003 0.5844619422572178 0.4334825 0.5544506936632921 0.4347325 0.5251931008623922 0.42723 0.49781027371578557 0.4224775 0.4831833520809899 0.4114725 0.4708023997000375 0.39871749999999995 0.46592800899887515 0.38671249999999996 0.47230221222347213 0.37370749999999997 0.48468316460442445 0.3624525 0.49856017997750285 0.3516975 0.5203187101612299
0 0.676825 0.5148818897637796 0.67614 0.5170641169853768 0.676705 0.5194263217097863 0.677755 0.5203974503187102 0.6789675 0.519610048743907 0.679735 0.5185789276340457 0.679775 0.5171241094863143 0.678845 0.5158530183727034 0.6777949999999999 0.5150056242969628
3 0.7410325 0.48353955755530553 0.72957 0.49823022122234717 0.7178975000000001 0.5263629546306712 0.7072675 0.5548106486689164 0.706225 0.580127484064492 0.711645 0.6145144356955381 0.723525 0.643273340832396 0.74395 0.6548368953880765 0.7672925 0.6501499812523435 0.7870925 0.6442107236595426 0.8056425 0.6267041619797525 0.8102275 0.609201349831271 0.8116875 0.592320959880015 0.7823 0.5454293213348331 0.752495 0.49823022122234717
3 0.412935 0.39106111736032995 0.4093325 0.40186351706036744 0.4090325 0.4230221222347207 0.412635 0.4549793775778028 0.4192375 0.4774878140232471 0.4339425 0.5040457442819647 0.44895 0.5274503187101612 0.47386 0.5436557930258717 0.49126749999999997 0.5409561304836895 0.5014700000000001 0.5279040119985002 0.5149775 0.5026959130108737 0.5266825 0.46578552680914886 0.533285 0.4392275965504312 0.5380874999999999 0.40096362954630665 0.5371849999999999 0.3811586051743532 0.533285 0.3613535808023997 0.5284825 0.34694788151481065 0.52098 0.34064866891638546 0.5032725 0.33974878140232473 0.485865 0.3424484439445069 0.4558525 0.35325084364454445 0.43424250000000003 0.3663067116610424 0.4183375 0.3775590551181103
3 0.7620825 0.6598387701537308 0.75187 0.6754705661792276 0.74395 0.7004761904761905 0.74124 0.7167304086989126 0.742075 0.7339220097487814 0.7502025 0.74392575928009 0.7581224999999999 0.762058492688414 0.7620825 0.7689351331083615 0.7700025 0.7723734533183353 0.7858425 0.7808136482939632 0.8102275 0.781124859392576 0.8275275000000001 0.7776865391826022 0.8435750000000001 0.7686201724784402 0.8562875 0.7551818522684665 0.866085 0.7404874390701163 0.8712949999999999 0.7229846269216348 0.8762975000000001 0.7039145106861642 0.8756725 0.6920359955005625 0.86921 0.6807836520434946 0.856705 0.6682789651293588 0.844825 0.6517135358080239 0.834195 0.6345181852268467 0.82836 0.6229546306711661 0.825025 0.6173265841769779 0.8177300000000001 0.6179527559055118 0.807935 0.6195163104611924 0.8050175 0.628267716535433 0.786885 0.6445219347581552 0.7675025000000001 0.6507761529808773
0 0.8220225 0.7397450318710161 0.8201425 0.7395313085864267 0.818985 0.7430033745781777 0.8201425 0.7453918260217473 0.8221675 0.7460404949381327 0.8231825 0.7453918260217473 0.8237599999999999 0.7430033745781777
0 0.3592375 0.6885564304461943 0.35848250000000004 0.6914435695538057 0.35907 0.6952118485189351 0.36041 0.6989838770153731 0.36175 0.7003637045369329 0.362755 0.6994863142107236 0.362085 0.6948368953880766 0.3618325 0.6911923509561305 0.3615825 0.6885564304461943 0.360325 0.6878027746531683
0 0.65624 0.4586914135733033 0.6525925 0.4696325459317585 0.6524175 0.48317960254968134 0.6518975 0.49073115860517436 0.6555449999999999 0.49096737907761534 0.663535 0.4940944881889764 0.675865 0.49203599550056243 0.68264 0.48161604799400076 0.684725 0.4649456317960255 0.68316 0.45322084739407575 0.67934 0.44592800899887514 0.6765599999999999 0.4391563554555681 0.6765599999999999 0.4365504311961005 0.6697875 0.4302737157855268 0.6664874999999999 0.4373040869891264 0.6591925 0.45191976002999623
0 0.6978325 0.5144994375703037 0.69914 0.5187139107611549 0.700305 0.5232958380202475 0.7000125 0.5277277840269966 0.6991900000000001 0.5314360704911886 0.698705 0.5335433070866142 0.7009825 0.5327446569178852 0.702825 0.5291826021747281 0.704425 0.5254743157105362 0.7036 0.521259842519685 0.7023400000000001 0.517116610423697 0.699915 0.5133333333333333 0.6984625 0.513772028496438
0 0.6581825 0.5165016872890889 0.6599400000000001 0.5215260592425947 0.66103 0.5237870266216723 0.6617000000000001 0.5295650543682039 0.6626224999999999 0.5362242219722534 0.6647150000000001 0.5418785151856018 0.6683175 0.5465241844769404 0.6730075000000001 0.5515485564304462 0.67686 0.5539370078740157 0.67929 0.5565766779152607 0.6810475 0.5568278965129358 0.6820525000000001 0.5544394450693664 0.6817175 0.5486614173228347 0.6771125 0.5458980127484064 0.6740125 0.5441394825646795 0.6709125 0.5376077990251218 0.6706625 0.5338357705286839 0.669825 0.5309486314210724 0.670495 0.5270528683914512 0.6682325 0.5207724034495689 0.6659725 0.5185114360704911 0.6626224999999999 0.5183839520059993
3 0.538655 0.4069516310461192 0.5351125 0.4338357705286839 0.5361549999999999 0.4572815898012748 0.546575 0.47728533933258344 0.562 0.4913535808023997 0.5834675 0.519175103112111 0.5965975 0.5241732283464567 0.6122274999999999 0.5235508061492313 0.6247324999999999 0.5060442444694413 0.6368225 0.4876002999625047 0.6459925 0.45946756655418075 0.65037 0.4310236220472441 0.6530775 0.41664416947881516 0.653495 0.3916347956505437 0.6499524999999999 0.38100862392200974 0.6418250000000001 0.37381702287214097 0.63036 0.3703787026621672 0.6168125 0.3710048743907012 0.59764 0.3747544056992876 0.575755 0.376944131983502 0.562415 0.3831946006749156 0.54741 0.3906974128233971 0.54199 0.39913760779902513
0 0.40131 0.5803599550056243 0.402275 0.5834983127109111 0.40308 0.5863967004124485 0.40509249999999997 0.5888113985751781 0.40702499999999997 0.591106111736033 0.4089575 0.5918297712785902 0.4102475 0.5897787776527934 0.40904 0.5865166854143232 0.4111325 0.5877240344956881 0.4136275 0.5862767154105737 0.41548 0.5848256467941507 0.416285 0.5828946381702287 0.41572250000000005 0.5801162354705662 0.4158825 0.5760104986876641 0.41556 0.5710611173603299 0.41451499999999997 0.5669553805774278 0.41234 0.5664716910386202 0.40912 0.5679227596550431 0.4058175 0.5708173978252719 0.4042075 0.5733558305211849 0.4034025 0.5766141732283464 0.4034825 0.5780652418447694 0.40276 0.5790288713910761
0 0.6881775 0.5008511436070491 0.6904049999999999 0.5039782527184101 0.6936525 0.5080502437195351 0.6958825000000001 0.5127746531683539 0.698985 0.5130671166104237 0.699275 0.5097937757780278 0.6968525 0.504341957255343 0.6941375000000001 0.5013610798650169 0.6922474999999999 0.5002699662542183 0.68992 0.4990363704536933 0.6889025000000001 0.49932508436445444