0 0.4846266666666667 0.46096888888888893 0.4852633333333333 0.4622422222222223 0.4845366666666666 0.46315111111111107 0.4826266666666667 0.4638177777777777 0.4837166666666667 0.4647266666666667 0.4862633333333333 0.4646644444444444 0.48780666666666667 0.4635755555555556 0.4878966666666667 0.4624244444444444 0.48617 0.46151555555555557
1 0.49652999999999997 0.4573955555555556 0.4926233333333333 0.45557777777777775 0.48181 0.45376 0.47235666666666665 0.45618444444444445 0.46908666666666665 0.46175777777777777 0.47145 0.4663 0.47744666666666663 0.4666644444444444 0.4805366666666666 0.46496888888888893 0.4832633333333333 0.4656333333333333 0.4865333333333333 0.4670888888888889 0.49516666666666664 0.4646644444444444 0.49816666666666665 0.46151555555555557 0.4978033333333334 0.46005999999999997
3 0.42229333333333335 0.4678355555555556 0.41551 0.4786911111111111 0.41252666666666665 0.4900866666666666 0.4206666666666667 0.5159555555555556 0.43559 0.5373022222222222 0.45648333333333335 0.5486977777777777 0.47846333333333335 0.55304 0.49067333333333335 0.5512311111111111 0.51591 0.5420044444444444 0.5264933333333334 0.5367577777777778 0.53192 0.53278 0.55824 0.5257244444444444 0.5693633333333333 0.5157755555555555 0.5832033333333333 0.5014844444444444 0.58456 0.4880977777777778 0.5818466666666666 0.4738066666666667 0.5739766666666667 0.4622288888888889 0.5506433333333334 0.4468533333333333 0.53409 0.4410644444444444 0.49773 0.44016 0.46951 0.4463088888888889 0.44319 0.4539066666666666 0.42799333333333334 0.4609622222222222
0 0.4876366666666667 0.4808222222222222 0.48716333333333334 0.48124 0.48647666666666667 0.4820155555555556 0.48684666666666665 0.48240000000000005 0.4875833333333333 0.4820155555555556 0.4884233333333333 0.48148888888888886 0.48847666666666667 0.48092444444444443 0.4880566666666667 0.48060888888888886
0 0.5129900000000001 0.5093444444444445 0.5127566666666666 0.5100777777777777 0.5124233333333333 0.5106111111111111 0.5117566666666666 0.5107 0.5114233333333333 0.5110333333333333 0.5118566666666666 0.5112555555555556 0.5127566666666666 0.5113222222222222 0.5135566666666667 0.5112111111111111 0.5138900000000001 0.5108111111111111 0.5139233333333333 0.5103 0.51379 0.509788888888889 0.5136566666666667 0.5094555555555556 0.5135233333333333 0.5092333333333334 0.51339 0.5091888888888889
0 0.50562 0.5114866666666666 0.5052866666666667 0.51182 0.50512 0.5123311111111111 0.5054533333333333 0.5125977777777778 0.50602 0.5122644444444444 0.5069533333333333 0.5119755555555555 0.5075533333333334 0.511908888888889 0.5082533333333333 0.5123088888888888 0.5088533333333333 0.5127088888888889 0.5092866666666667 0.5130422222222223 0.5096866666666666 0.5130422222222223 0.50992 0.5127533333333333 0.5098533333333333 0.5122866666666667 0.50962 0.5119977777777778 0.5087533333333333 0.5116422222222222 0.5080866666666667 0.5113755555555556 0.5076533333333334 0.5111977777777778 0.50702 0.5111088888888888 0.5064533333333333 0.5114644444444445 0.5063533333333333 0.5115088888888889
0 0.49083333333333334 0.4990222222222222 0.4894 0.49940000000000007 0.48883333333333334 0.4998444444444445 0.48913333333333336 0.5005111111111111 0.49016666666666664 0.5006888888888889 0.49126666666666663 0.5002666666666666 0.49223333333333336 0.49982222222222217 0.49213333333333337 0.49926666666666664 0.49163333333333337 0.4990444444444444
0 0.48967 0.5300222222222222 0.48722000000000004 0.5294000000000001 0.4862266666666667 0.5300222222222222 0.48599333333333333 0.5311111111111111 0.48716 0.5315777777777777 0.48949333333333334 0.5322777777777777 0.49066 0.5323555555555556 0.49066 0.53146 0.49066 0.5309933333333333
0 0.47790333333333335 0.46109111111111106 0.47608333333333336 0.4616355555555556 0.47490333333333334 0.46284666666666663 0.47672000000000003 0.4637555555555556 0.4789933333333333 0.46399777777777773 0.4796266666666667 0.4632111111111111 0.47872000000000003 0.4627266666666667 0.47872000000000003 0.462
0 0.50602 0.5146422222222222 0.5067533333333333 0.51542 0.50732 0.51542 0.50742 0.5152422222222223 0.5084866666666666 0.5153533333333333 0.5089866666666667 0.51542 0.50932 0.5152199999999999 0.5086533333333333 0.5148422222222222 0.5085533333333334 0.514531111111111 0.5084533333333333 0.5141088888888888 0.5076866666666666 0.5142866666666667 0.5067200000000001 0.5143088888888888 0.5063533333333333 0.5143533333333333
0 0.49015333333333333 0.5285733333333333 0.4889966666666667 0.5281888888888888 0.4875233333333333 0.5284333333333333 0.48725999999999997 0.5287488888888888 0.48747333333333337 0.52896 0.48795 0.5288888888888889 0.4888966666666667 0.5287488888888888 0.48973333333333335 0.5289933333333333 0.4906266666666667 0.5296599999999999 0.4910466666666667 0.5295555555555556 0.4912066666666666 0.5292399999999999 0.4906266666666667 0.5289244444444444
0 0.4895333333333333 0.48131111111111113 0.49016 0.48243555555555556 0.49105333333333334 0.4830977777777778 0.49152666666666667 0.4825733333333333 0.49116 0.48187555555555556 0.49063333333333337 0.48120444444444443 0.49037 0.4811355555555556