0 0.6168875 0.3327719429857464 0.61501 0.33711552888222057 0.613835 0.3401687921980495 0.613915 0.34322205551387847 0.616105 0.34157914478619655 0.6172799999999999 0.33676294073518376 0.6182975 0.33488372093023255 0.6180625 0.3328882220555139
3 0.6159199999999999 0.2983570892723181 0.6025525 0.2910615153788447 0.58762 0.27777569392348084 0.5740775 0.27569392348087024 0.5608825000000001 0.28923855963990996 0.551855 0.3160690172543136 0.55116 0.33795198799699927 0.5548075 0.36608402100525134 0.565745 0.3806714178544636 0.5905725 0.4119317329332333 0.59717 0.4134958739684922 0.6098450000000001 0.3895273818454614 0.6230399999999999 0.35696549137284317 0.6344974999999999 0.3246661665416354
1 0.51251 0.47031132783195795 0.5104175 0.46905851462865716 0.50824 0.46566391597899476 0.5057275 0.46428357089272315 0.5018775 0.4646586646661665 0.49844499999999997 0.46755063765941485 0.493755 0.46893098274568645 0.4913275 0.47232183045761444 0.4909925 0.4757164291072768 0.4923325 0.4791072768192048 0.49183 0.4865191297824456 0.49543 0.49581395348837204 0.5001175 0.49644411102775693 0.502295 0.5018454613653414 0.5080725 0.5022205551387847 0.5143525 0.5024718679669917 0.5186225 0.5015941485371342 0.521135 0.4963165791447862 0.5205475 0.48677044261065266 0.5183724999999999 0.48136909227306823 0.5163625 0.475337584396099 0.5146875 0.47181920480120026
0 0.47586 0.4323630907726932 0.47383749999999997 0.433304576144036 0.47216250000000004 0.43550262565641407 0.4718825 0.43728432108027004 0.47272000000000003 0.4387471867966992 0.4748125 0.43707426856714177 0.47627749999999996 0.43466616654163537 0.477465 0.43257314328582147
3 0.44234249999999997 0.43148537134283566 0.4340925 0.4487396849212303 0.43084249999999996 0.462993248312078 0.42084 0.4727494373593398 0.41235000000000005 0.4899849962490622 0.40858999999999995 0.5065078769692423 0.40734 0.5245123780945236 0.41234 0.5447674418604651 0.41808999999999996 0.5582745686421605 0.42984249999999996 0.5695273818454614 0.4473425 0.5852813203300825 0.4553425 0.5935333833458364 0.47009249999999997 0.6021605401350337 0.488095 0.5984096024006001 0.500595 0.592033008252063 0.513345 0.5811552888222055 0.534095 0.5627756939234808 0.540595 0.5473930982745686 0.540845 0.5282633158289572 0.537845 0.5038822205551388 0.534595 0.48775318829707426 0.526095 0.4704988747186796 0.511595 0.4521155288822205 0.49784500000000004 0.4386121530382595 0.47934249999999995 0.4236084021005251 0.4658425 0.4191072768192048 0.4543425 0.42023255813953486 0.4478425 0.42398349587396844
1 0.447905 0.5046774193548387 0.44477 0.4985258814703676 0.4397075 0.49635783945986495 0.4365725 0.4997936984246062 0.4368125 0.5084771192798199 0.4386225 0.5155326331582896 0.4399475 0.5240360090022506 0.44018999999999997 0.5298237059264816 0.437055 0.5305476369092273 0.43247250000000004 0.5309077269317329 0.42777 0.5363353338334583 0.42524 0.5448387096774193 0.4278925 0.5553300825206302 0.43560750000000004 0.5625656414103526 0.44441 0.5723330832708177 0.4514025 0.5813803450862716 0.45297000000000004 0.5781245311327832 0.45707 0.5784846211552889 0.4620125 0.5707051762940735 0.46153 0.5638334583645912 0.458515 0.5535221305326332 0.45538 0.5504463615903976 0.454295 0.5430270067516879 0.45707 0.538867216804201 0.456345 0.5332595648912228 0.454055 0.5292798199549887 0.45068 0.5231282820705176 0.449835 0.5119129782445612
1 0.48086 0.4948087021755439 0.47927 0.4977006751687922 0.47684249999999995 0.49995873968492127 0.47592 0.5047336834208552 0.4749175 0.5095086271567891 0.47089749999999997 0.5086271567891973 0.4657075 0.5077494373593399 0.4629425 0.5100112528132034 0.460935 0.5142798199549887 0.460265 0.5194336084021005 0.46152 0.5235783945986496 0.466375 0.5273443360840211 0.4734925 0.527595648912228 0.4805275 0.5341297824456114 0.48563249999999997 0.5449324831207801 0.49116000000000004 0.557621905476369 0.4996175 0.5567404351087772 0.49995 0.5463165791447862 0.49995 0.5410390097524381 0.500035 0.5363915978994749 0.4969375 0.5311140285071267 0.491745 0.5224456114028507 0.490405 0.5135258814703676 0.4925825 0.5022205551387847 0.4951775 0.49606526631657916 0.4916625 0.4861402850712678 0.48446249999999996 0.4968192048012003
0 0.448475 0.5356714178544636 0.4481075 0.5353975993998499 0.4472025 0.5359302325581395 0.44691000000000003 0.5366091522880719 0.447235 0.5371417854463616 0.44788 0.5370480120030008 0.44827 0.5370480120030008 0.44856 0.5368042010502625 0.4487225 0.5360277569392348
0 0.44639249999999997 0.5296211552888223 0.445455 0.5291372843210803 0.44519749999999997 0.5286009002250562 0.443935 0.5288447111777945 0.44364499999999996 0.5291372843210803 0.442965 0.5285521380345086 0.44248000000000004 0.5291372843210803 0.4419625 0.5301537884471118 0.4425125 0.5309302325581395 0.4430625 0.5304463615903976 0.443805 0.5304951237809452 0.444485 0.5300562640660166 0.44455 0.5306414103525882 0.444905 0.5304463615903976 0.445455 0.5304463615903976 0.44597250000000005 0.5308814703675919 0.4462625 0.5305926481620404
0 0.505285 0.47178169542385595 0.50412 0.47051762940735187 0.503345 0.469741185296324 0.5024725 0.469887471867967 0.502505 0.4710052513128282 0.5031175 0.47202175543885977 0.5037975 0.4727981995498875 0.504735 0.4737209302325582 0.5052525 0.47411102775693925 0.5055125 0.4739647411852963 0.5058675 0.47313953488372096
0 0.4487225 0.5386009002250562 0.448365 0.53884096024006 0.447945 0.5391335333833458 0.4476225 0.5390847711927982 0.44745999999999997 0.5399587396849213 0.4477525 0.5403938484621156 0.4482375 0.5399099774943736 0.44852749999999997 0.5401537884471118 0.4491425 0.5403938484621156 0.449855 0.5403938484621156 0.44994999999999996 0.5402963240810202 0.44994999999999996 0.5399099774943736 0.44936750000000003 0.5399587396849213 0.449175 0.5395198799699925 0.4491425 0.5388897224306076
0 0.506385 0.47411102775693925 0.50619 0.4749812453113278 0.5057699999999999 0.4760502625656414 0.5065149999999999 0.47609902475618904 0.50729 0.47634283570892727 0.50768 0.4765378844711178 0.5081 0.47687546886721677 0.508325 0.4779444861215304 0.508875 0.47774943735933983 0.509295 0.47697299324831205 0.5094575 0.4764891222805701 0.5088425 0.4757126781695424 0.5083575 0.4747411852963241 0.508035 0.47430232558139535 0.507225 0.473867216804201
3 0.5093375 0.37624531132783195 0.50326 0.3957801950487622 0.50326 0.4179219804951238 0.5039549999999999 0.4291222805701425 0.510725 0.4489197299324831 0.5155875 0.45829707426856714 0.5254825 0.47314703675918984 0.5383300000000001 0.49424606151537887 0.541455 0.4989347336834209 0.5484 0.5002363090772693 0.5638525 0.49815453863465864 0.57184 0.4767929482370593 0.58243 0.44970367591897975 0.5914575 0.4275618904726182 0.5885075000000001 0.41531882970742684 0.579825 0.39838709677419354 0.5614225 0.3741597899474869 0.5529149999999999 0.36556264066016503 0.5379824999999999 0.35852963240810204 0.525135 0.3603525881470368 0.5161074999999999 0.3676481620405101