0 0.16162 0.437555 0.16285833333333333 0.442085 0.16494833333333334 0.44498750000000004 0.16641999999999998 0.4451025 0.16649666666666668 0.44382499999999997 0.16487166666666667 0.442085 0.16340166666666667 0.4404575
0 0.8669016666666667 0.4245825 0.8666433333333333 0.4270575 0.8659966666666666 0.42953250000000004 0.8664166666666666 0.430115 0.8671933333333333 0.4290975 0.8680983333333333 0.4259425 0.8687466666666666 0.42453500000000005 0.869425 0.4233225 0.8691666666666666 0.42308 0.868325 0.4234675 0.8675816666666666 0.4236625
0 0.8032466666666666 0.627885 0.8023766666666667 0.644405 0.8042133333333333 0.6493325 0.8077866666666668 0.6573025 0.8117483333333333 0.6628075 0.8138733333333333 0.666575 0.8168683333333333 0.6712125 0.81822 0.6738200000000001 0.8178333333333333 0.6709225 0.8148383333333333 0.6642575000000001 0.8102016666666667 0.6570125 0.8059516666666666 0.6488975 0.804695 0.6413625 0.8055650000000001 0.6362899999999999 0.806145 0.6338275 0.805855 0.6307849999999999 0.8047916666666667 0.6273075
0 0.17296833333333334 0.5039549999999999 0.17296833333333334 0.5066325 0.17362833333333333 0.50675 0.17444333333333334 0.5063424999999999 0.17456 0.5057024999999999 0.17459833333333333 0.504245 0.17417166666666667 0.5037225000000001
0 0.19596833333333333 0.5863275 0.19345666666666667 0.5851675000000001 0.19113833333333333 0.5844425 0.19075166666666665 0.5851675000000001 0.19113833333333333 0.5861825 0.19355333333333333 0.5866174999999999 0.19471166666666667 0.5866174999999999
3 0.157535 0.5611525 0.14637166666666668 0.58492 0.14313 0.602745 0.14349166666666668 0.6157100000000001 0.14241 0.635695 0.14349166666666668 0.65514 0.14673166666666668 0.6745875 0.15141333333333334 0.6913325 0.17049833333333334 0.7145575 0.18850333333333333 0.7269825 0.20326833333333333 0.7291425 0.22631500000000002 0.71942 0.25692333333333334 0.6978125 0.27565 0.6794475 0.28573333333333334 0.6621625 0.29077333333333333 0.631375 0.28969333333333336 0.6113875000000001 0.28357166666666667 0.5881625 0.27204833333333334 0.570335 0.258365 0.5589925 0.24900166666666668 0.5541325 0.22739499999999999 0.54657 0.20831 0.5433275 0.17554 0.55143
1 0.84502 0.356565 0.8402433333333333 0.36134 0.8380733333333332 0.3678525 0.8390866666666668 0.37631749999999997 0.8631099999999999 0.3808775 0.8554400000000001 0.37089249999999996 0.85515 0.362425
3 0.7653933333333333 0.6929525 0.7553099999999999 0.6994349999999999 0.7441466666666667 0.71672 0.7351433333333333 0.75291 0.7315433333333333 0.7864 0.7315433333333333 0.8101675 0.7319033333333334 0.8150275 0.740905 0.8323125 0.7488283333333334 0.8636425000000001 0.75387 0.875525 0.7657533333333334 0.876605 0.7812366666666667 0.8706649999999999 0.7999633333333332 0.8652625 0.8125666666666667 0.8625625 0.838495 0.8269125 0.8525383333333333 0.807465 0.86082 0.7826175 0.85722 0.7615525 0.8482166666666667 0.739405 0.8341733333333333 0.7205 0.82265 0.71996 0.808605 0.71672 0.7898799999999999 0.7107775000000001
3 0.5777783333333334 0.8166475000000001 0.567335 0.82367 0.5586916666666667 0.8333925000000001 0.5475283333333334 0.8479774999999999 0.533845 0.877145 0.5244816666666666 0.8965925 0.5140399999999999 0.9208999999999999 0.5118783333333333 0.9565499999999999 0.5399666666666667 0.9597899999999999 0.601545 0.95709 0.6443966666666667 0.95547 0.6461983333333333 0.9311625 0.6425966666666667 0.9176575 0.6353949999999999 0.88795 0.633595 0.874445 0.6238716666666667 0.8652625 0.61631 0.8506775 0.6073066666666667 0.8344725 0.601905 0.82475 0.5896616666666666 0.8171875
3 0.8647283333333333 0 0.8456966666666668 0.0253175 0.8320116666666666 0.0658275 0.8248099999999999 0.0971575 0.82229 0.11930500000000001 0.8294916666666666 0.1490125 0.8363333333333334 0.156575 0.8492966666666666 0.155495 0.8683833333333334 0.1641375 0.9036733333333333 0.17493999999999998 0.92852 0.20519 0.9364433333333333 0.2165325 0.9526483333333334 0.221395 0.9728133333333333 0.2122125 0.9818166666666666 0.189525 0.9854166666666667 0.158195 0.9843366666666667 0.1306475 0.9818166666666666 0.0976975 0.979295 0.0755525 0.9724533333333334 0.055025 0.9645316666666666 0.037200000000000004 0.9548083333333334 0.024237500000000002 0.9404033333333334 0.011272500000000001 0.926 0.00587 0.9173566666666667 0.00047 0.8716499999999999 0
3 0.20074833333333333 0.7302225 0.18886333333333336 0.75291 0.18310166666666666 0.773435 0.18850333333333333 0.7945025 0.20002666666666669 0.8161075 0.2122716666666667 0.838255 0.22955666666666666 0.85446 0.23927833333333334 0.8690425 0.24648166666666668 0.875525 0.2688083333333333 0.8814675 0.27961 0.8820075 0.28789333333333333 0.8663425 0.2997766666666667 0.8425750000000001 0.30769833333333335 0.82475 0.31274 0.7939625 0.30841833333333335 0.7545299999999999 0.3040983333333333 0.7269825 0.29689499999999996 0.705375 0.28501166666666666 0.6994349999999999 0.2648466666666667 0.6940325 0.257285 0.6978125 0.23207666666666668 0.7161799999999999
3 0.28573333333333334 0.8706649999999999 0.2860933333333333 0.89227 0.29041333333333336 0.911175 0.29833666666666664 0.92414 0.3033783333333333 0.92414 0.32642499999999997 0.9371025 0.3516316666666667 0.9452050000000001 0.3681966666666666 0.9473674999999999 0.38116 0.944665 0.3883633333333333 0.940345 0.39664499999999997 0.9171174999999999 0.40492666666666666 0.89173 0.40276666666666666 0.8668825 0.39268333333333333 0.8312324999999999 0.3826016666666667 0.8009824999999999 0.3728783333333333 0.7955825 0.35955333333333334 0.7999025000000001 0.34911166666666665 0.7955825 0.33938833333333335 0.7999025000000001 0.31994333333333336 0.8155675 0.3095 0.82205 0.30013666666666666 0.8425750000000001
3 0.8323716666666666 0.37695999999999996 0.8183283333333333 0.37912 0.8017633333333333 0.392625 0.7866383333333333 0.41099 0.7772766666666666 0.4352975 0.774035 0.4563625 0.7769166666666667 0.48013 0.7833983333333334 0.497955 0.7981616666666667 0.5179400000000001 0.8201283333333335 0.5373875 0.8320116666666666 0.534145 0.85902 0.54549 0.8658616666666666 0.5541325 0.8802666666666668 0.55251 0.89287 0.54495 0.9054733333333334 0.533605 0.9177166666666667 0.51848 0.9223983333333334 0.4930925 0.9223983333333334 0.47040750000000003 0.9202383333333334 0.45582249999999996 0.9180783333333333 0.4412375 0.9169966666666666 0.4244925 0.911235 0.4023475 0.9004316666666667 0.39154500000000003 0.8817066666666666 0.3861425 0.8629816666666668 0.38074 0.8507383333333334 0.37912
3 0.6562816666666667 0.79018 0.6501583333333333 0.7988225 0.6447583333333333 0.8166475000000001 0.6415166666666666 0.841495 0.6418766666666667 0.8495975 0.637915 0.8658025 0.633595 0.8809275 0.638275 0.9014525 0.6458383333333334 0.92738 0.65376 0.939805 0.6667233333333333 0.9452050000000001 0.6793283333333333 0.944125 0.68797 0.9354825 0.706695 0.92738 0.7297416666666666 0.9025325000000001 0.739825 0.88687 0.7473883333333333 0.8603999999999999 0.7405450000000001 0.8344725 0.7326233333333333 0.8150275 0.7185783333333334 0.802065 0.7048949999999999 0.7918 0.6832883333333333 0.7809974999999999 0.668525 0.7809974999999999
3 0.10874 0.008465 0.09505666666666668 0.012244999999999999 0.08317333333333334 0.019807500000000002 0.06985000000000001 0.0349325 0.06084666666666667 0.061939999999999995 0.055445 0.09759000000000001 0.054725 0.12784 0.052925 0.151065 0.055084999999999995 0.185635 0.06804833333333334 0.204 0.08569333333333333 0.2131825 0.09793833333333334 0.214805 0.11738333333333333 0.1894175 0.14079 0.1715925 0.16527666666666666 0.1591675 0.17788166666666666 0.15268500000000002 0.190125 0.1559275 0.20020666666666667 0.1397225 0.20812999999999998 0.12189749999999999 0.21137 0.10191 0.20884999999999998 0.080305 0.20020666666666667 0.050595 0.18724333333333334 0.027370000000000002 0.17932166666666668 0.0176475 0.16928666666666667 0 0.11525 0
3 0.4578633333333333 0.82367 0.44309833333333337 0.82421 0.431215 0.838255 0.4182516666666667 0.8614824999999999 0.4045666666666667 0.8874099999999999 0.40060666666666667 0.9036124999999999 0.39232333333333336 0.9284600000000001 0.38548166666666667 0.9430449999999999 0.3851216666666667 0.96249 0.46290499999999996 0.96033 0.5118783333333333 0.9597899999999999 0.5140399999999999 0.92144 0.5079183333333334 0.8992925 0.49459333333333333 0.8787675 0.47766833333333336 0.8425750000000001 0.4693866666666667 0.8312324999999999
3 0.8334533333333334 0.534685 0.8021233333333333 0.5427875 0.7790766666666666 0.5557525000000001 0.7621516666666667 0.5719575 0.7495483333333334 0.5892425 0.7437866666666667 0.61409 0.7419866666666667 0.636775 0.7445066666666666 0.6589225 0.7491883333333333 0.6751275000000001 0.7632316666666668 0.6907925 0.7693533333333333 0.6967325 0.7916799999999999 0.7107775000000001 0.8129266666666667 0.71996 0.8377733333333334 0.72104 0.85614 0.7075375 0.8712633333333333 0.6956525 0.8784666666666667 0.6853899999999999 0.8874683333333334 0.6627025 0.8903500000000001 0.6378550000000001 0.8871083333333333 0.6097675 0.8827866666666667 0.5946425000000001 0.8795466666666666 0.58438 0.876305 0.570335 0.8669433333333333 0.5535924999999999 0.85902 0.54711 0.8496566666666666 0.5417075
3 0.091635 0.22517500000000001 0.08011166666666666 0.2651475 0.07579166666666666 0.3153825 0.07687166666666667 0.35697500000000004 0.09379666666666667 0.39154500000000003 0.10604 0.398565 0.122245 0.4072075 0.13196833333333333 0.39910500000000004 0.158255 0.3883025 0.16761833333333334 0.3883025 0.189585 0.37912 0.20831 0.3683175 0.223075 0.36021499999999995 0.23675833333333332 0.34401 0.24108000000000002 0.3213225 0.24251999999999999 0.2980975 0.23855833333333332 0.27703 0.23711833333333335 0.2478625 0.228115 0.20951 0.21839333333333333 0.1841225 0.20470833333333333 0.1657575 0.191745 0.156035 0.17554 0.154955 0.15429333333333334 0.1630575 0.12836666666666668 0.1819625 0.11648333333333333 0.19006499999999998 0.10568000000000001 0.20357
3 0.12872666666666666 0.4034275 0.121165 0.41531 0.11180166666666666 0.4352975 0.11216166666666667 0.4693275 0.11288166666666666 0.49201249999999996 0.11288166666666666 0.5038975 0.11612333333333333 0.5228025000000001 0.12764666666666666 0.5438675 0.13881 0.55143 0.155375 0.5595325 0.16041666666666668 0.5611525 0.16941833333333334 0.5541325 0.18742333333333333 0.54765 0.20362833333333333 0.54495 0.2140716666666667 0.5379275 0.23639833333333335 0.51686 0.24864166666666665 0.498495 0.25404333333333334 0.4720275 0.25656333333333337 0.4515025 0.25476333333333334 0.433135 0.24720166666666668 0.41045 0.23243666666666665 0.39478500000000005 0.22127333333333335 0.3877625 0.20831 0.38127999999999995 0.19678666666666667 0.37695999999999996 0.16761833333333334 0.3893825 0.156095 0.3904625 0.14349166666666668 0.395325
3 0.8125666666666667 0.1792625 0.805005 0.1976275 0.7970816666666666 0.227875 0.7942016666666667 0.261365 0.7931216666666666 0.2883725 0.7902399999999999 0.31376 0.79096 0.3348275 0.7985233333333334 0.3542725 0.8114866666666667 0.3672375 0.82625 0.3748 0.85794 0.37966 0.8867483333333332 0.3861425 0.9029533333333334 0.394245 0.9126766666666667 0.4034275 0.9249200000000001 0.39910500000000004 0.9386033333333333 0.3866825 0.9494066666666666 0.3748 0.9573283333333333 0.34508999999999995 0.9591299999999999 0.30944 0.9540883333333333 0.261365 0.9418449999999999 0.2289575 0.9278000000000001 0.20248750000000001 0.9011533333333334 0.17548 0.8770249999999999 0.16737749999999998 0.8593799999999999 0.159275 0.8460566666666667 0.154955 0.8309316666666667 0.157655 0.82337 0.1630575