3 0.4466857142857143 0.15498 0.43866 0.175764 0.43264142857142857 0.20216800000000001 0.42903 0.246548 0.42822714285714286 0.292612 0.4278257142857143 0.317332 0.43223999999999996 0.34261199999999997 0.4366542857142857 0.363396 0.44167 0.400476 0.44267285714285715 0.42126 0.44407714285714284 0.422944 0.45270428571428567 0.41452 0.4619342857142857 0.403844 0.46915714285714283 0.397104 0.47898857142857143 0.38306 0.4962428571428571 0.366768 0.4968442857142857 0.35834 0.4960142857142857 0.34288 0.48801571428571433 0.28699600000000003 0.47918857142857146 0.239244 0.4719657142857143 0.21003200000000002 0.46333857142857143 0.183068 0.4577214285714286 0.16733599999999998 0.45250428571428575 0.157788
3 0.2300842857142857 0.50032 0.2284114285714286 0.5112439999999999 0.2296657142857143 0.5221640000000001 0.23537857142857144 0.560008 0.23760714285714285 0.57444 0.24387714285714288 0.6037 0.2525157142857143 0.639204 0.26338285714285714 0.641932 0.26756285714285716 0.63686 0.2721614285714286 0.627888 0.27466857142857143 0.615796 0.2777342857142857 0.60136 0.2798242857142857 0.5900479999999999 0.2810785714285714 0.574832 0.2782914285714286 0.5666399999999999 0.27480857142857146 0.553376 0.27035 0.529188 0.26686714285714286 0.5108520000000001 0.25962142857142856 0.50344 0.25307285714285715 0.49836800000000003 0.24596714285714286 0.493296 0.2402542857142857 0.49134799999999995 0.23287 0.492516
3 0.27035 0.380592 0.2628257142857143 0.38956399999999997 0.25962142857142856 0.40946 0.2589242857142857 0.431696 0.2617114285714286 0.46446800000000005 0.2672842857142857 0.508552 0.27383285714285716 0.546392 0.27815285714285715 0.5659 0.2823328571428571 0.580332 0.28612857142857145 0.58772 0.2899857142857143 0.58848 0.2922242857142857 0.589304 0.29542857142857143 0.588136 0.29793714285714284 0.584624 0.30058428571428575 0.5764319999999999 0.3044857142857143 0.5725319999999999 0.30615714285714285 0.573312 0.30908285714285716 0.5698 0.31242714285714285 0.5635560000000001 0.31395999999999996 0.559268 0.3147957142857143 0.554584 0.3182785714285714 0.549124 0.32081428571428566 0.5424800000000001 0.32287714285714286 0.53508 0.32468857142857144 0.526104 0.32594285714285715 0.514404 0.3267785714285714 0.500748 0.3265 0.495288 0.32259857142857146 0.484752 0.31897571428571425 0.47031999999999996 0.3152142857142857 0.455104 0.31089428571428573 0.43676800000000005 0.30615714285714285 0.421944 0.29947 0.403996 0.2922242857142857 0.390732 0.28693 0.3802 0.28247142857142854 0.37746799999999997 0.27606285714285717 0.375908
3 0.37360714285714286 0.699436 0.37263142857142856 0.726356 0.37555714285714287 0.755616 0.38127 0.780192 0.38754000000000005 0.798916 0.3929728571428571 0.80594 0.40203 0.791896 0.41220142857142855 0.777072 0.41666 0.772388 0.42473999999999995 0.765368 0.42515857142857144 0.741568 0.4244614285714286 0.724404 0.42139714285714286 0.687732 0.4183314285714286 0.6631560000000001 0.41415142857142856 0.657304 0.40286571428571427 0.662764 0.38781857142857146 0.677592 0.3758357142857143 0.692416
3 0.23323285714285716 0.8312959999999999 0.22975 0.849244 0.22612714285714286 0.871092 0.22375857142857142 0.8824040000000001 0.23184000000000002 0.890208 0.24173142857142857 0.893328 0.24995142857142857 0.898008 0.2537142857142857 0.8984 0.2583114285714286 0.874992 0.25719714285714285 0.8523639999999999 0.2578942857142857 0.827788 0.26082 0.8086720000000001 0.25246 0.810232 0.2441 0.816864 0.2362985714285714 0.8231040000000001
3 0.20862714285714287 0.5541560000000001 0.20305428571428574 0.560396 0.20040714285714284 0.570932 0.2009642857142857 0.586144 0.2069557142857143 0.6107239999999999 0.2109957142857143 0.63608 0.21517571428571428 0.661048 0.2217242857142857 0.681724 0.22618285714285713 0.687188 0.23050142857142858 0.6883560000000001 0.23816428571428572 0.677044 0.24290142857142857 0.664168 0.24763857142857143 0.6501239999999999 0.25112285714285715 0.63374 0.24610714285714286 0.611892 0.24137 0.592776 0.23760714285714285 0.5736600000000001 0.23551714285714284 0.566248 0.23147714285714285 0.5615680000000001 0.22339571428571428 0.556496 0.21434 0.5545439999999999
3 0.4472642857142857 0.610136 0.4507757142857143 0.624184 0.45595857142857144 0.670528 0.45913571428571426 0.7033 0.4654885714285714 0.73092 0.4798671428571429 0.708916 0.4920728571428572 0.690192 0.49223999999999996 0.64244 0.48695571428571427 0.561824 0.4767571428571429 0.56988 0.46816428571428576 0.584064 0.4501071428571429 0.603584
3 0.50948 0.116868 0.50753 0.130524 0.5068328571428571 0.15354 0.5083657142857143 0.18514 0.5085057142857142 0.205816 0.50948 0.212448 0.5149142857142858 0.25107199999999996 0.5163071428571429 0.29242399999999996 0.5175614285714285 0.31934 0.5175614285714285 0.332996 0.5256428571428572 0.338848 0.5316342857142857 0.331044 0.53442 0.303736 0.5328871428571429 0.263944 0.5309371428571429 0.23507600000000003 0.5291257142857143 0.206988 0.5232742857142857 0.17343599999999998 0.5144957142857143 0.132472
3 0.49308857142857143 0.654316 0.4968614285714286 0.664072 0.5008285714285714 0.673552 0.5076985714285714 0.660008 0.5150514285714286 0.647544 0.5221157142857142 0.635896 0.5235185714285714 0.602356 0.52436 0.574288 0.5230142857142857 0.560228 0.5176642857142857 0.550392 0.5118199999999999 0.541048 0.5073014285714286 0.5382279999999999 0.4966 0.544784 0.49058285714285715 0.549012 0.4849028571428572 0.55416 0.4803842857142857 0.560228 0.4788842857142857 0.564916 0.47937857142857143 0.565864 0.4867414285714286 0.5616359999999999 0.48858 0.584124 0.4922557142857143 0.640744
3 0.41254142857142856 0.645408 0.41398714285714283 0.6575439999999999 0.41831999999999997 0.663608 0.4231357142857143 0.70608 0.42482142857142857 0.7256279999999999 0.43445142857142854 0.73844 0.4383028571428571 0.752596 0.45323 0.74046 0.45948999999999995 0.73844 0.45900857142857143 0.70608 0.45804571428571433 0.68518 0.4513042857142857 0.62316 0.4462485714285714 0.6076560000000001 0.4228942857142857 0.629904 0.41350571428571425 0.6393399999999999
3 0.3366571428571428 0.7112 0.33515142857142854 0.729088 0.33487285714285714 0.761076 0.33348 0.7852640000000001 0.33509999999999995 0.8274 0.3404042857142857 0.868748 0.34806714285714285 0.8609479999999999 0.36060714285714285 0.845692 0.36722571428571427 0.8336399999999999 0.37036 0.8164359999999999 0.37617 0.794316 0.3806985714285714 0.778708 0.37617 0.7569 0.3727985714285714 0.727992 0.37349571428571426 0.700684 0.3751257142857143 0.69452 0.37001142857142855 0.672712 0.36804714285714285 0.6701 0.36362999999999995 0.670452 0.3546857142857143 0.6795399999999999 0.3491128571428571 0.687656 0.34597714285714287 0.6984239999999999 0.3441242857142857 0.7055600000000001 0.3390114285714286 0.7065359999999999
3 0.26238285714285714 0.796896 0.25808714285714285 0.829732 0.2570414285714286 0.8524879999999999 0.2590157142857143 0.882072 0.2616857142857143 0.8954 0.2626142857142857 0.9064559999999999 0.26784 0.90938 0.27445714285714284 0.912308 0.27794142857142856 0.912956 0.28223714285714285 0.893124 0.28804285714285716 0.868416 0.29117714285714286 0.8521639999999999 0.2903642857142857 0.820304 0.2923385714285714 0.785192 0.29373142857142853 0.772188 0.2903642857142857 0.770888 0.2846757142857143 0.7650359999999999 0.27863714285714286 0.763412 0.27411 0.768936 0.27051 0.7770640000000001 0.2656342857142857 0.788116 0.26354428571428573 0.792996
3 0.38107857142857143 0.23138000000000003 0.3748585714285715 0.239808 0.36864 0.257784 0.36542857142857144 0.278008 0.3644257142857143 0.298232 0.36402428571428574 0.3325 0.36362285714285714 0.37744 0.36422571428571426 0.391484 0.3742571428571429 0.460584 0.3804771428571429 0.478 0.38509142857142853 0.48305600000000004 0.3893042857142857 0.47856000000000004 0.39592571428571427 0.472944 0.4079628571428571 0.460584 0.41398285714285715 0.449912 0.4272242857142857 0.438112 0.4368542857142857 0.42744 0.44267285714285715 0.42238400000000004 0.44167 0.39878800000000003 0.4366542857142857 0.362836 0.4298328571428571 0.32912800000000003 0.42261 0.293736 0.41578857142857145 0.26677199999999995 0.4113742857142857 0.253288 0.40535571428571426 0.242052 0.39833285714285716 0.234752 0.38990714285714284 0.22913200000000003
3 0.3239414285714286 0.324848 0.3170871428571429 0.32906399999999997 0.31290714285714283 0.341704 0.3109 0.36791999999999997 0.30989714285714287 0.39086 0.31140142857142855 0.418012 0.31457857142857143 0.4461 0.3174214285714285 0.46342 0.32210285714285714 0.483084 0.3284557142857143 0.501808 0.33414 0.507896 0.3389285714285714 0.5104 0.3418314285714286 0.51164 0.3535342857142857 0.503212 0.3597214285714286 0.498532 0.3725285714285714 0.47988000000000003 0.3734314285714286 0.47372 0.3739328571428572 0.459208 0.37092285714285717 0.437204 0.3660742857142857 0.406776 0.36306571428571427 0.389924 0.35253142857142855 0.364644 0.3438371428571429 0.344512 0.3363142857142857 0.332808 0.32929142857142857 0.32438
3 0.30336857142857143 0.7338279999999999 0.2972142857142857 0.7549560000000001 0.2924542857142857 0.78454 0.2902485714285714 0.8193280000000001 0.2915257142857143 0.856716 0.2929185714285714 0.8797959999999999 0.2968671428571429 0.9077559999999999 0.3008142857142857 0.916208 0.3058071428571429 0.912308 0.31346999999999997 0.893776 0.31834714285714283 0.868416 0.32368714285714284 0.84696 0.3277514285714286 0.831032 0.3316985714285714 0.8229040000000001 0.33460142857142855 0.8164 0.3332085714285714 0.78454 0.3343685714285714 0.7640600000000001 0.3289128571428571 0.747804 0.3222942857142857 0.733176 0.3206685714285714 0.731876 0.3179985714285714 0.723424 0.3137014285714286 0.7244 0.3096385714285714 0.726024 0.30650285714285713 0.7279760000000001
3 0.16636428571428571 0.6259239999999999 0.16058571428571428 0.643452 0.16107142857142856 0.66232 0.16732714285714284 0.6906439999999999 0.17069857142857145 0.7203039999999999 0.17431000000000002 0.737156 0.1791242857142857 0.7607520000000001 0.1822542857142857 0.761424 0.19092142857142858 0.75064 0.19621857142857144 0.733112 0.1967 0.7270439999999999 0.2017557142857143 0.723 0.21283142857142856 0.700756 0.22005428571428573 0.6845760000000001 0.22125714285714285 0.679856 0.21547999999999998 0.661656 0.21018285714285714 0.634016 0.20657142857142857 0.625252 0.1967 0.6151399999999999 0.18731 0.612444 0.17960571428571429 0.612444 0.17190142857142857 0.6178359999999999
3 0.4832871428571429 0.143396 0.4832871428571429 0.164464 0.4828685714285714 0.198012 0.4811971428571429 0.224152 0.4796642857142857 0.239756 0.48356571428571427 0.262776 0.4881628571428571 0.287352 0.4912285714285714 0.3092 0.49554714285714285 0.338456 0.49889142857142854 0.34626 0.5002842857142857 0.34626 0.5046042857142857 0.33923600000000004 0.5087842857142857 0.33728800000000003 0.5143571428571428 0.331436 0.5170042857142857 0.32324400000000003 0.5165857142857143 0.301004 0.5144957142857143 0.251852 0.5096200000000001 0.21128000000000002 0.5066942857142858 0.196452 0.5018171428571429 0.174996 0.4969414285714286 0.159392 0.4913671428571429 0.147688 0.4871871428571429 0.142228 0.48440142857142854 0.139496