0 0.5903019586507072 0.2539795918367347 0.5871926006528836 0.255734693877551 0.5859820457018499 0.26003673469387756 0.5870321001088139 0.26476326530612243 0.5878808487486399 0.2659755102040816 0.5913112078346028 0.2658530612244898 0.5930495103373232 0.2659755102040816 0.593936343852013 0.2654285714285714 0.5938166485310119 0.26257959183673474 0.592886289445049 0.2603387755102041 0.5919994559303591 0.2579755102040816 0.5917165397170838 0.25658367346938776
0 0.5346735582154516 0.2573061224489796 0.533430359085963 0.25918775510204084 0.5328971708378673 0.26169795918367345 0.5336289445048966 0.26264081632653064 0.5354080522306855 0.26216734693877547 0.5371844396082699 0.261069387755102 0.5364526659412405 0.25887346938775513
3 0.5115560391730142 0.4439224489795918 0.5093852013057671 0.4508693877551021 0.5109766050054406 0.4751836734693878 0.5132916213275299 0.4960204081632653 0.5213928182807399 0.505138775510204 0.5283378672470076 0.5153428571428571 0.5351387377584331 0.5166448979591837 0.5429515778019587 0.5103469387755102 0.5556828073993472 0.4875551020408163 0.55958922742111 0.4803918367346939 0.5594450489662677 0.4602040816326531 0.5579978237214362 0.45217142857142856 0.554670837867247 0.4463102040816327 0.5506175190424374 0.4408857142857143 0.5445429815016322 0.43849795918367346 0.528917301414581 0.43871428571428567 0.5127121871599565 0.43979999999999997
3 0.6260337323177367 0.408865306122449 0.6204787812840044 0.41277142857142857 0.6173531011969532 0.4172 0.6084983677910772 0.4304857142857143 0.6046789989118607 0.4403836734693878 0.602943416757345 0.4482 0.6067627856365615 0.45627346938775504 0.610233949945593 0.47320816326530607 0.6216947769314471 0.4898775510204082 0.6295076169749728 0.49691020408163267 0.6390560391730141 0.5018612244897959 0.6477366702937976 0.49873469387755104 0.653639825897715 0.4904 0.6487785636561479 0.46825714285714287 0.6427013057671382 0.4445510204081633 0.6392301414581066 0.4343918367346939 0.6343688792165397 0.420065306122449 0.631069096844396 0.41355510204081636
0 0.4360690968443961 0.28506530612244896 0.43423830250272033 0.2882040816326531 0.4343253536452666 0.2913387755102041 0.4350217627856366 0.29382448979591835 0.4360690968443961 0.2943469387755102 0.4375489662676823 0.29199183673469387 0.439727965179543 0.2900326530612245 0.44007616974972796 0.288465306122449 0.4376360174102285 0.2871551020408163
3 0.4369695321001088 0.30057142857142854 0.4330522306855278 0.2948571428571429 0.43453754080522305 0.2779142857142857 0.4446055495103373 0.2617632653061225 0.45780195865070733 0.2542122448979592 0.47221164309031555 0.2544693877551021 0.48401795429815014 0.26384897959183673 0.4925244831338411 0.28260408163265305 0.49478237214363435 0.294065306122449 0.48315016322089227 0.29615102040816327 0.47377312295973883 0.29953469387755105 0.4642247007616975 0.3003183673469388 0.45658596300326443 0.3016204081632653 0.4520729053318825 0.30214285714285716 0.4454760609357998 0.29797142857142855
0 0.46211643090315563 0.278269387755102 0.46107181719260065 0.2803591836734694 0.4591566920565832 0.2806204081632653 0.45776115342763873 0.27983673469387754 0.4567165397170838 0.2831061224489796 0.45593307943416755 0.2846734693877551 0.4547986942328618 0.2880734693877551 0.4550598476605005 0.29029387755102043 0.45741294885745376 0.2900326530612245 0.4596789989118607 0.29068571428571427 0.4611588683351469 0.29055510204081636 0.4631637649619151 0.2868938775510204 0.46438248095756257 0.2857183673469388 0.46647442872687706 0.2838897959183673 0.46699673558215454 0.2827142857142857 0.46490478781284006 0.2806204081632653 0.4637731229597388 0.27983673469387754
3 0.375405331882481 0.44809387755102037 0.3721055495103373 0.45903673469387757 0.36915397170837866 0.4720612244897959 0.3642927094668118 0.4879510204081633 0.3608215451577802 0.505404081632653 0.3629026115342764 0.5106122448979592 0.37123775843307943 0.5121755102040816 0.3924183895538629 0.5116571428571428 0.4035282916213275 0.5074857142857142 0.40682807399347115 0.5001918367346939 0.4090859630032644 0.48586530612244894 0.4115152339499456 0.477269387755102 0.40838955386289444 0.4754489795918367 0.40387649619151256 0.4665918367346939 0.39936343852013056 0.4566897959183674 0.3962377584330794 0.45408571428571426 0.3892927094668117 0.4467918367346939 0.3856474428726877 0.44418775510204084 0.37939608269858544 0.44288571428571427
3 0.327208922742111 0.34027755102040813 0.3327638737758433 0.34444489795918365 0.33797334058759526 0.3559061224489796 0.34352829162132753 0.360334693877551 0.34960554951033734 0.3600734693877551 0.352208922742111 0.3569469387755102 0.3553346028291621 0.3496530612244898 0.3584602829162133 0.34314285714285714 0.36401523394994556 0.3342857142857143 0.36748639825897716 0.32516734693877547 0.3706120783460283 0.3098 0.3718280739934711 0.30328571428571427 0.3600217627856366 0.29260816326530614 0.34890914036996734 0.28922040816326533 0.3386670293797606 0.31188163265306124 0.327208922742111 0.3335061224489796
3 0.4649591947769315 0.4540571428571429 0.4595402611534276 0.46312244897959187 0.45870783460282916 0.4815632653061224 0.4666240478781284 0.5087591836734694 0.4774591947769315 0.5215755102040815 0.49454298150163223 0.5209510204081632 0.5037078346028292 0.5096979591836734 0.5097497279651795 0.494065306122449 0.51079162132753 0.47687346938775504 0.508917301414581 0.45624489795918366 0.5072497279651795 0.44874285714285717 0.5039173014145811 0.4462408163265306 0.49745919477693146 0.44436326530612247 0.4835010881392818 0.4462408163265306 0.4716240478781284 0.44874285714285717
3 0.43582154515778015 0.4478367346938776 0.42505712731229595 0.45486938775510205 0.41932807399347116 0.4611183673469388 0.41377312295973884 0.47180000000000005 0.4111697497279652 0.4793551020408164 0.40856365614798695 0.49107755102040823 0.40786996735582154 0.4983714285714286 0.41255712731229593 0.505404081632653 0.4189825897714908 0.5132204081632653 0.43200217627856363 0.5145224489795918 0.44571817192600655 0.5137387755102041 0.45057943416757346 0.5061836734693878 0.45648258977149075 0.49472244897959183 0.45804406964091404 0.48586530612244894 0.4592600652883569 0.46684897959183674 0.4601278563656148 0.46294285714285716 0.4590859630032644 0.4613795918367347 0.4549183895538629 0.45408571428571426 0.4502312295973884 0.44913877551020415 0.4467600652883569 0.44835510204081636 0.4422442872687704 0.44939591836734694 0.4392954298150163 0.4478367346938776
3 0.562772034820457 0.43068163265306125 0.55958922742111 0.4367591836734694 0.5578536452665941 0.44023265306122444 0.5566947769314472 0.4460938775510204 0.5566947769314472 0.44913469387755106 0.5587214363438521 0.45325714285714286 0.5591838955386289 0.460465306122449 0.5603998911860719 0.48026122448979597 0.5699483133841132 0.48651428571428573 0.5821001088139283 0.5047469387755102 0.5916485310119696 0.5057918367346939 0.6062323177366703 0.4833877551020408 0.6088384113166486 0.4701020408163265 0.6062323177366703 0.454734693877551 0.5966838955386289 0.43858367346938776 0.5886969532100109 0.43128979591836736 0.5775870511425463 0.4276408163265306 0.5725516866158867 0.4279020408163265 0.5697742110990206 0.42998775510204085
3 0.5050244831338412 0.294065306122449 0.5121436343852014 0.29067755102040815 0.5161371055495103 0.2935428571428571 0.5211697497279651 0.29146122448979594 0.5263792165397171 0.2925020408163265 0.5305467899891186 0.29146122448979594 0.5390533188248096 0.28937551020408164 0.5416566920565833 0.2870326530612245 0.5529434167573449 0.28546938775510206 0.5591920565832427 0.28338367346938775 0.5711724700761698 0.282865306122449 0.5711724700761698 0.27531020408163265 0.5664853101196954 0.2628081632653061 0.5567627856365615 0.24899999999999997 0.5451305767138194 0.23988163265306123 0.5300244831338411 0.24431020408163262 0.518392274211099 0.2523877551020408 0.5100598476605005 0.26671428571428574 0.506240478781284 0.2862530612244898