3 0.523090909090909 0.4980874316939891 0.5057454545454546 0.5024043715846994 0.49563636363636365 0.5078688524590164 0.4905818181818182 0.5403825136612022 0.49349090909090915 0.5881420765027322 0.5050181818181818 0.6207103825136612 0.5187636363636363 0.6315300546448087 0.5353454545454546 0.6283060109289618 0.5512363636363636 0.6152459016393442 0.5562909090909091 0.5913661202185793 0.5512363636363636 0.581639344262295 0.5411272727272728 0.5653551912568305 0.5339272727272728 0.5392896174863387 0.5339272727272728 0.5143715846994535 0.5296 0.4969945355191257
3 0.7837454545454545 0.3754644808743169 0.7657090909090909 0.40256830601092897 0.7462181818181819 0.43295081967213117 0.7368 0.4666120218579235 0.7368 0.5045901639344262 0.7440363636363637 0.5262841530054645 0.7664363636363637 0.5468852459016393 0.7844727272727272 0.5588524590163935 0.7981818181818182 0.5468852459016393 0.8054181818181818 0.51 0.8075636363636364 0.45792349726775955 0.8097454545454545 0.41562841530054645 0.8061454545454545 0.3830601092896175 0.8003636363636364 0.36896174863387976
3 0.8357454545454546 0.3819672131147541 0.8184 0.4080327868852459 0.8054181818181818 0.4514207650273224 0.8039636363636363 0.48612021857923493 0.8133454545454545 0.5078688524590164 0.828509090909091 0.5316939890710383 0.8429454545454546 0.5295628415300546 0.854509090909091 0.4969945355191257 0.8559636363636363 0.4536065573770492 0.8595636363636363 0.4112568306010929 0.8566909090909091 0.3830601092896175
3 0.6747272727272727 0.38846994535519125 0.6588363636363637 0.4340437158469946 0.6472727272727272 0.4612021857923498 0.6400727272727273 0.5078688524590164 0.6465454545454545 0.5382513661202186 0.6501818181818182 0.5512568306010929 0.6739999999999999 0.5555737704918033 0.7122545454545455 0.5642622950819672 0.7288727272727272 0.5436612021857923 0.7303272727272727 0.4969945355191257 0.7274181818181817 0.447103825136612 0.7209454545454546 0.41453551912568304 0.7108363636363636 0.38956284153005466 0.6920363636363637 0.3819672131147541
3 0.2797454545454546 0.5436612021857923 0.27756363636363635 0.5686338797814208 0.2761454545454545 0.6065573770491803 0.28334545454545457 0.641311475409836 0.29058181818181816 0.668415300546448 0.3108 0.6673224043715847 0.3223636363636364 0.65 0.33389090909090907 0.6250273224043715 0.33967272727272724 0.5979234972677596 0.3411272727272727 0.5729508196721311 0.3360727272727273 0.5599453551912569 0.3014181818181818 0.5447540983606557 0.28912727272727273 0.5382513661202186
3 0.3447272727272727 0.566448087431694 0.3447272727272727 0.5935519125683061 0.35774545454545453 0.6424043715846994 0.3815636363636364 0.6586885245901639 0.39021818181818185 0.6434972677595628 0.3996 0.617431693989071 0.4010545454545455 0.5946448087431694 0.39887272727272727 0.5848633879781421 0.3858909090909091 0.5729508196721311 0.36785454545454543 0.5620765027322404 0.3562909090909091 0.5544808743169399
3 0.21694545454545452 0.5403825136612022 0.21043636363636362 0.569672131147541 0.20683636363636365 0.5957377049180328 0.2118909090909091 0.629344262295082 0.21476363636363638 0.6489071038251366 0.2357090909090909 0.6521311475409837 0.25014545454545456 0.6304371584699454 0.2602545454545454 0.617431693989071 0.26890909090909093 0.5968306010928962 0.2754181818181818 0.566448087431694 0.2754181818181818 0.5490710382513662 0.27036363636363636 0.5382513661202186 0.25665454545454547 0.5512568306010929 0.24003636363636366 0.5490710382513662 0.2256 0.5414754098360656
3 0.40465454545454543 0.39934426229508196 0.3866181818181818 0.42863387978142076 0.3729090909090909 0.450327868852459 0.3634909090909091 0.48721311475409834 0.36207272727272727 0.5295628415300546 0.36567272727272726 0.5588524590163935 0.38443636363636363 0.5805464480874317 0.4082909090909091 0.5892349726775956 0.4285090909090909 0.5837704918032787 0.4566545454545454 0.5772677595628415 0.4674909090909091 0.5544808743169399 0.4768727272727272 0.521967213114754 0.4819272727272727 0.48830601092896175 0.4767272727272727 0.44808743169398907 0.47127272727272723 0.4180327868852459 0.45378181818181823 0.3917486338797814 0.4393090909090909 0.38633879781420766 0.42127272727272724 0.38956284153005466
3 0.6464 0.5581967213114755 0.6762181818181818 0.5609289617486339 0.6834909090909091 0.5598360655737705 0.695490909090909 0.5598360655737705 0.7049454545454545 0.5680327868852459 0.7071272727272727 0.5985792349726776 0.7067636363636364 0.6177049180327869 0.7056727272727272 0.6456284153005465 0.7005818181818182 0.6620218579234973 0.6900363636363636 0.6707650273224044 0.6733090909090909 0.6653005464480874 0.6660363636363636 0.6543715846994536 0.6573090909090908 0.6357923497267759 0.6514909090909091 0.6172131147540983 0.6478545454545455 0.6030054644808743 0.6460363636363636 0.5860655737704918 0.6449454545454546 0.5794535519125683 0.6442181818181818 0.5674863387978142
3 0.874109090909091 0.38213114754098365 0.8653818181818181 0.40016393442622955 0.8595636363636363 0.41983606557377046 0.8555636363636364 0.4875956284153006 0.8555636363636364 0.5001639344262295 0.8639272727272728 0.5094535519125684 0.8693818181818183 0.49524590163934423 0.876290909090909 0.4799453551912568 0.8824727272727273 0.45480874316939895 0.8846545454545455 0.4280327868852459 0.8853818181818182 0.39907103825136614 0.8846545454545455 0.3837704918032787
3 0.5678545454545454 0.5848633879781421 0.5685818181818182 0.6120218579234973 0.5794181818181818 0.641311475409836 0.6054545454545455 0.6573770491803278 0.6249090909090909 0.6337158469945355 0.6263272727272727 0.5946448087431694 0.6263272727272727 0.5686338797814208 0.6140727272727273 0.5631693989071038 0.5924 0.5740437158469945 0.5736363636363636 0.5772677595628415
3 0.21043636363636362 0.3808743169398907 0.2017818181818182 0.39497267759562843 0.19741818181818183 0.4199453551912568 0.20320000000000002 0.4622950819672131 0.20752727272727273 0.48398907103825134 0.2133090909090909 0.51 0.22341818181818182 0.5403825136612022 0.23716363636363635 0.5501639344262296 0.2573818181818182 0.5490710382513662 0.27036363636363636 0.5327868852459017 0.2754181818181818 0.4948087431693989 0.2754181818181818 0.45683060109289614 0.2674909090909091 0.42972677595628417 0.24654545454545454 0.4058469945355191 0.23279999999999998 0.390655737704918
3 0.5555636363636364 0.4015300546448088 0.5411272727272728 0.4373224043715847 0.5339272727272728 0.4622950819672131 0.5332 0.51 0.5353454545454546 0.5436612021857923 0.5404000000000001 0.5729508196721311 0.5534181818181818 0.5827322404371584 0.5873454545454546 0.5729508196721311 0.6104363636363637 0.566448087431694 0.6328363636363636 0.5523497267759563 0.6422181818181819 0.5208743169398907 0.6444000000000001 0.49371584699453547 0.6422181818181819 0.45469945355191255 0.6227272727272727 0.41885245901639345 0.6017818181818182 0.39606557377049184 0.5801090909090909 0.3917486338797814
3 0.16276363636363636 0.39606557377049184 0.15410909090909092 0.4080327868852459 0.14905454545454547 0.43950819672131153 0.15265454545454543 0.4709289617486339 0.1569818181818182 0.5002732240437159 0.16567272727272728 0.5197814207650273 0.18516363636363636 0.5349726775956285 0.2118909090909091 0.5349726775956285 0.21258181818181818 0.5230601092896174 0.20683636363636365 0.4698907103825136 0.19454545454545455 0.44163934426229506 0.1873090909090909 0.4199453551912568 0.17145454545454544 0.4015300546448088
3 0.7166545454545455 0.5619125683060109 0.7195636363636363 0.5804918032786885 0.7337454545454546 0.6007103825136613 0.7515636363636364 0.6198360655737706 0.7690181818181818 0.6253005464480875 0.7792 0.6143715846994536 0.7813818181818182 0.5908743169398907 0.7799272727272727 0.5679234972677596 0.7690181818181818 0.550983606557377 0.7537454545454545 0.5416939890710383 0.7384727272727273 0.5416939890710383 0.7301090909090909 0.5449726775956284 0.7242909090909091 0.552622950819672
3 0.29563636363636364 0.4036612021857924 0.2840727272727273 0.42644808743169405 0.2782909090909091 0.45792349726775955 0.27323636363636367 0.48830601092896175 0.27323636363636367 0.5251912568306011 0.28334545454545457 0.5349726775956285 0.30069090909090906 0.5501639344262296 0.3266909090909091 0.5599453551912569 0.34690909090909094 0.5631693989071038 0.3584363636363636 0.5566666666666666 0.36061818181818184 0.5273770491803279 0.36061818181818184 0.4926775956284153 0.3634909090909091 0.4612021857923498 0.36061818181818184 0.4308196721311476 0.3411272727272727 0.4080327868852459 0.3281090909090909 0.39715846994535525 0.3115272727272727 0.3939344262295082