3 0.05236 0.2356111111111111 0.0402 0.2603888888888889 0.028 0.35544444444444445 0.03736 0.3892777777777777 0.04864 0.4361666666666667 0.06456 0.4791111111111111 0.07579999999999999 0.5051666666666667 0.09176000000000001 0.5155555555555555 0.11144 0.4960555555555556 0.11612 0.4635 0.1358 0.4231111111111111 0.14708000000000002 0.4153333333333334 0.16208 0.3762777777777778 0.15175999999999998 0.3385 0.12079999999999999 0.3085555555555555 0.09924 0.2838333333333333 0.08988 0.24605555555555556 0.06831999999999999 0.22261111111111112
3 0.29708 0.46088888888888885 0.2858 0.4726111111111111 0.27644 0.5351111111111111 0.26988 0.5923888888888889 0.268 0.6497222222222222 0.26236000000000004 0.6952777777777778 0.26236000000000004 0.7486666666666666 0.27736 0.7603888888888889 0.2858 0.7695 0.32048000000000004 0.7577777777777778 0.34392 0.7512777777777777 0.36363999999999996 0.7408333333333333 0.3758 0.7096111111111111 0.37112 0.6613888888888889 0.37207999999999997 0.6471111111111111 0.37112 0.6106111111111111 0.35424 0.6093333333333334 0.32236000000000004 0.5923888888888889 0.3102 0.5741666666666666 0.30456 0.5572222222222222 0.298 0.5195000000000001 0.29892 0.4934444444444444
3 0.8258 0.35805555555555557 0.80892 0.38666666666666666 0.808 0.4218333333333334 0.80892 0.46477777777777773 0.82112 0.47 0.84364 0.4921666666666667 0.85956 0.4999444444444444 0.8707999999999999 0.5064444444444445 0.89332 0.49472222222222223 0.90736 0.46611111111111114 0.9102 0.4387777777777778 0.9158 0.39055555555555554 0.91864 0.3411111111111111 0.9176799999999999 0.29294444444444445 0.90924 0.2812222222222222 0.8952 0.2916111111111111 0.87736 0.3163888888888889 0.85488 0.32805555555555554 0.8333200000000001 0.3385
3 0.19488 0.2851111111111111 0.16391999999999998 0.3215555555555556 0.15832 0.3358888888888889 0.15080000000000002 0.39711111111111114 0.14892 0.4505 0.163 0.5286111111111111 0.17708000000000002 0.5494444444444445 0.20144 0.5598333333333333 0.22863999999999998 0.5572222222222222 0.25676 0.5389999999999999 0.27268000000000003 0.5025555555555555 0.2802 0.46872222222222226 0.28956 0.4296666666666667 0.29612 0.3801666666666667 0.28676 0.35150000000000003 0.26892 0.34500000000000003 0.24736000000000002 0.32416666666666666 0.22391999999999998 0.29294444444444445 0.19488 0.27727777777777773
3 0.56612 0.6236666666666667 0.568 0.6627222222222222 0.56332 0.7173888888888889 0.57552 0.7642777777777777 0.5933200000000001 0.7707777777777778 0.6214400000000001 0.7512777777777777 0.65332 0.7369444444444445 0.6692400000000001 0.7135 0.67864 0.6835555555555556 0.68236 0.6249444444444444 0.68236 0.5846111111111111 0.67768 0.5025555555555555 0.67392 0.4934444444444444 0.66364 0.513 0.6504800000000001 0.5585555555555556 0.6176799999999999 0.6002222222222222 0.57924 0.6184444444444444
3 0.40112000000000003 0.23044444444444442 0.38048000000000004 0.24083333333333334 0.34864 0.2577777777777778 0.31956 0.30983333333333335 0.3008 0.4387777777777778 0.29892 0.5077777777777778 0.29988 0.5455555555555556 0.30832 0.5832777777777778 0.33736 0.6028333333333333 0.38892000000000004 0.6210555555555556 0.44892000000000004 0.6288888888888889 0.47708 0.6080555555555556 0.48736 0.5820000000000001 0.48736 0.5181666666666667 0.48456 0.45827777777777773 0.4808 0.401 0.47708 0.3423888888888889 0.47143999999999997 0.29294444444444445 0.45552 0.2668888888888889 0.4208 0.2421666666666667
3 0.06924 0.5064444444444445 0.05144 0.5389999999999999 0.01208 0.6106111111111111 0 0.6598333333333333 0 0.7379444444444445 0.00364 0.7616666666666666 0.02332 0.8020555555555556 0.04392 0.7929444444444443 0.06456 0.7369444444444445 0.09268000000000001 0.7213333333333334 0.13391999999999998 0.7187222222222223 0.14048 0.6288888888888889 0.14987999999999999 0.5976111111111111 0.15456 0.5572222222222222 0.1388 0.5455555555555556 0.1152 0.5233333333333333 0.09924 0.5155555555555555 0.08331999999999999 0.5195000000000001 0.07392 0.5012777777777778
3 0.38048000000000004 0.6184444444444444 0.37676 0.6457777777777778 0.37676 0.6900555555555555 0.38332 0.7304444444444443 0.39364 0.7538888888888888 0.40392 0.7772777777777777 0.42924 0.7798888888888889 0.44988 0.7695 0.47236 0.7499444444444445 0.478 0.7252222222222222 0.48363999999999996 0.6731111111111111 0.48363999999999996 0.6353888888888889 0.4808 0.6054444444444445 0.47143999999999997 0.6145555555555556 0.45832 0.6249444444444444 0.40956 0.6210555555555556 0.38332 0.6184444444444444
3 0.5352 0.23955555555555555 0.50612 0.263 0.49207999999999996 0.2942222222222222 0.4808 0.33066666666666666 0.478 0.40361111111111114 0.48644 0.45305555555555554 0.50144 0.5455555555555556 0.508 0.5741666666666666 0.53144 0.5937222222222223 0.5698799999999999 0.6080555555555556 0.6008 0.6093333333333334 0.63552 0.5897777777777777 0.64676 0.5598333333333333 0.65892 0.5325 0.66552 0.48044444444444445 0.6645599999999999 0.4283333333333333 0.6504800000000001 0.3853888888888889 0.6345599999999999 0.3437222222222222 0.61956 0.3007222222222222 0.5886399999999999 0.26555555555555554 0.55864 0.2447222222222222
3 0.69552 0.17705555555555555 0.6795599999999999 0.21222222222222223 0.65332 0.25516666666666665 0.63644 0.2838333333333333 0.6289199999999999 0.3358888888888889 0.6476799999999999 0.36972222222222223 0.6673600000000001 0.3945 0.68612 0.4270555555555556 0.71048 0.4505 0.7302000000000001 0.46222222222222226 0.7583200000000001 0.45305555555555554 0.78924 0.4309444444444444 0.8061200000000001 0.40227777777777773 0.81364 0.3671666666666667 0.80892 0.3202777777777778 0.80144 0.2590555555555556 0.7995599999999999 0.20305555555555554 0.79488 0.1575 0.78644 0.13277777777777777 0.763 0.11583333333333334 0.7433200000000001 0.11716666666666667 0.72924 0.1288888888888889 0.71048 0.14316666666666666
0 0.673 0.6718333333333334 0.67392 0.6952777777777778 0.67864 0.7082777777777778 0.6908 0.6926666666666667 0.68424 0.6692222222222222 0.67864 0.6692222222222222
3 0.17144 0.5481111111111111 0.15832 0.5858888888888889 0.14236000000000001 0.6457777777777778 0.13768 0.6848333333333333 0.13019999999999998 0.7486666666666666 0.16019999999999998 0.7447222222222223 0.18268 0.7213333333333334 0.20236 0.7108888888888889 0.23048 0.7070000000000001 0.24736000000000002 0.6939444444444445 0.26892 0.6497222222222222 0.27364 0.6002222222222222 0.26988 0.5377222222222222 0.27268000000000003 0.5090555555555555 0.25392 0.5389999999999999 0.238 0.5559444444444444 0.18175999999999998 0.5572222222222222 0.15924000000000002 0.5494444444444445
0 0.87736 0.5325 0.8670800000000001 0.5507222222222222 0.86048 0.5676666666666667 0.8764400000000001 0.5702777777777778 0.8876799999999999 0.5533333333333333 0.8895599999999999 0.5389999999999999
3 0.7255199999999999 0.4986666666666667 0.7133200000000001 0.5090555555555555 0.69456 0.5377222222222222 0.68236 0.5598333333333333 0.68048 0.6275555555555555 0.68612 0.6874444444444444 0.7208 0.7161111111111111 0.7433200000000001 0.7343333333333334 0.763 0.7330555555555555 0.79488 0.72 0.8052 0.6991666666666666 0.81736 0.6627222222222222 0.81736 0.6106111111111111 0.80236 0.5663888888888889 0.778 0.526 0.75176 0.5051666666666667
3 0.4958 0.5429444444444445 0.49392 0.5676666666666667 0.49019999999999997 0.641888888888889 0.48644 0.6887777777777778 0.48268 0.7317222222222223 0.48924 0.7512777777777777 0.5202 0.7512777777777777 0.538 0.7408333333333333 0.55392 0.7173888888888889 0.56144 0.6822222222222222 0.56424 0.6223333333333333 0.5558 0.6067222222222222 0.53332 0.5911111111111111 0.5145599999999999 0.5820000000000001 0.5052 0.5624444444444444