3 0.3312888888888889 0.46111111111111114 0.32626666666666665 0.46111111111111114 0.2962666666666667 0.47409722222222217 0.2846222222222223 0.48326388888888894 0.27711111111111114 0.5079861111111111 0.2729333333333333 0.5379166666666666 0.27213333333333334 0.5809027777777778 0.2788 0.6160416666666666 0.28959999999999997 0.6538194444444445 0.30462222222222224 0.6968055555555556 0.31711111111111107 0.7084722222222222 0.3371111111111111 0.6954861111111111 0.3579555555555556 0.668125 0.37293333333333334 0.62125 0.3788 0.5782638888888889 0.3804444444444444 0.5197222222222222 0.37626666666666664 0.5014583333333333 0.3604444444444444 0.48972222222222217 0.34626666666666667 0.47930555555555554 0.3354666666666667 0.46499999999999997
3 0.7679555555555555 0.4819444444444445 0.7571111111111111 0.5379166666666666 0.7571111111111111 0.5834722222222222 0.7687999999999999 0.6186805555555556 0.7954666666666667 0.6603472222222222 0.8088 0.6694444444444445 0.8304444444444444 0.6694444444444445 0.8437777777777777 0.6472916666666666 0.8412888888888889 0.5718055555555556 0.8354666666666666 0.5288194444444445 0.8288 0.4871527777777778 0.8129333333333333 0.46368055555555554 0.8021333333333333 0.46111111111111114 0.7779555555555555 0.47673611111111114
3 0.19626666666666664 0.4559027777777778 0.18546666666666664 0.48847222222222225 0.17546666666666666 0.5365972222222222 0.17213333333333333 0.5913194444444445 0.1746222222222222 0.6472916666666666 0.19377777777777777 0.6642361111111111 0.22044444444444444 0.6538194444444445 0.23462222222222223 0.636875 0.25044444444444447 0.6108333333333333 0.26795555555555556 0.5782638888888889 0.2712888888888889 0.5261805555555555 0.2571111111111111 0.49888888888888894 0.23546666666666666 0.47673611111111114 0.2188 0.46763888888888894
3 0.5162666666666667 0.49236111111111114 0.5137777777777778 0.5522222222222222 0.5196 0.6173611111111111 0.5279555555555556 0.6876388888888889 0.5404444444444444 0.7202083333333333 0.5621333333333334 0.7475694444444445 0.5796 0.7514583333333333 0.6079555555555555 0.7358333333333333 0.6221333333333333 0.6941666666666666 0.6329333333333333 0.6329861111111111 0.6362666666666666 0.5938888888888889 0.6362666666666666 0.5379166666666666 0.6262666666666666 0.4975694444444445 0.6079555555555555 0.49624999999999997 0.5662666666666667 0.49493055555555554 0.5496 0.48972222222222217 0.5288 0.48451388888888886
3 0.3779555555555556 0.261875 0.3546222222222222 0.27229166666666665 0.33462222222222227 0.30875 0.3179555555555556 0.3803472222222222 0.3237777777777778 0.42333333333333334 0.33213333333333334 0.45326388888888886 0.3604444444444444 0.49624999999999997 0.40213333333333334 0.5093055555555556 0.44377777777777777 0.5093055555555556 0.4829333333333333 0.49888888888888894 0.49546666666666667 0.47284722222222225 0.5021333333333333 0.42465277777777777 0.5029333333333333 0.38166666666666665 0.4979555555555556 0.32569444444444445 0.4804444444444444 0.293125 0.4537777777777778 0.26708333333333334 0.40959999999999996 0.2488888888888889
3 0.05577777777777778 0.3804166666666667 0.04888888888888889 0.42916666666666664 0.05288888888888889 0.4673611111111111 0.06177777777777778 0.5041666666666667 0.0772 0.5097222222222223 0.09573333333333332 0.510625 0.1096 0.49618055555555557 0.10844444444444444 0.46090277777777783 0.10324444444444444 0.42833333333333334 0.0876 0.4075 0.06853333333333333 0.3885416666666667
3 0.12626666666666667 0.354375 0.10546666666666667 0.41555555555555557 0.10711111111111112 0.45201388888888894 0.11128888888888888 0.48847222222222225 0.11955555555555555 0.5076388888888889 0.12355555555555556 0.5222222222222223 0.14133333333333334 0.5180555555555555 0.16377777777777777 0.5145138888888889 0.19462222222222222 0.4754166666666666 0.18711111111111112 0.4428472222222222 0.17959999999999998 0.40770833333333334 0.16879999999999998 0.386875 0.15462222222222222 0.3699305555555556
3 0.21208888888888888 0.27881944444444445 0.19462222222222222 0.29444444444444445 0.17795555555555556 0.3334722222222222 0.17377777777777778 0.38951388888888894 0.1829333333333333 0.42333333333333334 0.2071111111111111 0.4663194444444445 0.2296 0.48326388888888894 0.27044444444444443 0.4819444444444445 0.30128888888888894 0.4702083333333333 0.3204444444444444 0.44937499999999997 0.32462222222222226 0.41555555555555557 0.3212888888888889 0.37645833333333334 0.3104444444444444 0.3438888888888889 0.2962666666666667 0.31138888888888894 0.27626666666666666 0.2918055555555556 0.25377777777777777 0.2813888888888889
3 0.3904444444444444 0.5145138888888889 0.3879555555555556 0.5457638888888889 0.3871111111111111 0.5861111111111111 0.3871111111111111 0.6225694444444445 0.40044444444444444 0.6824305555555555 0.41377777777777774 0.730625 0.43213333333333337 0.7579861111111111 0.4537777777777778 0.7645138888888889 0.4754666666666667 0.7566666666666666 0.49128888888888894 0.7163194444444445 0.4996 0.6733333333333333 0.5054666666666667 0.6173611111111111 0.5079555555555556 0.55875 0.5095999999999999 0.5157638888888889 0.5054666666666667 0.47930555555555554 0.49128888888888894 0.48062499999999997 0.4779555555555556 0.49368055555555557 0.4504444444444444 0.5053472222222222 0.4162666666666667 0.5079861111111111
3 0.5471111111111111 0.27493055555555557 0.5288 0.31527777777777777 0.5221333333333333 0.3699305555555556 0.5212888888888889 0.40513888888888894 0.5288 0.4597916666666666 0.5437777777777778 0.48451388888888886 0.5996 0.49888888888888894 0.6671111111111111 0.49888888888888894 0.6804444444444444 0.48972222222222217 0.6904444444444444 0.45722222222222225 0.6937777777777777 0.41555555555555557 0.6954666666666666 0.3647222222222222 0.6904444444444444 0.3048611111111111 0.6829333333333333 0.2775 0.6537777777777778 0.23972222222222225 0.6329333333333333 0.23972222222222225 0.5854666666666666 0.24625 0.5688 0.25145833333333334
3 0.9346222222222221 0.355625 0.9204444444444444 0.3959722222222222 0.9054666666666666 0.4220138888888889 0.8954666666666666 0.44805555555555554 0.8954666666666666 0.46763888888888894 0.9104444444444444 0.4858333333333333 0.9354666666666667 0.49624999999999997 0.9462666666666667 0.48847222222222225 0.9537777777777777 0.45201388888888894 0.9562666666666666 0.39729166666666665 0.9554666666666666 0.36868055555555557
3 0.8687555555555555 0.34395833333333337 0.8521333333333333 0.3647222222222222 0.8371111111111111 0.38430555555555557 0.8237777777777777 0.4115972222222222 0.8204444444444444 0.44027777777777777 0.8246222222222221 0.48326388888888894 0.8404444444444444 0.5105555555555555 0.8629333333333333 0.5249305555555556 0.8787999999999999 0.5131944444444445 0.8871111111111111 0.4754166666666666 0.8929333333333334 0.4376388888888889 0.8962666666666667 0.355625 0.8871111111111111 0.33222222222222225
3 0.7337777777777778 0.291875 0.7046222222222221 0.3386805555555556 0.6996 0.38166666666666665 0.6996 0.42333333333333334 0.7096 0.44805555555555554 0.7346222222222222 0.4663194444444445 0.7704444444444444 0.47673611111111114 0.7937777777777778 0.47673611111111114 0.8088 0.4559027777777778 0.8162666666666667 0.4324305555555556 0.8229333333333333 0.38951388888888894 0.8271111111111111 0.33743055555555557 0.8262666666666667 0.29444444444444445 0.8096 0.26319444444444445 0.7988 0.25930555555555557 0.7587999999999999 0.27229166666666665
3 0.6354222222222222 0.5027777777777778 0.6354666666666666 0.5301388888888889 0.6362666666666666 0.5704861111111111 0.6554666666666666 0.6447222222222222 0.6829333333333333 0.6785416666666666 0.7137777777777777 0.6968055555555556 0.7346222222222222 0.6798611111111111 0.7421333333333333 0.6343055555555556 0.7512888888888889 0.6082638888888889 0.7529333333333333 0.5483333333333333 0.7462666666666666 0.5066666666666666 0.7296 0.4754166666666666 0.7104444444444444 0.4597916666666666 0.6921333333333333 0.46111111111111114 0.6804444444444444 0.4858333333333333 0.6621333333333332 0.5053472222222222 0.6387999999999999 0.5040972222222222