3 0.65136 0.4001212121212121 0.64032 0.4294545454545455 0.6299199999999999 0.4755757575757576 0.6313200000000001 0.5059393939393939 0.6368400000000001 0.5331515151515152 0.64236 0.5530909090909091 0.6804 0.5656363636363636 0.7004400000000001 0.5687878787878787 0.71704 0.5572727272727273 0.7288 0.5363030303030303 0.73572 0.5059393939393939 0.7329199999999999 0.4713939393939394 0.72396 0.43472727272727274 0.71704 0.4095757575757576 0.70736 0.38969696969696965 0.6997599999999999 0.3823636363636364 0.68248 0.38127272727272726 0.67004 0.38969696969696965
3 0.42392 0.598121212121212 0.426 0.616969696969697 0.42807999999999996 0.6410303030303031 0.42876 0.6672727272727272 0.43360000000000004 0.6839999999999999 0.44051999999999997 0.6934545454545454 0.4564 0.7007878787878787 0.47716000000000003 0.6881818181818181 0.48819999999999997 0.6556969696969697 0.49236 0.6253333333333334 0.49512 0.6023030303030302 0.49788 0.5824242424242424 0.49860000000000004 0.5635757575757575 0.4972 0.5604242424242424 0.49304000000000003 0.5750909090909091 0.48408 0.5866060606060607 0.46472 0.5949696969696969 0.44604000000000005 0.5970909090909091 0.43151999999999996 0.596
3 0.14324 0.4022424242424243 0.13563999999999998 0.4273939393939394 0.13219999999999998 0.4504242424242424 0.13704 0.48078787878787876 0.14324 0.5143030303030303 0.15224000000000001 0.5519999999999999 0.16191999999999998 0.5761212121212121 0.17643999999999999 0.5824242424242424 0.19028 0.5656363636363636 0.1958 0.5478181818181819 0.19028 0.49757575757575756 0.18819999999999998 0.47345454545454546 0.18819999999999998 0.45145454545454544 0.17576 0.4294545454545455 0.16744 0.4137575757575757 0.15916 0.40436363636363637
3 0.58292 0.6054545454545455 0.585 0.6232727272727273 0.5884400000000001 0.6452727272727272 0.5926 0.6683030303030303 0.5995199999999999 0.6881818181818181 0.61612 0.6955151515151515 0.63616 0.6913333333333332 0.64928 0.6630303030303031 0.65412 0.6421212121212121 0.65688 0.6127878787878788 0.66172 0.5855151515151515 0.66452 0.5709090909090909 0.66588 0.5624848484848485 0.65828 0.5593333333333333 0.64928 0.5551515151515151 0.64236 0.5519999999999999 0.63476 0.5562424242424242 0.63476 0.5666666666666667 0.6334 0.5834545454545454 0.6271599999999999 0.5897575757575758 0.60368 0.5991515151515151 0.5974400000000001 0.5991515151515151
3 0.12944 0.4483030303030303 0.1232 0.4462424242424242 0.11628 0.4389090909090909 0.11424 0.44521212121212117 0.11216 0.45987878787878783 0.11284000000000001 0.5017575757575758 0.117 0.5269090909090909 0.11907999999999999 0.5467878787878788 0.12528 0.5583030303030303 0.13288 0.5709090909090909 0.13844 0.5687878787878787 0.14396 0.5666666666666667 0.14880000000000002 0.5604242424242424 0.15156 0.550969696969697 0.14604 0.528969696969697 0.1412 0.504909090909091 0.13772 0.48078787878787876 0.13496 0.4567272727272727
3 0.7620399999999999 0.4035757575757576 0.75512 0.4109090909090909 0.7468400000000001 0.4318787878787879 0.7371599999999999 0.45284848484848483 0.7343999999999999 0.4748484848484848 0.7350800000000001 0.4978787878787879 0.73648 0.524060606060606 0.7371599999999999 0.5376969696969697 0.75376 0.5627878787878788 0.76688 0.5806060606060606 0.78692 0.5764242424242424 0.80212 0.5418787878787878 0.81112 0.5041818181818182 0.81044 0.4633333333333334 0.80836 0.4235151515151515 0.80904 0.39836363636363636 0.80836 0.3743030303030303 0.80492 0.3616969696969697 0.79384 0.3575151515151515 0.78208 0.3700606060606061 0.77516 0.38266666666666665
3 0.66932 0.574 0.66728 0.5928484848484848 0.66588 0.6264242424242424 0.67004 0.6630303030303031 0.67348 0.685030303030303 0.68732 0.7175151515151516 0.70184 0.7269696969696969 0.7232799999999999 0.7143636363636364 0.735 0.6735151515151515 0.73572 0.6410303030303031 0.7363999999999999 0.6044242424242424 0.735 0.5834545454545454 0.735 0.5562424242424242 0.735 0.5363030303030303 0.7343200000000001 0.5227272727272727 0.73156 0.5394545454545455 0.72188 0.5541212121212121 0.69768 0.5666666666666667 0.6804 0.5709090909090909 0.6736 0.5666666666666667
3 0.19856000000000001 0.35824242424242425 0.19440000000000002 0.38127272727272726 0.19028 0.4200606060606061 0.18819999999999998 0.464060606060606 0.18956 0.4933939393939394 0.19856000000000001 0.5363030303030303 0.20548 0.5604242424242424 0.2124 0.5709090909090909 0.229 0.571939393939394 0.24348 0.5541212121212121 0.25732 0.5363030303030303 0.26080000000000003 0.5059393939393939 0.26216 0.46721212121212125 0.26080000000000003 0.43472727272727274 0.2518 0.40436363636363637 0.24004 0.3792121212121212 0.2276 0.3624242424242424 0.22 0.3561818181818182
3 0.19096000000000002 0.574 0.19304 0.5918181818181818 0.19440000000000002 0.6211515151515151 0.19512000000000002 0.6556969696969697 0.19788 0.6934545454545454 0.2048 0.707030303030303 0.229 0.7081212121212122 0.23796 0.6735151515151515 0.24212 0.6326666666666667 0.25316 0.5991515151515151 0.25596 0.5782424242424242 0.25664 0.550969696969697 0.2518 0.5467878787878788 0.24072 0.5572727272727273 0.21932 0.5709090909090909 0.2048 0.5635757575757575 0.19924 0.550969696969697 0.18752000000000002 0.5593333333333333
3 0.73488 0.5572121212121212 0.73584 0.5768484848484849 0.7420800000000001 0.6088484848484849 0.7487999999999999 0.6350303030303031 0.76176 0.6597575757575758 0.7776000000000001 0.6808484848484848 0.7924800000000001 0.6786666666666666 0.80304 0.6495757575757576 0.8064 0.6124848484848485 0.80496 0.5819393939393939 0.80112 0.5557575757575758 0.80064 0.5513939393939394 0.79344 0.5666666666666667 0.7833600000000001 0.5753939393939393 0.76848 0.5768484848484849 0.7584 0.5637575757575757 0.7487999999999999 0.5506666666666666 0.7392000000000001 0.5419393939393939 0.73584 0.5397575757575758
3 0.15088 0.5604242424242424 0.15088 0.5813333333333334 0.1474 0.6232727272727273 0.14256 0.6567878787878788 0.14808000000000002 0.6766666666666667 0.1626 0.6756363636363637 0.18059999999999998 0.6567878787878788 0.19096000000000002 0.6295151515151516 0.19236 0.6054545454545455 0.19236 0.5792727272727273 0.18819999999999998 0.5698181818181818 0.18268 0.572969696969697 0.1702 0.5771515151515152 0.16056 0.5687878787878787
3 0.8064 0.611030303030303 0.81312 0.6233939393939394 0.8188799999999999 0.6488484848484849 0.82848 0.6757575757575758 0.83712 0.6713939393939394 0.84672 0.6524848484848484 0.8481599999999999 0.621939393939394 0.84336 0.5972121212121213 0.83712 0.5783030303030303 0.8294400000000001 0.5623030303030303 0.81792 0.5535757575757576 0.8088 0.5426666666666667 0.80736 0.5419393939393939 0.8025599999999999 0.5477575757575758 0.8016 0.5623030303030303 0.80448 0.5943030303030303
3 0.5248400000000001 0.40436363636363637 0.52208 0.41169696969696973 0.52 0.4200606060606061 0.5165599999999999 0.4294545454545455 0.51104 0.4504242424242424 0.50828 0.4713939393939394 0.50688 0.4954545454545455 0.5048 0.5363030303030303 0.5048 0.5687878787878787 0.50756 0.5844848484848485 0.5442 0.598121212121212 0.576 0.6001818181818181 0.60576 0.5991515151515151 0.6327999999999999 0.5866666666666667 0.636 0.5418181818181819 0.6299199999999999 0.47454545454545455 0.6250800000000001 0.44206060606060604 0.62164 0.41903030303030303 0.61888 0.4001212121212121 0.6050399999999999 0.36872727272727274 0.59124 0.3624242424242424 0.57808 0.3592727272727273 0.5622 0.36454545454545456 0.54352 0.37503030303030305 0.5386799999999999 0.3792121212121212
3 0.83388 0.40327272727272734 0.8276399999999999 0.4232121212121212 0.81104 0.4535757575757576 0.81104 0.4567272727272727 0.809 0.4797575757575757 0.809 0.504909090909091 0.80828 0.5352727272727272 0.81384 0.549939393939394 0.82904 0.5624848484848485 0.84492 0.5666666666666667 0.8622000000000001 0.5426060606060606 0.87052 0.4860606060606061 0.8697999999999999 0.464060606060606 0.86636 0.4367878787878787 0.86152 0.4127272727272727 0.85324 0.3959393939393939 0.84492 0.38969696969696965 0.8408 0.38969696969696965
3 0.25524 0.5519999999999999 0.25524 0.5803030303030303 0.258 0.6023030303030302 0.258 0.6253333333333334 0.258 0.6504848484848484 0.25596 0.682969696969697 0.25872 0.7018181818181818 0.26908 0.729030303030303 0.2836 0.7300606060606061 0.30363999999999997 0.7091515151515152 0.31607999999999997 0.6756363636363637 0.32439999999999997 0.6473333333333333 0.3292 0.6221818181818182 0.33127999999999996 0.596 0.33268000000000003 0.5656363636363636 0.32992 0.5635757575757575 0.31264 0.5541212121212121 0.30019999999999997 0.5489090909090909 0.28704 0.5457575757575758 0.27116 0.5415757575757576 0.258 0.5404848484848486
3 0.2912 0.3603636363636364 0.27392 0.3907272727272727 0.26008 0.4535757575757576 0.26008 0.4860606060606061 0.26216 0.5164242424242423 0.26839999999999997 0.5321212121212121 0.29328 0.550969696969697 0.32783999999999996 0.5624848484848485 0.34304 0.5614545454545454 0.361 0.5415757575757576 0.36656 0.5153939393939394 0.36724 0.4682424242424243 0.35963999999999996 0.4221212121212122 0.3512 0.3915151515151515 0.34304 0.3624242424242424 0.32644 0.34987878787878784 0.31124 0.34884848484848485
3 0.33336 0.5709090909090909 0.34027999999999997 0.6064848484848484 0.34996 0.64 0.35204 0.6651515151515152 0.35896 0.6923636363636363 0.36724 0.7091515151515152 0.3866 0.7143636363636364 0.40044 0.6944848484848485 0.4108 0.6630303030303031 0.41631999999999997 0.6243030303030304 0.41772000000000004 0.6044242424242424 0.4108 0.5949696969696969 0.39352 0.5866060606060607 0.379 0.571939393939394 0.37068 0.5614545454545454 0.36584 0.5415757575757576 0.36584 0.5404848484848486 0.35756 0.5551515151515151 0.34512 0.5604242424242424
3 0.50344 0.5184848484848484 0.50136 0.5184848484848484 0.50136 0.5457575757575758 0.50068 0.5604242424242424 0.5027200000000001 0.5866060606060607 0.50756 0.6264242424242424 0.5137999999999999 0.6556969696969697 0.52 0.6766666666666667 0.53592 0.6955151515151515 0.5532 0.6808484848484848 0.56632 0.6463030303030303 0.56912 0.616969696969697 0.5684 0.5991515151515151 0.5546 0.598121212121212 0.53732 0.5897575757575758 0.50828 0.5803030303030303 0.50068 0.5677575757575758 0.50136 0.5551515151515151 0.50412 0.5279393939393939
3 0.39352 0.36975757575757573 0.39004 0.3823636363636364 0.38176 0.41478787878787876 0.37483999999999995 0.440969696969697 0.36448 0.5038181818181818 0.36448 0.530060606060606 0.37 0.5666666666666667 0.38727999999999996 0.5876363636363636 0.42256 0.596 0.44812 0.596 0.473 0.5918181818181818 0.48960000000000004 0.5834545454545454 0.49512 0.5541212121212121 0.49788 0.5143030303030303 0.49927999999999995 0.4682424242424243 0.49651999999999996 0.4326060606060606 0.48544 0.39909090909090905 0.46608 0.37503030303030305 0.44260000000000005 0.36139393939393943 0.42256 0.3603636363636364 0.4108 0.36139393939393943