3 0.7946885245901639 0.32275 0.7867868852459017 0.34840000000000004 0.7778688524590164 0.36955 0.7808524590163934 0.3967 0.798655737704918 0.41174999999999995 0.8233770491803278 0.42534999999999995 0.8382295081967213 0.3967 0.8431475409836067 0.3605 0.8480983606557377 0.32880000000000004 0.8480983606557377 0.30469999999999997 0.8441639344262296 0.28055 0.8332786885245902 0.27449999999999997 0.8174426229508196 0.28809999999999997 0.8055737704918032 0.3107
3 0.18740983606557376 0.37405 0.17655737704918034 0.3786 0.17554098360655737 0.40575000000000006 0.18445901639344262 0.457 0.19927868852459016 0.48719999999999997 0.2339016393442623 0.50375 0.26062295081967213 0.4947 0.28137704918032785 0.46454999999999996 0.2715081967213115 0.4329 0.25468852459016394 0.3967 0.23095081967213113 0.3801
3 0.27249180327868855 0.51735 0.26259016393442625 0.5128 0.2526885245901639 0.51435 0.24577049180327867 0.546 0.24380327868852458 0.59125 0.24675409836065576 0.6304500000000001 0.2507213114754098 0.66065 0.27049180327868855 0.6878 0.3021639344262295 0.6878 0.3199672131147541 0.66815 0.33281967213114755 0.64255 0.3338032786885246 0.6139 0.32688524590163937 0.5852 0.31698360655737706 0.5611 0.3021639344262295 0.55055 0.28829508196721315 0.53395 0.27842622950819673 0.52035
3 0.557344262295082 0.60635 0.5652459016393443 0.6365 0.585016393442623 0.66065 0.6166557377049181 0.6666500000000001 0.6483278688524591 0.6395000000000001 0.6621639344262296 0.6093500000000001 0.6621639344262296 0.5821999999999999 0.6394098360655738 0.5807 0.5949180327868852 0.59425 0.5721639344262295 0.59425 0.5711803278688525 0.5958
3 0.39908196721311473 0.46604999999999996 0.3881967213114754 0.48414999999999997 0.37731147540983606 0.50225 0.37731147540983606 0.55355 0.3891803278688525 0.59125 0.4139016393442623 0.5972999999999999 0.4673114754098361 0.6033 0.5158032786885246 0.59275 0.5237049180327868 0.5596 0.5207213114754098 0.5279 0.5128196721311475 0.48115 0.49206557377049187 0.46305 0.47324590163934427 0.45549999999999996 0.438655737704918 0.451 0.4119344262295082 0.45549999999999996
3 0.17950819672131146 0.457 0.16665573770491804 0.451 0.15180327868852458 0.4525 0.14488524590163934 0.49924999999999997 0.15081967213114755 0.53695 0.16072131147540986 0.5852 0.18049180327868852 0.6139 0.2141311475409836 0.61085 0.23095081967213113 0.59275 0.23885245901639343 0.5611 0.24380327868852458 0.5294 0.24081967213114755 0.49924999999999997 0.22698360655737707 0.49625 0.21114754098360658 0.48564999999999997 0.19334426229508198 0.4706 0.18445901639344262 0.44795
3 0.28931147540983604 0.41325 0.2744590163934426 0.44494999999999996 0.27049180327868855 0.5068 0.28721311475409833 0.5325 0.3031475409836065 0.55805 0.34567213114754103 0.5656 0.3733770491803279 0.5596 0.38324590163934424 0.5234000000000001 0.3733770491803279 0.47509999999999997 0.3615081967213115 0.44645 0.33675409836065573 0.42685
3 0.7027213114754098 0.41325 0.6878688524590164 0.4374 0.6819344262295082 0.457 0.6819344262295082 0.49774999999999997 0.7027213114754098 0.50375 0.7323934426229508 0.4917 0.7551475409836065 0.48115 0.7600983606557378 0.46155 0.765016393442623 0.43439999999999995 0.7688524590163934 0.3875 0.7619672131147541 0.359 0.7481967213114754 0.3515 0.7295081967213115 0.371 0.707672131147541 0.3967
3 0.37731147540983606 0.57015 0.3575409836065574 0.5671 0.32885245901639343 0.57015 0.3199672131147541 0.5852 0.32885245901639343 0.6139 0.3426885245901639 0.66065 0.3575409836065574 0.6893 0.3713770491803279 0.7089 0.38524590163934425 0.7164499999999999 0.4020327868852459 0.6983499999999999 0.4168852459016394 0.6666500000000001 0.4198360655737705 0.62445 0.4139016393442623 0.5958 0.4000655737704918 0.5852 0.3901639344262295 0.57015
3 0.677016393442623 0.5097999999999999 0.6690819672131147 0.5294 0.6690819672131147 0.57615 0.6819344262295082 0.62295 0.6938032786885246 0.6561 0.7234754098360655 0.6666500000000001 0.740295081967213 0.6184000000000001 0.7501967213114754 0.5640999999999999 0.7521639344262295 0.52185 0.7274426229508197 0.5083 0.6829508196721312 0.5113
3 0.10731147540983606 0.35295000000000004 0.09842622950819672 0.368 0.10039344262295083 0.4178 0.11226229508196722 0.44195 0.13599999999999998 0.45399999999999996 0.17737704918032787 0.445 0.18049180327868852 0.41025 0.1597377049180328 0.3846 0.12908196721311474 0.3665
3 0.5484262295081967 0.46755 0.5415081967213115 0.48115 0.5424918032786885 0.5294 0.5454754098360656 0.57165 0.5691803278688524 0.5777 0.618655737704918 0.56865 0.6473442622950819 0.55055 0.6710819672131147 0.5429999999999999 0.676 0.5113 0.676 0.46909999999999996 0.6710819672131147 0.44195 0.6581967213114754 0.4208 0.6344590163934426 0.41325 0.5988524590163935 0.42534999999999995 0.5711803278688525 0.44345 0.5632459016393442 0.44795
3 0.7501967213114754 0.48564999999999997 0.7511803278688525 0.53845 0.7571147540983606 0.5671 0.7689836065573771 0.59275 0.8055737704918032 0.59125 0.8223934426229509 0.546 0.8243606557377049 0.50375 0.8174426229508196 0.46305 0.8095409836065574 0.44195 0.7946885245901639 0.43439999999999995 0.765016393442623 0.42985 0.7630491803278688 0.44195 0.7482295081967213 0.48564999999999997
3 0.4337049180327869 0.6003000000000001 0.4327213114754098 0.6365 0.4396393442622951 0.66365 0.4445901639344262 0.6908 0.46832786885245903 0.7194499999999999 0.4999672131147541 0.72095 0.5227213114754099 0.7194499999999999 0.5395409836065573 0.68325 0.5415081967213115 0.6501 0.5385245901639344 0.59125 0.5336065573770492 0.55805 0.5237049180327868 0.56865 0.5118360655737705 0.58825 0.49206557377049187 0.5972999999999999 0.46534426229508197 0.6033 0.4455737704918033 0.6003000000000001