3 0.43170909090909093 0.5294535519125683 0.43574545454545455 0.5610928961748635 0.44374545454545455 0.6093989071038252 0.45378181818181823 0.6651912568306011 0.46083636363636366 0.6983606557377049 0.4758909090909091 0.7119672131147541 0.4989454545454546 0.6908196721311476 0.5170181818181818 0.629016393442623 0.5200363636363636 0.5701639344262295 0.5180363636363636 0.5233879781420765 0.5200363636363636 0.48120218579234975 0.512 0.49628415300546447 0.4929454545454546 0.5173770491803279 0.46785454545454547 0.5309289617486339 0.43974545454545455 0.5294535519125683
3 0.8412363636363637 0.4495081967213115 0.8492363636363636 0.4751366120218579 0.8663272727272727 0.5007650273224044 0.8773454545454545 0.49628415300546447 0.8964363636363637 0.45551912568306013 0.9034545454545454 0.40426229508196726 0.9044727272727272 0.3544808743169399 0.9034545454545454 0.32131147540983607 0.8884 0.316775956284153 0.8693454545454545 0.3333879781420765 0.8502545454545455 0.36655737704918034 0.8402181818181819 0.3846448087431694 0.8341818181818182 0.4178142076502732 0.8331999999999999 0.4449726775956285
3 0.3955636363636364 0.32278688524590166 0.38756363636363633 0.3574863387978142 0.37952727272727277 0.4284153005464481 0.3775272727272727 0.48721311475409834 0.3915636363636364 0.5083060109289618 0.4277090909090909 0.5279234972677596 0.46785454545454547 0.5279234972677596 0.4989454545454546 0.5173770491803279 0.512 0.49775956284153006 0.5180363636363636 0.45704918032786884 0.5230545454545454 0.3891803278688524 0.5220363636363636 0.34846994535519127 0.4989454545454546 0.303224043715847 0.4658545454545455 0.2745355191256831 0.43574545454545455 0.26999999999999996 0.41865454545454545 0.2881420765027322
3 0.8743636363636363 0.5807103825136611 0.9074545454545455 0.5837158469945355 0.915490909090909 0.5761748633879781 0.9124727272727273 0.5475409836065573 0.8894181818181819 0.521912568306011 0.8753454545454545 0.5068306010928961 0.8562909090909091 0.4826775956284153 0.8522545454545455 0.4826775956284153 0.8432363636363636 0.5053005464480874 0.8392000000000001 0.5128415300546447 0.8442181818181818 0.5430054644808744 0.8512727272727273 0.5656284153005465 0.8592727272727273 0.5807103825136611
3 0.6726181818181818 0.48721311475409834 0.6816363636363636 0.4887431693989071 0.703709090909091 0.49775956284153006 0.7388363636363636 0.49628415300546447 0.7509090909090909 0.48721311475409834 0.756909090909091 0.44797814207650277 0.7579272727272728 0.42535519125683063 0.7518909090909092 0.372568306010929 0.7398545454545454 0.3409289617486339 0.7127636363636364 0.31076502732240435 0.703709090909091 0.3273224043715847 0.698690909090909 0.3544808743169399 0.694690909090909 0.390655737704918 0.6846545454545454 0.4193442622950819 0.6766181818181818 0.42535519125683063 0.6685818181818183 0.4495081967213115 0.6676 0.4615846994535519
3 0.5270545454545454 0.5731693989071038 0.5439999999999999 0.6382513661202186 0.5531636363636364 0.6621857923497269 0.5612 0.6998907103825137 0.5762545454545455 0.7044262295081967 0.6073454545454546 0.660655737704918 0.6173818181818181 0.5731693989071038 0.6184000000000001 0.5233879781420765 0.5963636363636363 0.5218579234972678 0.5501818181818182 0.5191256830601093 0.5200363636363636 0.49322404371584705 0.5190181818181818 0.5038251366120219 0.5190181818181818 0.553551912568306
3 0.7649454545454546 0.4721311475409836 0.7779999999999999 0.4992896174863388 0.7940363636363637 0.5189071038251366 0.8090909090909091 0.5173770491803279 0.8321818181818181 0.4887431693989071 0.8382181818181818 0.432896174863388 0.8371999999999999 0.3544808743169399 0.8291636363636364 0.31830601092896177 0.8211636363636363 0.3137704918032787 0.8030909090909091 0.32431693989071037 0.7900363636363636 0.3604918032786885 0.7769818181818181 0.4027322404371585 0.7689454545454546 0.41027322404371586 0.7609454545454545 0.42688524590163934 0.756909090909091 0.46005464480874314 0.7589090909090909 0.46306010928961744
3 0.5250545454545454 0.3439344262295082 0.5210545454545454 0.38010928961748636 0.5200363636363636 0.46306010928961744 0.5270545454545454 0.49322404371584705 0.5561818181818181 0.5233879781420765 0.6093818181818182 0.5189071038251366 0.6445090909090909 0.5068306010928961 0.6696 0.4766666666666667 0.6716 0.4404371584699453 0.6585454545454545 0.3997267759562842 0.6485090909090909 0.3604918032786885 0.6364727272727273 0.31830601092896177 0.6204000000000001 0.2881420765027322 0.6013454545454545 0.27606557377049185 0.5822545454545455 0.28207650273224044 0.5571636363636363 0.303224043715847 0.5350909090909091 0.3318579234972677
3 0.8864 0.5083060109289618 0.8974181818181818 0.5294535519125683 0.9167272727272727 0.5262295081967213 0.9301818181818182 0.5213114754098361 0.9323636363636363 0.4890710382513661 0.9265454545454546 0.4710382513661202 0.9185090909090909 0.45404371584699454 0.8974181818181818 0.4495081967213115 0.8944363636363636 0.4615846994535519 0.8884 0.4766666666666667 0.8813818181818182 0.4887431693989071 0.8773454545454545 0.5128415300546447 0.9014545454545455 0.5279234972677596
3 0.7880363636363636 0.5792349726775956 0.8141090909090909 0.6124043715846994 0.8362181818181819 0.6440983606557378 0.8552727272727272 0.6501092896174864 0.8703272727272727 0.6395628415300547 0.8643272727272727 0.5912568306010929 0.8492363636363636 0.5490710382513662 0.8281818181818181 0.49628415300546447 0.8241454545454545 0.48721311475409834 0.8201454545454545 0.49775956284153006 0.8081090909090909 0.5158469945355192 0.7900363636363636 0.5249180327868853 0.78 0.5279234972677596 0.7769818181818181 0.5475409836065573 0.7769818181818181 0.5596174863387978
3 0.2670909090909091 0.4887431693989071 0.24905454545454545 0.5415300546448087 0.2480363636363636 0.5777049180327869 0.25003636363636367 0.6199453551912568 0.2540727272727273 0.6591803278688524 0.2630909090909091 0.6938251366120218 0.2761454545454545 0.7074316939890711 0.31025454545454545 0.702896174863388 0.31930909090909093 0.6621857923497269 0.31930909090909093 0.6139344262295081 0.33032727272727275 0.5746994535519125 0.33134545454545455 0.5505464480874317 0.32130909090909093 0.5324590163934426 0.29923636363636363 0.5203825136612023 0.28214545454545453 0.5053005464480874 0.2751272727272727 0.4826775956284153
3 0.9034545454545454 0.437431693989071 0.9114909090909091 0.4495081967213115 0.9235272727272728 0.45704918032786884 0.9375636363636363 0.4404371584699453 0.9466181818181818 0.40726775956284156 0.9516363636363636 0.35295081967213116 0.9456000000000001 0.3378688524590164 0.9295636363636364 0.3333879781420765 0.915490909090909 0.34846994535519127 0.9084727272727273 0.3574863387978142 0.9054545454545454 0.38010928961748636 0.9074545454545455 0.39819672131147543 0.9054545454545454 0.423879781420765
3 0.703709090909091 0.5656284153005465 0.7117454545454545 0.5837158469945355 0.7197818181818182 0.6093989071038252 0.7278181818181818 0.6501092896174864 0.7368363636363636 0.6772677595628415 0.7549090909090909 0.6742622950819672 0.7739636363636364 0.6636612021857924 0.7850181818181818 0.6154098360655738 0.784 0.5792349726775956 0.7810181818181818 0.5399999999999999 0.7779999999999999 0.4992896174863388 0.7709818181818182 0.479672131147541 0.7619272727272728 0.4645901639344262 0.7579272727272728 0.4645901639344262 0.7549090909090909 0.479672131147541 0.7458545454545455 0.49475409836065576 0.7157454545454546 0.5022950819672132 0.7027272727272728 0.5128415300546447 0.698690909090909 0.5369945355191257
3 0.13061818181818183 0.5249180327868853 0.12258181818181818 0.5415300546448087 0.11854545454545455 0.5626229508196721 0.1256 0.5927868852459016 0.14665454545454545 0.5927868852459016 0.1566909090909091 0.58224043715847 0.17276363636363637 0.5671584699453552 0.1808 0.5490710382513662 0.18981818181818183 0.5189071038251366 0.18581818181818183 0.49628415300546447 0.17476363636363637 0.49475409836065576 0.1566909090909091 0.5068306010928961 0.14465454545454545 0.5189071038251366 0.13461818181818183 0.5233879781420765
3 0.3393818181818182 0.5339890710382513 0.3393818181818182 0.5761748633879781 0.3484 0.6184153005464481 0.3584363636363636 0.6621857923497269 0.3684727272727273 0.6878142076502732 0.3855272727272727 0.6923497267759563 0.40359999999999996 0.6621857923497269 0.4106181818181818 0.6184153005464481 0.4246909090909091 0.5807103825136611 0.4266909090909091 0.5384699453551913 0.41967272727272725 0.5173770491803279 0.3915636363636364 0.5128415300546447 0.3754909090909091 0.4917486338797814 0.3734909090909091 0.49475409836065576 0.36043636363636367 0.5113661202185792 0.34338181818181823 0.5294535519125683
3 0.2912 0.3604918032786885 0.2841818181818182 0.3891803278688524 0.2761454545454545 0.42688524590163934 0.2721090909090909 0.4645901639344262 0.27916363636363634 0.49628415300546447 0.2952 0.5203825136612023 0.33134545454545455 0.5294535519125683 0.3534181818181818 0.5233879781420765 0.3765090909090909 0.4887431693989071 0.3754909090909091 0.437431693989071 0.3614545454545455 0.4012568306010929 0.3544363636363636 0.3544808743169399 0.34640000000000004 0.32131147540983607 0.3293454545454545 0.3062295081967213 0.31930909090909093 0.31076502732240435 0.30727272727272725 0.32278688524590166
3 0.11254545454545455 0.3680327868852459 0.10552727272727272 0.3967213114754098 0.1065090909090909 0.437431693989071 0.11454545454545455 0.48120218579234975 0.12258181818181818 0.5128415300546447 0.1386181818181818 0.521912568306011 0.16672727272727272 0.49475409836065576 0.1848 0.4751366120218579 0.18581818181818183 0.4495081967213115 0.1848 0.423879781420765 0.17876363636363635 0.41027322404371586 0.16272727272727272 0.3786338797814208 0.1546909090909091 0.363551912568306 0.13963636363636364 0.3544808743169399 0.12658181818181818 0.3574863387978142
3 0.6234181818181818 0.5731693989071038 0.6304363636363637 0.5807103825136611 0.6445090909090909 0.6108743169398907 0.6515272727272727 0.6516393442622951 0.6555272727272727 0.6727322404371585 0.6676 0.6742622950819672 0.6866545454545455 0.6440983606557378 0.6956727272727273 0.6063934426229508 0.698690909090909 0.5610928961748635 0.698690909090909 0.5399999999999999 0.6956727272727273 0.5143715846994535 0.6936727272727272 0.5068306010928961 0.6746181818181819 0.49475409836065576 0.6655636363636364 0.4917486338797814 0.6475272727272727 0.5083060109289618 0.6334545454545454 0.5189071038251366 0.6184000000000001 0.5249180327868853 0.6173818181818181 0.5566120218579235
3 0.20087272727272729 0.5233879781420765 0.19083636363636364 0.5354644808743169 0.18280000000000002 0.553551912568306 0.17374545454545454 0.5912568306010929 0.17174545454545453 0.6169398907103826 0.17174545454545453 0.6395628415300547 0.17476363636363637 0.6636612021857924 0.20800000000000002 0.6513661202185792 0.22581818181818183 0.639344262295082 0.24603636363636364 0.6033333333333333 0.2480363636363636 0.5610928961748635 0.23698181818181818 0.5369945355191257 0.22596363636363637 0.5430054644808744 0.2149090909090909 0.5475409836065573 0.20185454545454545 0.5339890710382513
3 0.19490909090909092 0.3530054644808743 0.1868 0.3937158469945355 0.1848 0.4449726775956285 0.2018181818181818 0.48743169398907105 0.20087272727272729 0.5233879781420765 0.20687272727272726 0.5339890710382513 0.21392727272727272 0.5460109289617486 0.24 0.5189071038251366 0.2590909090909091 0.4887431693989071 0.26912727272727277 0.45103825136612025 0.2670909090909091 0.41633879781420763 0.2541818181818182 0.4120218579234973 0.228 0.38633879781420766 0.22181818181818183 0.34098360655737703 0.2118909090909091 0.3273224043715847