3 0.6533333333333333 0.47713636363636364 0.6699 0.4884545454545454 0.6865 0.4794090909090909 0.7130333333333333 0.47263636363636363 0.7412333333333333 0.4737727272727273 0.7727666666666667 0.48395454545454547 0.7984666666666667 0.4737727272727273 0.8117333333333334 0.4353181818181818 0.8125666666666667 0.41154545454545455 0.8059333333333334 0.3765 0.7902 0.3335 0.7736000000000001 0.2984545454545454 0.7512000000000001 0.2848636363636364 0.723 0.30072727272727273 0.7022666666666667 0.3538636363636363 0.6914666666666667 0.3911818181818182 0.6732333333333334 0.4093181818181818 0.6657666666666666 0.424
3 0.8225333333333333 0.5439090909090909 0.8407666666666667 0.5653636363636363 0.8664999999999999 0.5902727272727273 0.8830666666666667 0.5687727272727272 0.8855666666666667 0.5246818181818182 0.8723 0.4771818181818182 0.8565333333333333 0.45340909090909093 0.8407666666666667 0.46699999999999997 0.8208666666666666 0.46699999999999997 0.8001333333333333 0.46018181818181814 0.7976333333333333 0.4771818181818182 0.8076 0.49527272727272725 0.8191999999999999 0.5269090909090909
3 0.031000000000000003 0.5656363636363636 0.02213333333333333 0.5958181818181819 0.014400000000000001 0.6908181818181818 0.0166 0.7224999999999999 0.02213333333333333 0.7617272727272728 0.026566666666666666 0.7979090909090909 0.05753333333333334 0.8054545454545454 0.07743333333333334 0.7783181818181818 0.09623333333333334 0.724 0.10176666666666667 0.6772727272727272 0.1051 0.6259545454545455 0.1051 0.5897727272727272 0.0896 0.5701818181818181 0.07966666666666666 0.5460454545454545 0.058633333333333336 0.54 0.04206666666666666 0.5490454545454546
3 0.7628 0.5574545454545454 0.7860333333333334 0.5947727272727272 0.8034666666666667 0.6128636363636364 0.8208666666666666 0.6015909090909091 0.8208666666666666 0.5370909090909091 0.8092666666666667 0.4873181818181818 0.7993 0.4737727272727273 0.7810666666666667 0.4771818181818182 0.7487 0.47490909090909095 0.7279666666666667 0.4794090909090909 0.7396 0.5088181818181818 0.7503666666666667 0.5405
3 0.8067666666666666 0.45681818181818185 0.8258333333333333 0.4703636363636364 0.8474 0.4703636363636364 0.8556999999999999 0.4319090909090909 0.8573666666666666 0.3878181818181818 0.8573666666666666 0.355 0.8540666666666668 0.3346363636363637 0.8449333333333333 0.3097727272727273 0.83 0.31313636363636366 0.8101 0.3448181818181818 0.8018 0.3629090909090909 0.8067666666666666 0.3866818181818181 0.8076 0.42172727272727273 0.8076 0.4477727272727273
3 0.0077666666666666665 0.5219090909090909 0.013300000000000001 0.5475454545454546 0.03873333333333333 0.5429999999999999 0.0664 0.5038181818181818 0.08406666666666666 0.47363636363636363 0.0863 0.4434545454545455 0.06526666666666667 0.42536363636363633 0.04646666666666666 0.3936818181818182 0.026566666666666666 0.37859090909090914 0.0122 0.36654545454545456 0 0.3914545454545455 0 0.5192727272727272
3 0.42806666666666665 0.6636818181818182 0.44356666666666666 0.6983636363636363 0.4601666666666667 0.7375909090909092 0.47563333333333335 0.7752727272727273 0.49333333333333335 0.8009545454545455 0.5154666666666666 0.8069545454545455 0.5320333333333334 0.7888636363636364 0.5464333333333333 0.7360909090909091 0.5497333333333333 0.6697272727272727 0.5419999999999999 0.6018181818181818 0.5375666666666667 0.5656363636363636 0.5254 0.5354545454545454 0.5065999999999999 0.5249090909090909 0.4557333333333333 0.5294545454545455 0.43139999999999995 0.5505454545454546 0.4247666666666667 0.5686363636363636 0.43139999999999995 0.6244545454545455 0.43139999999999995 0.6621818181818182
3 0.21680000000000002 0.6908181818181818 0.22123333333333334 0.7511363636363636 0.2345 0.7783181818181818 0.25 0.8130000000000001 0.27763333333333334 0.8280909090909091 0.3053 0.7888636363636364 0.31193333333333334 0.7300454545454546 0.31526666666666664 0.6651818181818182 0.31636666666666663 0.6093636363636363 0.31303333333333333 0.5716818181818182 0.29646666666666666 0.5595909090909091 0.2566333333333333 0.5656363636363636 0.22566666666666668 0.5822272727272727 0.21680000000000002 0.6048636363636364 0.2124 0.6546363636363637
3 0.6400666666666667 0.5269090909090909 0.6508333333333334 0.5563181818181818 0.6657666666666666 0.6004545454545455 0.6931333333333334 0.6253181818181818 0.7238333333333333 0.6434090909090909 0.7528666666666667 0.6615 0.7661333333333333 0.6705909090909091 0.7727666666666667 0.6456818181818182 0.7619666666666667 0.5993181818181817 0.7586666666666666 0.5551818181818182 0.7478666666666667 0.519 0.7329666666666667 0.4828181818181818 0.7163666666666667 0.4680909090909091 0.6865 0.4737727272727273 0.6666 0.49527272727272725 0.6533333333333333 0.5043181818181818 0.6375666666666667 0.5076818181818181
3 0.1593 0.30922727272727274 0.14713333333333334 0.3695454545454545 0.15043333333333334 0.4117727272727273 0.1582 0.45854545454545453 0.16373333333333331 0.49322727272727274 0.17146666666666666 0.5173636363636364 0.1991 0.5188636363636364 0.22566666666666668 0.5113181818181818 0.24776666666666666 0.48872727272727273 0.2522 0.4434545454545455 0.2522 0.3891818181818182 0.2345 0.3424090909090909 0.20906666666666665 0.3228181818181818 0.19469999999999998 0.31827272727272726
3 0.5530666666666666 0.6591363636363636 0.5807 0.7104545454545456 0.6105666666666666 0.7405909090909091 0.6305000000000001 0.7541818181818182 0.6570333333333334 0.7526818181818182 0.6747333333333333 0.7194999999999999 0.6747333333333333 0.6561363636363636 0.6592333333333333 0.5943181818181819 0.6437666666666666 0.5445 0.6293666666666666 0.5113181818181818 0.6106666666666666 0.47454545454545455 0.5913333333333334 0.4713636363636364 0.5685333333333333 0.5173636363636364 0.5508333333333333 0.5565909090909091 0.5419999999999999 0.6003181818181818 0.5475333333333333 0.6380454545454546
3 0.10729999999999999 0.6938636363636363 0.12390000000000001 0.7768181818181819 0.12943333333333332 0.8009545454545455 0.14159999999999998 0.8280909090909091 0.16593333333333335 0.8401363636363637 0.19026666666666667 0.8084545454545455 0.20906666666666665 0.7541818181818182 0.2124 0.7074090909090909 0.21680000000000002 0.6380454545454546 0.2124 0.6018181818181818 0.19469999999999998 0.5777272727272728 0.14049999999999999 0.5777272727272728 0.125 0.5837272727272727 0.1062 0.6018181818181818 0.10176666666666667 0.6470909090909092 0.104 0.6878181818181818
3 0.3208 0.6651818181818182 0.32189999999999996 0.7089090909090909 0.33626666666666666 0.7586818181818181 0.3495333333333333 0.7979090909090909 0.37166666666666665 0.8310909090909091 0.4015333333333333 0.8310909090909091 0.42033333333333334 0.7707727272727273 0.42586666666666667 0.7029090909090908 0.42916666666666664 0.6455909090909091 0.42916666666666664 0.5988181818181818 0.42366666666666664 0.5656363636363636 0.37496666666666667 0.5475454545454546 0.3340666666666667 0.5520454545454545 0.31636666666666663 0.5610909090909091 0.3153333333333333 0.5895454545454545 0.31866666666666665 0.6168181818181818 0.31833333333333336 0.6409090909090909
3 0.36723333333333336 0.2820909090909091 0.35506666666666664 0.30622727272727274 0.34400000000000003 0.34845454545454546 0.34513333333333335 0.3967272727272727 0.35286666666666666 0.4419545454545455 0.3628 0.47663636363636364 0.37829999999999997 0.49322727272727274 0.4059666666666667 0.4977727272727273 0.4247666666666667 0.48722727272727273 0.43803333333333333 0.47513636363636363 0.44356666666666666 0.43440909090909086 0.4468666666666667 0.3755909090909091 0.4468666666666667 0.32881818181818184 0.43583333333333335 0.29113636363636364 0.42033333333333334 0.27304545454545454 0.3904666666666667 0.27149999999999996
3 0.5707666666666666 0.4027272727272727 0.5862333333333334 0.44495454545454544 0.6139 0.47513636363636363 0.6415333333333334 0.48722727272727273 0.6603666666666667 0.46459090909090905 0.6669999999999999 0.3967272727272727 0.6747333333333333 0.3243181818181818 0.6747333333333333 0.27754545454545454 0.6647666666666667 0.26245454545454544 0.6448666666666667 0.27 0.6238666666666667 0.29563636363636364 0.5984 0.33940909090909094 0.5829333333333333 0.36504545454545456