3 0.49384057971014494 0.5014754098360655 0.4931521739130435 0.5109289617486339 0.49384057971014494 0.5517486338797815 0.49384057971014494 0.5853005464480874 0.504963768115942 0.6198360655737706 0.5188405797101449 0.6376502732240437 0.5313405797101449 0.6334426229508197 0.5493840579710145 0.6041530054644809 0.5605072463768116 0.5549180327868852 0.5646739130434782 0.5245355191256831 0.5632971014492754 0.5025136612021858 0.5507971014492754 0.4973224043715847 0.5098188405797102 0.4910382513661202 0.5021739130434782 0.4826229508196721
3 0.39590579710144924 0.3034972677595628 0.37717391304347825 0.33704918032786885 0.3681521739130435 0.37158469945355194 0.3639855072463768 0.4124590163934426 0.37021739130434783 0.46797814207650273 0.3764855072463768 0.4847540983606557 0.3882608695652174 0.4993989071038251 0.4250724637681159 0.5098907103825137 0.4577173913043478 0.5025136612021858 0.47996376811594205 0.4920765027322404 0.49521739130434783 0.4627322404371585 0.49938405797101454 0.4197814207650273 0.49384057971014494 0.3737158469945355 0.4855072463768116 0.3401639344262295 0.4771739130434782 0.3171584699453552 0.4528623188405797 0.2940983606557377 0.43826086956521737 0.2878142076502732
3 0.2556159420289855 0.5161748633879781 0.2549275362318841 0.5517486338797815 0.2521376811594203 0.6020218579234973 0.25630434782608696 0.6386885245901639 0.2702173913043478 0.6585792349726776 0.29105072463768117 0.6491803278688525 0.3118840579710145 0.6145901639344262 0.3243840579710145 0.5800546448087432 0.3264492753623188 0.5465027322404372 0.32717391304347826 0.5182513661202186 0.3141304347826087 0.4961748633879781 0.2967391304347826 0.48360655737704916 0.2778985507246377 0.473224043715847 0.2660507246376812 0.485792349726776 0.2549275362318841 0.4993989071038251
3 0.15355072463768116 0.3181967213114754 0.14938405797101448 0.3768306010928961 0.15144927536231884 0.4197814207650273 0.1632608695652174 0.4627322404371585 0.1743840579710145 0.49836065573770494 0.1854710144927536 0.5036065573770492 0.19380434782608696 0.4993989071038251 0.20909420289855074 0.4847540983606557 0.2132608695652174 0.46377049180327873 0.2042391304347826 0.4333879781420765 0.1993840579710145 0.4030054644808743 0.19797101449275362 0.3653005464480874 0.18340579710144927 0.3454098360655738 0.1709057971014493 0.3265573770491803
3 0.20286231884057973 0.32131147540983607 0.1993840579710145 0.35486338797814204 0.20355072463768115 0.43655737704918035 0.21047101449275363 0.46797814207650273 0.21811594202898552 0.4889071038251366 0.2306159420289855 0.5036065573770492 0.2549275362318841 0.4993989071038251 0.2715942028985507 0.47950819672131145 0.28202898550724637 0.44491803278688524 0.2743840579710145 0.4019672131147541 0.27369565217391306 0.37579234972677594 0.2715942028985507 0.3454098360655738 0.25423913043478263 0.3223497267759563 0.2334057971014493 0.3034972677595628
3 0.7466304347826087 0.4690163934426229 0.7632971014492753 0.49311475409836064 0.779963768115942 0.5119672131147541 0.7938405797101449 0.4910382513661202 0.8098188405797101 0.4459562841530055 0.8160869565217391 0.4030054644808743 0.8202536231884058 0.35486338797814204 0.8126086956521739 0.33076502732240437 0.7973188405797101 0.333879781420765 0.779963768115942 0.3695081967213115 0.761231884057971 0.3946448087431694 0.7535869565217391 0.4197814207650273 0.7466304347826087 0.4543715846994536
3 0.6118840579710145 0.46584699453551914 0.6216304347826087 0.4910382513661202 0.6382971014492753 0.5036065573770492 0.6681521739130435 0.5046448087431694 0.6896739130434782 0.4868306010928962 0.6973188405797102 0.4554098360655738 0.6980072463768117 0.40928961748633885 0.6959420289855073 0.37896174863387977 0.6910869565217391 0.346448087431694 0.6869202898550725 0.32131147540983607 0.679963768115942 0.30245901639344264 0.673695652173913 0.28989071038251363 0.6577536231884058 0.28989071038251363 0.6341304347826088 0.3108743169398907 0.6146739130434783 0.35169398907103827 0.6167753623188406 0.38524590163934425 0.618840579710145 0.41142076502732244 0.6139855072463768 0.44491803278688524
3 0.7021739130434783 0.456448087431694 0.711195652173913 0.4763387978142077 0.7278985507246377 0.48688524590163934 0.7417753623188406 0.4690163934426229 0.7542753623188406 0.4281420765027322 0.7660869565217391 0.3778688524590164 0.7681521739130435 0.34229508196721314 0.7598188405797102 0.3108743169398907 0.7410869565217391 0.30562841530054646 0.7195289855072464 0.32344262295081966 0.7084420289855072 0.34857923497267757 0.6980072463768117 0.3778688524590164 0.6994202898550724 0.40409836065573773 0.7021739130434783 0.44071038251366124
3 0.17297101449275362 0.5109289617486339 0.17365942028985507 0.5517486338797815 0.17159420289855074 0.5894535519125683 0.17507246376811594 0.6072677595628415 0.18409420289855075 0.6114754098360656 0.19036231884057972 0.6104371584699453 0.19869565217391305 0.600983606557377 0.2021376811594203 0.5748087431693989 0.2042391304347826 0.5433879781420765 0.2056159420289855 0.5119672131147541 0.2084057971014493 0.4910382513661202 0.20286231884057973 0.4899453551912568 0.1882608695652174 0.5036065573770492 0.17992753623188404 0.50775956284153
3 0.3340942028985507 0.4972677595628415 0.3299275362318841 0.5308196721311476 0.33061594202898553 0.5706010928961749 0.3347826086956522 0.6030601092896175 0.3438405797101449 0.6460109289617486 0.3577173913043478 0.6544262295081967 0.37576086956521737 0.6481420765027323 0.40355072463768116 0.6125136612021859 0.4118840579710145 0.5716393442622951 0.4118840579710145 0.5266120218579236 0.4077173913043478 0.5025136612021858 0.38757246376811594 0.49311475409836064 0.3743840579710145 0.47950819672131145 0.3681521739130435 0.47005464480874315 0.35492753623188406 0.4721311475409836 0.34590579710144925 0.4889071038251366
3 0.29384057971014493 0.3129508196721312 0.2840942028985507 0.34229508196721314 0.27507246376811595 0.38415300546448083 0.27717391304347827 0.4281420765027322 0.27855072463768116 0.46797814207650273 0.29105072463768117 0.4805464480874317 0.3105072463768116 0.49311475409836064 0.3480072463768116 0.485792349726776 0.3577173913043478 0.46797814207650273 0.3639855072463768 0.44071038251366124 0.3632608695652174 0.4009289617486339 0.3660507246376812 0.3705464480874317 0.35492753623188406 0.3412568306010929 0.3417391304347826 0.3129508196721312 0.32159420289855073 0.2951366120218579
3 0.4945289855072464 0.3653005464480874 0.4931521739130435 0.40409836065573773 0.49384057971014494 0.4428415300546448 0.500072463768116 0.4721311475409836 0.5195289855072464 0.4878688524590164 0.556340579710145 0.49622950819672135 0.5896739130434783 0.4973224043715847 0.6091304347826088 0.47737704918032786 0.617463768115942 0.42185792349726775 0.6118840579710145 0.363224043715847 0.6042753623188406 0.3171584699453552 0.5931521739130435 0.28464480874316944 0.5716304347826088 0.27103825136612025 0.5493840579710145 0.26688524590163937 0.5132971014492753 0.30459016393442623 0.5042391304347825 0.32344262295081966
3 0.21047101449275363 0.49311475409836064 0.2084057971014493 0.5245355191256831 0.20492753623188406 0.5612021857923497 0.2042391304347826 0.5946994535519126 0.21605072463768116 0.6250819672131147 0.23826086956521741 0.6240437158469946 0.25286231884057975 0.5989071038251366 0.2549275362318841 0.5653551912568305 0.2535507246376812 0.5297814207650273 0.2521376811594203 0.5046448087431694 0.2479710144927536 0.4973224043715847 0.22855072463768114 0.5004371584699453 0.21880434782608696 0.4899453551912568
3 0.4105072463768116 0.5119672131147541 0.4132608695652174 0.5213661202185792 0.4118840579710145 0.5622404371584699 0.41605072463768117 0.5999453551912569 0.4292391304347826 0.6376502732240437 0.44173913043478263 0.6544262295081967 0.45217391304347826 0.655464480874317 0.4743840579710145 0.6324043715846994 0.48619565217391303 0.5873770491803278 0.4931521739130435 0.549672131147541 0.4931521739130435 0.5140437158469945 0.49384057971014494 0.4889071038251366 0.4875724637681159 0.4826229508196721 0.4743840579710145 0.49311475409836064 0.45702898550724635 0.5036065573770492 0.43134057971014494 0.5109289617486339
3 0.6438405797101449 0.5946994535519126 0.6577536231884058 0.6292896174863388 0.673695652173913 0.6544262295081967 0.6994202898550724 0.6585792349726776 0.7056521739130435 0.5978688524590163 0.7021739130434783 0.549672131147541 0.6966304347826088 0.5098907103825137 0.6952536231884058 0.4847540983606557 0.6889855072463767 0.485792349726776 0.6639855072463767 0.5004371584699453 0.6403623188405797 0.5087978142076502 0.6410869565217391 0.5161748633879781 0.6368840579710145 0.5486338797814208 0.6410869565217391 0.5779234972677596
3 0.5598188405797101 0.5727322404371585 0.5688405797101449 0.5999453551912569 0.5882971014492754 0.6460109289617486 0.6139855072463768 0.664863387978142 0.6382971014492753 0.6418579234972678 0.6438405797101449 0.5904918032786886 0.6382971014492753 0.520327868852459 0.6376086956521739 0.5004371584699453 0.6216304347826087 0.49311475409836064 0.6098188405797101 0.47737704918032786 0.5910507246376812 0.4910382513661202 0.5688405797101449 0.5036065573770492 0.5660507246376811 0.5140437158469945 0.5626086956521739 0.5433879781420765
3 0.7014855072463768 0.5674863387978142 0.7181521739130435 0.5884153005464481 0.7376086956521739 0.609344262295082 0.7535869565217391 0.6167213114754099 0.7528985507246377 0.6167213114754099 0.7626086956521739 0.5894535519125683 0.7584420289855073 0.541311475409836 0.7528985507246377 0.5067213114754099 0.7501086956521739 0.4784153005464481 0.7410869565217391 0.47530054644808745 0.7320289855072464 0.47950819672131145 0.7188405797101449 0.4847540983606557 0.7056521739130435 0.4721311475409836 0.6966304347826088 0.4690163934426229 0.6980072463768117 0.4920765027322404 0.6959420289855073 0.520327868852459 0.7035869565217391 0.553879781420765