3 0.6526642335766424 0.585054347826087 0.6644890510948905 0.6152173913043478 0.6965693430656935 0.6780434782608696 0.7260948905109489 0.6944021739130435 0.7581751824817519 0.6905978260869565 0.7564963503649635 0.6378260869565218 0.7412773722627738 0.6051630434782609 0.7311678832116788 0.5573913043478261 0.7151094890510948 0.5246739130434783 0.705 0.5159239130434783 0.6889781021897811 0.5422826086956521 0.6644890510948905 0.5724456521739131
3 0.8586131386861313 0.5272282608695652 0.8602919708029197 0.5523369565217391 0.878029197080292 0.569945652173913 0.9016788321167883 0.5724456521739131 0.9185401459854015 0.5397826086956521 0.9286861313868613 0.5033152173913044 0.9286861313868613 0.4694021739130435 0.9236131386861314 0.46184782608695657 0.8872992700729927 0.4744021739130435 0.8678832116788322 0.48445652173913045 0.8586131386861313 0.5058152173913043
3 0.797007299270073 0.571195652173913 0.8037591240875912 0.587554347826087 0.8197810218978102 0.586304347826087 0.8383576642335767 0.5485869565217392 0.8543795620437956 0.49451086956521734 0.8577737226277372 0.4593478260869565 0.8467883211678833 0.4542934782608696 0.8206204379562043 0.4807065217391305 0.8105109489051096 0.49451086956521734 0.7944525547445256 0.5435326086956522
3 0.06656934306569343 0.4709239130434783 0.06583941605839416 0.5107608695652174 0.07711678832116788 0.5557608695652174 0.08835766423357665 0.5934782608695652 0.10806569343065693 0.5997826086956521 0.1214233576642336 0.5798913043478261 0.14463503649635037 0.5966304347826087 0.16715328467153284 0.6081521739130435 0.1783941605839416 0.5704347826086956 0.17697080291970804 0.5348369565217391 0.16784671532846715 0.5128260869565218 0.14394160583941604 0.5044565217391304 0.12072992700729926 0.4908695652173913 0.08759124087591241 0.4782608695652174 0.07145985401459853 0.4772282608695652
3 0.11113138686131387 0.6044021739130434 0.09565693430656935 0.6525543478260869 0.09427007299270072 0.6682608695652174 0.11605839416058394 0.6797826086956522 0.13927007299270072 0.6598913043478261 0.16602189781021898 0.6546739130434782 0.19697080291970803 0.6504891304347826 0.21383211678832117 0.6201086956521739 0.2025912408759124 0.5740217391304349 0.1885036496350365 0.5541304347826087 0.1814963503649635 0.5509782608695651 0.17375912408759123 0.569836956521739 0.17302919708029196 0.5959782608695652 0.16390510948905107 0.6085869565217391 0.1441970802919708 0.5991304347826086 0.13226277372262774 0.5844565217391304 0.11748175182481752 0.5876086956521739
3 0.7674087591240877 0.6306521739130435 0.7785401459854014 0.6533695652173913 0.7914598540145986 0.6725543478260869 0.8254379562043795 0.690054347826087 0.8313138686131387 0.669945652173913 0.8295620437956205 0.6236956521739131 0.8260218978102191 0.5966304347826087 0.8183941605839417 0.5870108695652174 0.8043430656934306 0.5852717391304347 0.7955474452554744 0.5652173913043478 0.792043795620438 0.568695652173913 0.7832481751824818 0.5922826086956522 0.7668248175182483 0.6132065217391304
3 0.35894160583941603 0.2833695652173913 0.3412043795620438 0.3085326086956522 0.3234671532846715 0.36380434782608695 0.3217883211678832 0.42038043478260867 0.3217883211678832 0.4593478260869565 0.3471167883211679 0.4932608695652174 0.3927007299270073 0.5184239130434782 0.43237226277372265 0.5209239130434782 0.4678102189781022 0.5045652173913043 0.4804744525547445 0.4630978260869565 0.4821532846715329 0.3902173913043478 0.47711678832116783 0.32608695652173914 0.46021897810218976 0.2896739130434782 0.43996350364963505 0.2607608695652174 0.4062043795620438 0.2632608695652174 0.3884671532846715 0.2670108695652174
3 0.16226277372262773 0.3625543478260869 0.15299270072992702 0.40152173913043476 0.16226277372262773 0.47695652173913045 0.1724087591240876 0.5133695652173913 0.19266423357664234 0.568695652173913 0.20952554744525545 0.595108695652174 0.22978102189781022 0.6164673913043479 0.2576642335766423 0.5900543478260869 0.27536496350364964 0.5397826086956521 0.299014598540146 0.4807065217391305 0.299014598540146 0.44929347826086957 0.27875912408759124 0.42038043478260867 0.2525912408759124 0.38896739130434776 0.21375912408759123 0.36885869565217394 0.18335766423357666 0.35880434782608694
3 0.4964963503649635 0.3273369565217391 0.4906204379562044 0.3726086956521739 0.493978102189781 0.4191304347826087 0.4956569343065694 0.4694021739130435 0.5066423357664234 0.5096195652173913 0.5505474452554744 0.5209239130434782 0.6011678832116788 0.5196739130434783 0.6366423357664234 0.49576086956521737 0.6535036496350365 0.44929347826086957 0.6484306569343066 0.3763586956521739 0.6349270072992701 0.32233695652173916 0.6205839416058394 0.2783152173913043 0.5944160583941606 0.24815217391304345 0.5623357664233577 0.23809782608695654 0.5336496350364963 0.25320652173913044 0.5142335766423358 0.2733152173913043
3 0.25003649635036496 0.6038586956521739 0.24076642335766424 0.6415760869565217 0.2331751824817518 0.7107065217391305 0.24412408759124088 0.7333695652173913 0.2956204379562044 0.7145108695652174 0.32770072992700733 0.6604347826086956 0.35894160583941603 0.6152173913043478 0.3462773722627737 0.5598913043478261 0.31335766423357664 0.5221739130434783 0.2897080291970803 0.5171739130434783 0.2736861313868613 0.5485869565217392 0.26018248175182485 0.5888043478260869
3 0.7463503649635036 0.6101630434782609 0.764087591240876 0.6239673913043479 0.7835036496350365 0.595108695652174 0.8037591240875912 0.5322282608695652 0.8164233576642336 0.47695652173913045 0.8206204379562043 0.42413043478260876 0.7995255474452555 0.4090760869565217 0.7514233576642335 0.4216304347826087 0.7227372262773722 0.43668478260869564 0.6982481751824817 0.46184782608695657 0.6990875912408759 0.4920108695652174 0.7058394160583942 0.5234239130434782 0.721021897810219 0.5284782608695652 0.7328467153284672 0.568695652173913 0.7370802919708029 0.5976086956521739
3 0.5690875912408759 0.5196739130434783 0.5632116788321168 0.5385326086956522 0.5716423357664233 0.5775 0.6113138686131386 0.585054347826087 0.6366423357664234 0.591304347826087 0.6771532846715328 0.5648913043478261 0.6965693430656935 0.5184239130434782 0.7024817518248175 0.4643478260869565 0.6881021897810219 0.42413043478260876 0.6686861313868613 0.41157608695652176 0.6518248175182482 0.4279347826086956 0.6475912408759124 0.4593478260869565 0.6315693430656935 0.5020652173913043 0.6045620437956205 0.5121195652173913
3 0.8206204379562043 0.587554347826087 0.8256934306569343 0.6101630434782609 0.8518613138686131 0.6403260869565217 0.878029197080292 0.6591847826086957 0.8957664233576642 0.6717391304347826 0.9092700729927007 0.6403260869565217 0.9016788321167883 0.5900543478260869 0.8806569343065694 0.571195652173913 0.8636861313868613 0.556141304347826 0.851021897810219 0.5447826086956521 0.8400364963503649 0.5535869565217392 0.8231751824817519 0.58125