3 0.17228 0.2999765258215963 0.16484000000000001 0.3130516431924883 0.16112 0.3462206572769953 0.1708 0.40906103286384976 0.17674 0.4361267605633803 0.18344 0.45619718309859153 0.19756 0.4570892018779343 0.22582 0.45009389671361505 0.2392 0.43438967136150236 0.23698 0.4038262910798122 0.23178 0.3758920187793427 0.22806 0.3418544600938967 0.22062 0.3200469483568075 0.1998 0.3078169014084507 0.19086 0.30345070422535214
3 0.498 0.34535211267605637 0.49504000000000004 0.38201877934272305 0.49726 0.4317605633802817 0.50098 0.4675586854460094 0.51288 0.48589201877934274 0.5404 0.4928638497652582 0.5761000000000001 0.49460093896713614 0.61402 0.49460093896713614 0.64452 0.48500000000000004 0.6527000000000001 0.45619718309859153 0.65864 0.42215962441314553 0.6564 0.3697887323943662 0.64898 0.32528169014084507 0.6407999999999999 0.3008450704225352 0.63186 0.2860093896713615 0.61402 0.26767605633802816 0.60138 0.25981220657277 0.57238 0.2545774647887324 0.54634 0.2633098591549296 0.53296 0.2772769953051643 0.5188200000000001 0.30258215962441315
3 0.48016000000000003 0.5242957746478873 0.48164 0.562699530516432 0.48164 0.5906338028169015 0.49057999999999996 0.6229107981220657 0.50768 0.6517136150234741 0.5337000000000001 0.6683098591549296 0.5664199999999999 0.6560798122065727 0.5812999999999999 0.6124413145539905 0.58724 0.5862676056338029 0.5932000000000001 0.54 0.5917 0.5181690140845071 0.5835199999999999 0.5007276995305164 0.5694 0.4937323943661972 0.55006 0.4902582159624413 0.5233 0.4902582159624413 0.49057999999999996 0.49460093896713614 0.48388 0.4972300469483568
3 0.65566 0.4396244131455399 0.6631 0.4623239436619718 0.6846599999999999 0.4745305164319249 0.71814 0.48500000000000004 0.75234 0.4745305164319249 0.7679600000000001 0.4570892018779343 0.77316 0.40906103286384976 0.77242 0.36455399061032867 0.76498 0.32178403755868545 0.75754 0.29821596244131454 0.74714 0.2755164319248826 0.73376 0.26767605633802816 0.71292 0.27988262910798123 0.70178 0.29995305164319247 0.67574 0.33661971830985915 0.65938 0.3427230046948357 0.65566 0.3575821596244132 0.66162 0.38725352112676054 0.66088 0.42215962441314553
3 0.7702 0.44399061032863846 0.78804 0.4570892018779343 0.80588 0.46056338028169014 0.82894 0.41605633802816905 0.84084 0.38725352112676054 0.85126 0.3418544600938967 0.8549800000000001 0.31741784037558685 0.852 0.29124413145539907 0.83414 0.28774647887323945 0.8125800000000001 0.3104460093896714 0.7887799999999999 0.34535211267605637 0.7702 0.3584507042253521 0.77242 0.3889906103286385 0.7702 0.4212910798122066
3 0.22434 0.48676056338028173 0.20872 0.505093896713615 0.1983 0.528661971830986 0.19086 0.562699530516432 0.19162 0.5915023474178404 0.19608 0.6342723004694836 0.19608 0.6578403755868545 0.20648 0.6665727699530516 0.2273 0.66481220657277 0.2526 0.6447417840375588 0.26598 0.6194366197183099 0.27862 0.5984741784037558 0.26896 0.561830985915493 0.27194 0.5347652582159624 0.27714 0.5164319248826291 0.27342 0.5059624413145539 0.25632 0.4972300469483568 0.24738 0.4911267605633803 0.23698 0.4893661971830986
3 0.34556 0.28598591549295777 0.33738 0.32178403755868545 0.33216 0.37678403755868545 0.33142 0.40906103286384976 0.33812000000000003 0.45619718309859153 0.35224 0.47976525821596244 0.39092 0.4876291079812206 0.42363999999999996 0.48413145539906105 0.45338 0.48152582159624413 0.4809 0.4753990610328639 0.49206 0.4553286384976526 0.4928 0.4116901408450704 0.49132 0.36542253521126755 0.48760000000000003 0.33138497652582155 0.46974 0.2964788732394366 0.45338 0.27115023474178407 0.43107999999999996 0.258075117370892 0.40802 0.25284037558685446 0.37827999999999995 0.2545774647887324 0.36266000000000004 0.27204225352112676
3 0.71368 0.5024647887323944 0.70326 0.5190610328638497 0.6958200000000001 0.5408685446009389 0.70102 0.5836384976525821 0.71516 0.607206572769953 0.7278 0.6281690140845071 0.7441599999999999 0.6560798122065727 0.7583 0.6726760563380282 0.7806000000000001 0.6700469483568076 0.79102 0.6238028169014085 0.79028 0.6142018779342723 0.7887799999999999 0.5792723004694836 0.79398 0.5365023474178404 0.7873 0.5129342723004695 0.7687 0.4902582159624413 0.74862 0.48500000000000004 0.72036 0.4954929577464789
3 0.27788 0.5155633802816901 0.27194 0.5199295774647887 0.2697 0.539131455399061 0.27268000000000003 0.5705399061032864 0.28382 0.5984741784037558 0.29275999999999996 0.6316431924882628 0.30466000000000004 0.6517136150234741 0.31877999999999995 0.6630751173708921 0.33216 0.6403755868544602 0.3463 0.6246713615023475 0.36638 0.6133098591549295 0.37604000000000004 0.5932394366197183 0.37157999999999997 0.5609389671361502 0.37306 0.5443661971830986 0.37306 0.5330281690140845 0.35968 0.5216666666666666 0.32176 0.5138028169014084 0.31207999999999997 0.5138028169014084 0.29125999999999996 0.5181690140845071
3 0.26896 0.28598591549295777 0.25854000000000005 0.31392018779342723 0.24888 0.35321596244131453 0.23624 0.3924882629107981 0.23772 0.4256572769953052 0.24516 0.4579577464788733 0.27194 0.4745305164319249 0.30762 0.4771596244131456 0.32474000000000003 0.46842723004694836 0.33662000000000003 0.4544600938967136 0.33514 0.43002347417840375 0.33142 0.3924882629107981 0.32994 0.36194835680751175 0.31804000000000004 0.3418544600938967 0.30094 0.31392018779342723 0.28978 0.2886150234741784 0.2816 0.27901408450704224
3 0.38274 0.49985915492957744 0.37010000000000004 0.5164319248826291 0.37382 0.5705399061032864 0.37754000000000004 0.5932394366197183 0.38944 0.6211737089201878 0.39984 0.642112676056338 0.41844 0.6630751173708921 0.43256 0.6761737089201878 0.45042000000000004 0.6779107981220658 0.46306 0.6464788732394365 0.47718 0.6168075117370891 0.48314 0.5862676056338029 0.48388 0.5487323943661971 0.47718 0.5181690140845071 0.47718 0.5085680751173709 0.46082 0.49896713615023475 0.43701999999999996 0.4954929577464789 0.41026 0.49460093896713614
3 0.5918 0.5119718309859155 0.5917 0.5443661971830986 0.5893999999999999 0.5784037558685446 0.58724 0.5923708920187793 0.60436 0.6176760563380281 0.61402 0.6386384976525822 0.6289 0.6552112676056339 0.6407999999999999 0.6622065727699531 0.65864 0.6473708920187793 0.67574 0.6351408450704226 0.6831799999999999 0.6133098591549295 0.69062 0.5810328638497653 0.6958200000000001 0.5504694835680751 0.70102 0.5312676056338028 0.70178 0.5129342723004695 0.68988 0.5033333333333333 0.6675599999999999 0.4902582159624413 0.63634 0.4911267605633803 0.60584 0.5007276995305164
3 0.78804 0.5897417840375586 0.7984600000000001 0.6019718309859154 0.8125800000000001 0.6203051643192489 0.8349 0.6203051643192489 0.84456 0.5897417840375586 0.83712 0.5469718309859155 0.82448 0.5068309859154929 0.80738 0.4884976525821596 0.78952 0.4762910798122066 0.77838 0.47802816901408446 0.7739 0.49460093896713614 0.78358 0.5103286384976526 0.7925 0.529530516431925 0.7925 0.5548356807511737 0.7857999999999999 0.5784037558685446