3 0.539309090909091 0.26590163934426225 0.5292727272727273 0.30360655737704917 0.5225818181818183 0.34256830601092897 0.5242545454545454 0.3815300546448087 0.5493454545454545 0.3966120218579235 0.5752727272727273 0.41049180327868856 0.5936727272727272 0.416775956284153 0.603709090909091 0.4243169398907104 0.638 0.42054644808743163 0.6555636363636363 0.3827868852459016 0.6672727272727272 0.3161748633879781 0.6672727272727272 0.25836065573770495 0.6605818181818182 0.22065573770491806 0.6505454545454545 0.19426229508196718 0.6279636363636364 0.17415300546448087 0.5903272727272727 0.17540983606557378 0.5602181818181818 0.19803278688524592 0.5476727272727273 0.24076502732240437
3 0.4941090909090909 0.7234426229508196 0.4983272727272727 0.7812568306010929 0.5033454545454545 0.8177049180327868 0.5234181818181818 0.8428415300546449 0.548509090909091 0.8478688524590163 0.5736 0.7950819672131147 0.5894909090909092 0.7410382513661203 0.5978545454545454 0.7008196721311475 0.6028727272727272 0.6568306010928961 0.5828 0.6254098360655738 0.5359636363636363 0.6178688524590163 0.5066909090909091 0.6166120218579235 0.5 0.6606010928961749 0.5 0.7071038251366121
3 0.3965090909090909 0.1521857923497268 0.3730909090909091 0.1886338797814208 0.36221818181818183 0.2426775956284153 0.3530181818181818 0.29923497267759563 0.34967272727272725 0.3532786885245902 0.36556363636363637 0.3683606557377049 0.3981818181818182 0.37590163934426235 0.4266181818181818 0.38092896174863383 0.4876727272727273 0.38972677595628413 0.5102545454545454 0.37087431693989076 0.5186181818181819 0.3407103825136612 0.5286545454545455 0.2766120218579235 0.5311636363636364 0.22885245901639345 0.5303272727272728 0.17857923497267758 0.5219636363636363 0.1396174863387978 0.49687272727272724 0.1107103825136612 0.45505454545454543 0.10442622950819672 0.41741818181818185 0.12202185792349726
3 0.2716363636363636 0.09120218579234973 0.2524 0.14147540983606557 0.23316363636363638 0.2018032786885246 0.2222909090909091 0.25333333333333335 0.2222909090909091 0.3010928961748634 0.23399999999999999 0.3362841530054645 0.2749818181818182 0.3413114754098361 0.326 0.33 0.34690909090909094 0.3161748633879781 0.3594545454545454 0.2860109289617487 0.3644727272727273 0.23322404371584698 0.3703272727272727 0.19300546448087433 0.37116363636363636 0.15530054644808744 0.35861818181818184 0.11382513661202184 0.3377090909090909 0.08240437158469946 0.31847272727272724 0.0673224043715847 0.2892 0.06983606557377049
3 0.39123636363636366 0.6367213114754098 0.3904 0.6668852459016393 0.3929090909090909 0.7762295081967213 0.4012727272727272 0.8177049180327868 0.40796363636363636 0.8503825136612022 0.4263636363636364 0.8554098360655737 0.44894545454545454 0.8239890710382514 0.46985454545454547 0.78 0.4832363636363636 0.7272131147540984 0.4932727272727273 0.6769398907103825 0.4983272727272727 0.6430054644808744 0.4899272727272727 0.6279234972677595 0.45647272727272725 0.6166120218579235 0.4246909090909091 0.6153551912568306 0.4071272727272727 0.6166120218579235
3 0.7885454545454545 0.4796174863387978 0.7944 0.5122950819672131 0.8178181818181819 0.5424590163934426 0.8312 0.5587978142076503 0.8454181818181818 0.562568306010929 0.8805454545454545 0.5424590163934426 0.8972727272727272 0.4871584699453552 0.8989090909090909 0.4306010928961749 0.9006181818181818 0.3614207650273224 0.8821818181818182 0.33005464480874314 0.8530909090909091 0.33114754098360655 0.8178181818181819 0.3714754098360656 0.8069454545454545 0.4117486338797814 0.7977454545454545 0.44191256830601094
3 0.934909090909091 0.43437158469945353 0.9089818181818182 0.45699453551912567 0.893090909090909 0.48213114754098363 0.8947636363636363 0.49721311475409835 0.8897454545454546 0.5273770491803279 0.8788727272727272 0.5487431693989071 0.8772 0.5575409836065573 0.8864 0.5826775956284153 0.8947636363636363 0.5952459016393443 0.9098181818181817 0.6065573770491803 0.9382545454545453 0.5939890710382514 0.9616727272727272 0.5701092896174863 0.9876363636363638 0.45683060109289614 0.9792727272727273 0.42295081967213116 0.9592727272727273 0.42295081967213116
3 0.7174545454545455 0.8214754098360656 0.7208 0.8616939890710382 0.7358545454545455 0.9031693989071038 0.7567636363636364 0.9283060109289617 0.7793454545454546 0.9144808743169398 0.7985818181818183 0.8880874316939892 0.8002545454545454 0.851639344262295 0.8077818181818182 0.8126775956284152 0.8077818181818182 0.7699453551912568 0.7843636363636364 0.7448087431693989 0.7584363636363636 0.7184153005464481 0.7308363636363636 0.7146448087431694 0.7141090909090909 0.7460655737704918 0.7082545454545455 0.7598907103825137 0.7141818181818183 0.8010928961748633
3 0.5878181818181818 0.78 0.5928363636363636 0.8415846994535519 0.6045454545454545 0.901912568306011 0.626290909090909 0.9396174863387977 0.6538909090909091 0.9546994535519127 0.6739636363636364 0.9634972677595628 0.6906909090909091 0.9446448087431695 0.6998909090909091 0.8880874316939892 0.7141090909090909 0.8177049180327868 0.7141090909090909 0.7686885245901639 0.7082545454545455 0.7372677595628414 0.6806545454545455 0.705846994535519 0.6538909090909091 0.683224043715847 0.6321454545454546 0.6882513661202186 0.6028727272727272 0.7083606557377049 0.5936727272727272 0.7334972677595628
3 0.30927272727272725 0.5965027322404372 0.30760000000000004 0.635464480874317 0.30760000000000004 0.7071038251366121 0.30760000000000004 0.7410382513661203 0.3151272727272727 0.7988524590163935 0.3326909090909091 0.8126775956284152 0.3619636363636364 0.78 0.37534545454545454 0.7272131147540984 0.3828727272727273 0.6769398907103825 0.3945818181818182 0.6279234972677595 0.39625454545454547 0.6078142076502733 0.37367272727272727 0.5877049180327869 0.33436363636363636 0.5726229508196722 0.32014545454545457 0.5713661202185792
3 0.19134545454545454 0.16158469945355192 0.18214545454545455 0.18546448087431694 0.17461818181818184 0.2256830601092896 0.16374545454545456 0.2885245901639344 0.16458181818181816 0.3161748633879781 0.17127272727272727 0.3262295081967213 0.19469090909090908 0.3350273224043716 0.21476363636363638 0.33 0.22145454545454546 0.3212021857923497 0.2222909090909091 0.2860109289617487 0.22145454545454546 0.24579234972677594 0.23316363636363638 0.19049180327868853 0.23901818181818182 0.17540983606557378 0.24738181818181817 0.16158469945355192 0.24821818181818184 0.1251366120218579 0.24152727272727273 0.1 0.23149090909090908 0.08994535519125683 0.2181090909090909 0.10377049180327869 0.19970909090909092 0.13896174863387978
3 0.6639272727272728 0.3878142076502732 0.6806545454545455 0.42683060109289617 0.7032363636363635 0.45825136612021855 0.7157818181818182 0.4871584699453552 0.7450545454545454 0.49218579234972676 0.7801818181818182 0.4745901639344262 0.7960727272727273 0.4280874316939891 0.8044363636363636 0.3727322404371584 0.8119636363636363 0.3073770491803279 0.8077818181818182 0.2671584699453552 0.8044363636363636 0.23322404371584698 0.7818545454545455 0.20808743169398905 0.7509090909090909 0.19551912568306012 0.7049090909090909 0.21939890710382512 0.6806545454545455 0.257103825136612 0.6706181818181818 0.31114754098360653 0.6647636363636363 0.3563934426229508
3 0.24989090909090908 0.5952459016393443 0.24738181818181817 0.6417486338797814 0.24319999999999997 0.6920218579234972 0.24152727272727273 0.7422950819672132 0.24654545454545454 0.7825136612021857 0.26745454545454544 0.7875409836065574 0.2866909090909091 0.7586338797814208 0.29923636363636363 0.7221857923497268 0.30174545454545454 0.6668852459016393 0.30174545454545454 0.6115846994535519 0.2958909090909091 0.5914754098360655 0.2708 0.5801639344262295 0.24989090909090908 0.5902185792349727
3 0.8128000000000001 0.8214754098360656 0.8211636363636363 0.8491256830601092 0.8236727272727272 0.8692349726775956 0.8404 0.862950819672131 0.8571272727272727 0.8440983606557377 0.8805454545454545 0.8252459016393443 0.8956 0.8089071038251366 0.8772 0.791311475409836 0.8487636363636364 0.7586338797814208 0.8278545454545454 0.7448087431693989 0.8161454545454545 0.743551912568306 0.8010909090909092 0.756120218579235 0.8061090909090909 0.7749726775956284 0.815309090909091 0.7963387978142076