3 0.44095312499999995 0.4510591133004926 0.42781250000000004 0.46470443349753693 0.423328125 0.47935960591133003 0.41851562500000006 0.4970443349753695 0.41915625 0.5142118226600986 0.42942187499999995 0.5318965517241379 0.435828125 0.5434975369458128 0.44575 0.5490640394088669 0.45184375 0.5490640394088669 0.460171875 0.5389655172413793 0.46498437499999995 0.5197536945812808 0.46465625 0.49147783251231525 0.463375 0.4712807881773399 0.45921874999999995 0.45916256157635466 0.45376562500000006 0.4510591133004926 0.44768749999999996 0.44903940886699506
3 0.41659375 0.4303694581280788 0.40795312499999997 0.44096059113300495 0.395765625 0.4697536945812808 0.395453125 0.4833990147783251 0.398015625 0.49401477832512314 0.40634375 0.5046059113300493 0.41500000000000004 0.5111822660098522 0.415640625 0.5101724137931034 0.41851562500000006 0.505615763546798 0.41851562500000006 0.492487684729064 0.42300000000000004 0.4743103448275862 0.428453125 0.46167487684729064 0.43646874999999996 0.45460591133004924 0.43870312499999997 0.4500492610837438 0.43742187499999996 0.4414778325123153 0.434546875 0.4328817733990148 0.42942187499999995 0.42630541871921185 0.424609375 0.42529556650246303
3 0.6179218750000001 0.27788177339901476 0.62021875 0.28879310344827586 0.630375 0.2953448275862069 0.6428281250000001 0.2953448275862069 0.6520625 0.2895073891625616 0.6562187500000001 0.2851477832512315 0.6585156249999999 0.2727832512315271 0.6599062499999999 0.24295566502463053 0.654375 0.221871921182266 0.639609375 0.2102216748768473 0.621140625 0.20876847290640396 0.617453125 0.21386699507389162 0.6179218750000001 0.23204433497536944 0.6192968750000001 0.2597044334975369
3 0.46529687500000005 0.4601724137931035 0.46434375 0.4763300492610837 0.46498437499999995 0.5020935960591133 0.4659375 0.5222906403940887 0.469796875 0.5505665024630542 0.47748437499999996 0.5697783251231527 0.49126562500000004 0.5687684729064039 0.5005468750000001 0.562192118226601 0.505359375 0.5414778325123153 0.508890625 0.5207635467980296 0.5085625 0.49805418719211825 0.5085625 0.4768226600985222 0.50696875 0.4677339901477833 0.5018281250000001 0.462192118226601 0.488375 0.45864532019704435 0.47748437499999996 0.45864532019704435
3 0.658984375 0.28588669950738915 0.669140625 0.30041871921182267 0.6765156250000001 0.30261083743842365 0.6839062499999999 0.2866009852216749 0.68575 0.26261083743842367 0.6839062499999999 0.24440886699507391 0.672828125 0.23423645320197042 0.6640625 0.23204433497536944 0.656671875 0.23714285714285716 0.65759375 0.2538669950738916 0.6580625 0.27714285714285714
3 0.49564062499999995 0.2160591133004926 0.49148437500000003 0.21677339901477835 0.48271875 0.22768472906403942 0.48317187500000003 0.24514778325123154 0.48640625000000004 0.27133004926108373 0.49056249999999996 0.2880541871921182 0.5099375 0.29970443349753695 0.520546875 0.301871921182266 0.54409375 0.29460591133004926 0.54778125 0.2902463054187192 0.54915625 0.2611576354679803 0.5523906249999999 0.23568965517241378 0.551015625 0.21315270935960592 0.54178125 0.20731527093596058 0.519625 0.2095073891625616 0.50071875 0.21169950738916257
3 0.595078125 0.46118226600985224 0.592515625 0.47076354679802956 0.59315625 0.4894581280788177 0.593484375 0.5091625615763546 0.593484375 0.5303694581280789 0.597328125 0.5500738916256158 0.605328125 0.5606896551724138 0.614625 0.5627093596059114 0.6245625 0.5505665024630542 0.6296875 0.5172413793103449 0.6319375 0.47935960591133003 0.63065625 0.4606650246305419 0.621359375 0.4550985221674877 0.602453125 0.4550985221674877
3 0.39965625 0.26406403940886697 0.404265625 0.2851477832512315 0.40981249999999997 0.30041871921182267 0.41950000000000004 0.3033497536945813 0.43010937499999996 0.29169950738916256 0.43703125 0.27497536945812806 0.43334374999999997 0.25096059113300495 0.431953125 0.2422413793103448 0.41996874999999995 0.24805418719211822 0.408890625 0.25096059113300495
3 0.43334374999999997 0.2422413793103448 0.434734375 0.2684236453201971 0.43934375000000003 0.2866009852216749 0.451796875 0.29679802955665024 0.47164062500000004 0.2924384236453202 0.480875 0.28369458128078817 0.48224999999999996 0.2597044334975369 0.48271875 0.23568965517241378 0.47856249999999995 0.224064039408867 0.4605625 0.22551724137931034 0.445796875 0.23059113300492612
3 0.5146875 0.46280788177339904 0.510484375 0.4672413793103448 0.50953125 0.47733990147783256 0.510484375 0.49551724137931036 0.51209375 0.5278571428571429 0.51496875 0.5434975369458128 0.51721875 0.5576600985221675 0.52715625 0.5647290640394089 0.539328125 0.566231527093596 0.547984375 0.5515763546798029 0.54990625 0.5136945812807882 0.550859375 0.47884236453201967 0.54953125 0.45911330049261084 0.538359375 0.4576354679802956 0.530359375 0.458128078817734 0.5185 0.4606650246305419
3 0.5550625 0.4688423645320197 0.551859375 0.4850246305418719 0.550890625 0.515320197044335 0.550890625 0.5425862068965517 0.555375 0.5648275862068965 0.56884375 0.5718965517241379 0.5797343749999999 0.5658374384236453 0.5880625 0.5501724137931034 0.59190625 0.5117733990147784 0.59190625 0.4935960591133005 0.5931875 0.47440886699507395 0.587109375 0.4693596059113301 0.572359375 0.4658128078817734 0.558578125 0.46532019704433497
3 0.554703125 0.21896551724137933 0.55146875 0.2407881773399015 0.55146875 0.2684236453201971 0.554234375 0.2902463054187192 0.56715625 0.2982512315270936 0.580546875 0.2989655172413793 0.59715625 0.29751231527093597 0.6072968750000001 0.2953448275862069 0.613765625 0.2880541871921182 0.61884375 0.26261083743842367 0.6192968750000001 0.23133004926108375 0.616078125 0.21241379310344827 0.61053125 0.19859605911330047 0.59484375 0.1964039408866995 0.5722343750000001 0.19931034482758622 0.558859375 0.20440886699507388
3 0.39184375 0.41514778325123153 0.38303125 0.4235467980295567 0.375828125 0.43576354679802953 0.373421875 0.44839901477832517 0.377421875 0.46564039408867 0.3854375 0.4795320197044335 0.39237500000000003 0.4909113300492611 0.39559375 0.48628078817733994 0.39451562500000004 0.4698522167487684 0.399328125 0.4567980295566503 0.405203125 0.4450246305418719 0.40893750000000006 0.4353448275862069 0.407609375 0.4235467980295567 0.40199999999999997 0.41682266009852215 0.39451562500000004 0.4130295566502463
3 0.6633281249999999 0.5152216748768473 0.669109375 0.5162315270935961 0.67903125 0.5041133004926108 0.685125 0.4879310344827586 0.686734375 0.4692610837438424 0.6899375 0.46369458128078817 0.695703125 0.45460591133004924 0.7001875 0.43692118226600984 0.6953750000000001 0.41773399014778323 0.68865625 0.40662561576354683 0.679359375 0.40105911330049265 0.66975 0.4005665024630542 0.6620468749999999 0.4091379310344828 0.6524375 0.41519704433497534 0.6370625000000001 0.42428571428571427 0.634171875 0.43844827586206897 0.644109375 0.4495566502463054 0.65115625 0.4596551724137931 0.6562812499999999 0.4783497536945813 0.659484375 0.49551724137931036 0.6620468749999999 0.5101724137931034
3 0.630328125 0.525320197044335 0.6319375 0.5414778325123153 0.640578125 0.5505665024630542 0.6524375 0.5536206896551724 0.6601250000000001 0.5409852216748768 0.6620468749999999 0.5167241379310344 0.656609375 0.4823891625615763 0.65115625 0.46320197044334976 0.645390625 0.4495566502463054 0.636421875 0.4455172413793103 0.625203125 0.4460098522167488 0.625203125 0.455615763546798 0.62809375 0.4626847290640394 0.63096875 0.4667241379310345 0.632890625 0.47985221674876843 0.6296875 0.5051231527093596