0 0.487254509018036 0.5591317365269461 0.4882364729458918 0.5547904191616767 0.4955310621242485 0.5526047904191617 0.5028456913827655 0.5598802395209581 0.5033266533066132 0.5714970059880239 0.4984569138276553 0.5780538922155688 0.4965130260521042 0.5787724550898203 0.4926052104208417 0.5758682634730539 0.4887174348697395 0.5707784431137725
3 0.37869739478957914 0.5293113772455089 0.37771543086172343 0.5424251497005987 0.38745490981963926 0.5671556886227546 0.39328657314629256 0.5838622754491017 0.4010821643286573 0.5991616766467066 0.4118036072144289 0.5991616766467066 0.42104208416833666 0.5882335329341317 0.4225050100200401 0.5649700598802395 0.4225050100200401 0.5409580838323353 0.4225050100200401 0.5249700598802395 0.40496993987975954 0.5198802395209581 0.3928056112224449 0.5249700598802395
3 0.5977755511022045 0.487125748502994 0.6114028056112224 0.5126047904191617 0.6294188376753507 0.521317365269461 0.6537675350701403 0.5169461077844312 0.6595991983967936 0.5045808383233533 0.6601002004008015 0.4820359281437126 0.6659318637274549 0.46967065868263475 0.6693386773547094 0.451497005988024 0.6678757515030059 0.4311377245508982 0.6601002004008015 0.4231137724550898 0.6352705410821643 0.42239520958083837 0.6230861723446894 0.408562874251497 0.608496993987976 0.4078443113772455 0.5997194388777555 0.42167664670658683 0.5899799599198396 0.4369461077844311 0.5802404809619239 0.45368263473053894 0.5880360721442885 0.4689520958083832 0.5977755511022045 0.48131736526946106
3 0.5583967935871743 0.20949101796407185 0.5644889779559118 0.22949101796407187 0.5819238476953907 0.24829341317365272 0.5945090180360721 0.26464071856287424 0.6095190380761523 0.2713173652694611 0.6188577154308618 0.2555688622754491 0.625751503006012 0.2300898203592814 0.6277755511022044 0.21008982035928145 0.6285971943887776 0.17859281437125749 0.625751503006012 0.15434131736526946 0.6062725450901804 0.16335329341317367 0.585991983967936 0.17553892215568864 0.5754308617234468 0.190688622754491 0.5648897795591182 0.2010179640718563
3 0.23322645290581162 0.4807784431137725 0.21821643286573147 0.4920059880239521 0.20927855711422846 0.503562874251497 0.20364729458917838 0.5217964071856287 0.20647294589178358 0.5435628742514971 0.2123446893787575 0.5681137724550899 0.2191382765531062 0.5852994011976048 0.23252505010020041 0.5902095808383233 0.24637274549098195 0.5828443113772455 0.2576553106212425 0.5730239520958084 0.2630460921843687 0.5617964071856287 0.2675150300601203 0.5488323353293413 0.26915831663326656 0.5344311377245509 0.2750300601202405 0.5179640718562875 0.27947895791583166 0.5053293413173653 0.27831663326653305 0.4877844311377245 0.2677555110220441 0.47937125748502996 0.24731462925851702 0.47901197604790424 0.235811623246493 0.47796407185628736
3 0.17498997995991983 0.3706586826347305 0.1662124248496994 0.3863173652694611 0.16046092184368735 0.40904191616766467 0.15943887775551102 0.436317365269461 0.16012024048096193 0.46260479041916164 0.17026052104208417 0.4868263473053892 0.19122244488977957 0.4923952095808383 0.21354709418837675 0.49290419161676646 0.23314629258517033 0.4787425149700599 0.2517434869739479 0.46916167664670655 0.2473547094188377 0.44389221556886227 0.23112224448897795 0.40754491017964073 0.21691382765531061 0.3838023952095808 0.20340681362725452 0.3706586826347305 0.1844689378757515 0.3630838323353293
3 0.47849699398797596 0.5227844311377245 0.48238476953907816 0.5482335329341318 0.4887174348697395 0.5693413173652695 0.5062525050100201 0.5918862275449102 0.5223046092184369 0.5933233532934131 0.536432865731463 0.5817065868263472 0.5447094188376753 0.5598802395209581 0.5471342685370741 0.5431437125748503 0.5485971943887775 0.5264071856287424 0.5471342685370741 0.4958682634730539 0.5335070140280561 0.489311377245509 0.5125851703406814 0.48859281437125746 0.4945691382765531 0.49805389221556884
3 0.5510420841683368 0.4900299401197604 0.550060120240481 0.5111377245508982 0.5471342685370741 0.5351497005988024 0.5495791583166333 0.5576946107784432 0.5607815631262525 0.5744311377245509 0.5802404809619239 0.5875149700598802 0.5943687374749499 0.5947904191616766 0.6089779559118237 0.5802395209580838 0.614809619238477 0.5598802395209581 0.6138476953907815 0.5235029940119761 0.6050701402805612 0.5009580838323353 0.5943687374749499 0.48278443113772457 0.5851102204408818 0.4594910179640719 0.5719639278557115 0.44568862275449106 0.5651503006012024 0.4464071856287425 0.5588376753507014 0.45221556886227543 0.5544488977955913 0.46967065868263475
3 0.3290180360721443 0.5293113772455089 0.32999999999999996 0.5555089820359281 0.3309819639278557 0.5824251497005988 0.3392585170340681 0.5955089820359282 0.35044088176352706 0.5984131736526946 0.3601803607214429 0.5904191616766467 0.3709018036072145 0.5700598802395209 0.3752705410821643 0.5504191616766467 0.3767334669338678 0.5322455089820359 0.37236472945891785 0.5191317365269461 0.3601803607214429 0.5118562874251498 0.34266533066132265 0.5111377245508982 0.33779559118236474 0.5169461077844312
1 0.24565130260521043 0.48532934131736527 0.24937875751503005 0.5080538922155688 0.2453306613226453 0.5262275449101796 0.23450901803607213 0.541377245508982 0.23248496993987977 0.5565568862275448 0.23180360721442886 0.5737125748502994 0.2375551102204409 0.5863473053892215 0.2490380761523046 0.5817964071856288 0.2588577154308617 0.5726946107784431 0.26629258517034066 0.5600898203592815 0.26899799599198393 0.5403892215568863 0.2727054108216433 0.5216766467065869 0.2784569138276553 0.5040119760479042 0.2777755511022044 0.4878443113772455 0.26797595190380763 0.4777544910179641 0.2551302605210421 0.4797604790419162
3 0.27645290581162324 0.5162275449101796 0.2686573146292585 0.5387724550898203 0.2657314629258517 0.565688622754491 0.2662324649298597 0.5867964071856288 0.2740080160320641 0.6129640718562874 0.28813627254509017 0.6209580838323353 0.3003006012024048 0.6137125748502994 0.3134468937875751 0.6020658682634731 0.32172344689378757 0.5787724550898203 0.32366733466933867 0.5635029940119761 0.3202605210420842 0.5526047904191617 0.311503006012024 0.5162275449101796 0.3066332665330661 0.5002395209580839 0.30176352705410825 0.48859281437125746 0.29396793587174347 0.49077844311377244 0.2856913827655311 0.4994910179640719 0.27935871743486973 0.5060479041916168
3 0.4385771543086172 0.5264071856287424 0.4366332665330661 0.5460479041916168 0.4380761523046092 0.567874251497006 0.44198396793587175 0.5969760479041916 0.4556112224448898 0.612245508982036 0.47947895791583167 0.6253293413173653 0.4882364729458918 0.6195209580838323 0.4853106212424849 0.5969760479041916 0.48432865731462926 0.5831437125748503 0.4828857715430862 0.5605988023952096 0.48092184368737473 0.5307784431137724 0.47362725450901805 0.5235029940119761 0.4609619238476954 0.521317365269461 0.44392785571142285 0.521317365269461
0 0.2608016032064128 0.48500000000000004 0.2561923847695391 0.48859281437125746 0.25458917835671346 0.4990718562874251 0.2571943887775551 0.5029640718562874 0.26160320641282564 0.5023652694610778 0.2666132264529058 0.4987724550898204 0.2692184368737475 0.49517964071856285 0.26701402805611224 0.48979041916167665
0 0.1835871743486974 0.4064670658682634 0.17468937875751503 0.4118562874251497 0.16771543086172344 0.4189520958083833 0.16967935871743486 0.43143712574850296 0.1749298597194389 0.43434131736526943 0.1866332665330661 0.4301796407185629 0.19470941883767534 0.42392215568862274 0.20639278557114227 0.416437125748503 0.21172344689378758 0.41601796407185626 0.22172344689378756 0.4226946107784431 0.23288577154308615 0.43101796407185633 0.23623246492985972 0.43434131736526943 0.23595190380761522 0.4268562874251497 0.2281563126252505 0.41437125748502995 0.22034068136272544 0.4039520958083832 0.21172344689378758 0.3968862275449102 0.19306613226452907 0.39814371257485026