3 0.7398876404494382 0.34485 0.7543071161048689 0.359 0.7745318352059926 0.34850000000000003 0.7856554307116105 0.3169 0.7908988764044943 0.29245 0.7967790262172285 0.27149999999999996 0.7843820224719101 0.268 0.7667041198501873 0.2846 0.7523220973782772 0.30205 0.74187265917603 0.31865
3 0.36397003745318357 0.33085000000000003 0.349438202247191 0.349 0.3456928838951311 0.3735 0.3495880149812734 0.4042 0.3547940074906367 0.4269 0.3835580524344569 0.42515000000000003 0.4143071161048689 0.4269 0.44307116104868915 0.419 0.4561423220973783 0.4068 0.45681647940074904 0.37975000000000003 0.4543071161048689 0.35600000000000004 0.4417602996254682 0.3431 0.42018726591760297 0.32125 0.3888014981273408 0.31165
3 0.6019475655430712 0.34045000000000003 0.591498127340824 0.3527 0.5843071161048689 0.37015 0.587565543071161 0.38935000000000003 0.6006367041198502 0.3937 0.6241947565543071 0.39635 0.6385767790262172 0.3972 0.6555805243445693 0.38409999999999994 0.6660299625468166 0.36229999999999996 0.6699625468164794 0.32825000000000004 0.6647191011235954 0.3099 0.6542696629213484 0.29595 0.6385767790262172 0.29595 0.6163295880149813 0.3143 0.6038951310861423 0.33085000000000003
3 0.722247191011236 0.385 0.712434456928839 0.39545 0.7032958801498127 0.4068 0.7144194756554307 0.42950000000000005 0.722247191011236 0.4487 0.7366292134831461 0.45130000000000003 0.7523220973782772 0.4382 0.7640823970037453 0.42515000000000003 0.7738951310861423 0.40595 0.7732584269662922 0.38675 0.7595131086142322 0.3754 0.7438202247191011 0.3675 0.7261797752808988 0.37189999999999995
3 0.5614232209737828 0.4269 0.5646816479400749 0.46090000000000003 0.5744943820224718 0.48534999999999995 0.5895131086142322 0.49235 0.6150187265917604 0.488 0.6280898876404494 0.48625 0.6398876404494381 0.48185 0.6359550561797753 0.45915 0.6313857677902622 0.4321 0.6287640449438202 0.41555 0.6254681647940075 0.3972 0.6038951310861423 0.39020000000000005 0.58561797752809 0.3876 0.5797003745318352 0.39635 0.575805243445693 0.4138
3 0.4973408239700374 0.33085000000000003 0.4829588014981273 0.3492 0.4672659176029963 0.37189999999999995 0.4700374531835206 0.40149999999999997 0.47265917602996255 0.42700000000000005 0.5038576779026217 0.4321 0.5365543071161049 0.42774999999999996 0.5633707865168539 0.42424999999999996 0.5779026217228465 0.418 0.5816853932584269 0.36924999999999997 0.5810112359550562 0.33695 0.5659925093632959 0.32215000000000005 0.533932584269663 0.3099 0.5084644194756553 0.3169
3 0.3547940074906367 0.4321 0.3515355805243446 0.45305 0.35217228464419476 0.47314999999999996 0.35217228464419476 0.48885 0.35872659176029964 0.4941 0.38224719101123594 0.49495 0.40254681647940077 0.4941 0.41625468164794005 0.49145000000000005 0.42213483146067415 0.4644 0.42344569288389516 0.4426 0.42213483146067415 0.4269 0.40973782771535583 0.42424999999999996 0.38224719101123594 0.42424999999999996 0.36067415730337077 0.42424999999999996
3 0.1750187265917603 0.2724 0.1658426966292135 0.2872 0.1697752808988764 0.3134 0.17958801498127341 0.34395000000000003 0.18808988764044943 0.37274999999999997 0.2096629213483146 0.38234999999999997 0.2358052434456929 0.3754 0.251498127340824 0.3527 0.2541198501872659 0.32909999999999995 0.2456179775280899 0.316 0.2201123595505618 0.3003 0.20704119850187266 0.29245 0.1946067415730337 0.282
3 0.42801498127340826 0.45305 0.4306367041198502 0.47840000000000005 0.43913857677902624 0.49585 0.4561423220973783 0.50105 0.4809737827715355 0.49145000000000005 0.4914606741573034 0.4775 0.49277153558052433 0.45045 0.4920973782771535 0.43125 0.47445692883895135 0.42340000000000005 0.47119850187265916 0.41729999999999995 0.4672659176029963 0.4007 0.45745318352059927 0.4007 0.44895131086142326 0.41465 0.4352059925093633 0.42424999999999996 0.4241198501872659 0.43034999999999995
3 0.27632958801498125 0.4103 0.26719101123595507 0.43384999999999996 0.25936329588014984 0.46354999999999996 0.26588014981273406 0.48275 0.28745318352059923 0.49145000000000005 0.3195131086142322 0.49845 0.33779026217228464 0.48710000000000003 0.3482771535580524 0.45305 0.3495880149812734 0.42515000000000003 0.33910112359550565 0.4042 0.32865168539325845 0.40595 0.3110112359550562 0.41115 0.2940074906367041 0.40595 0.2815730337078652 0.4068
3 0.4986516853932584 0.4391 0.4986516853932584 0.46615 0.5025842696629214 0.49495 0.5143445692883896 0.50105 0.5378651685393259 0.50195 0.553558052434457 0.49585 0.5614232209737828 0.47575 0.5620599250936329 0.44520000000000004 0.5620599250936329 0.4321 0.5561797752808989 0.42774999999999996 0.5306741573033708 0.4286 0.5064794007490636 0.43125
3 0.27831460674157305 0.3003 0.2652434456928839 0.3204 0.26 0.33525 0.26393258426966293 0.35965 0.271123595505618 0.38675 0.2789513108614232 0.4007 0.30382022471910114 0.40854999999999997 0.3260299625468165 0.40595 0.33779026217228464 0.38060000000000005 0.3397752808988764 0.3527 0.32996254681647935 0.33435000000000004 0.3097003745318352 0.3195 0.2985767790262172 0.30469999999999997 0.29333333333333333 0.29335
3 0.1854681647940075 0.37884999999999996 0.18415730337078653 0.39285 0.17958801498127341 0.4164 0.1847940074906367 0.43560000000000004 0.1946067415730337 0.44955 0.21617977528089888 0.46265 0.2338576779026217 0.46354999999999996 0.2456179775280899 0.44784999999999997 0.2606367041198502 0.42164999999999997 0.268501872659176 0.39805 0.2645692883895131 0.37365000000000004 0.24756554307116102 0.36579999999999996 0.2338576779026217 0.37450000000000006 0.21228464419475657 0.37975000000000003 0.1913483146067416 0.37884999999999996
3 0.6719101123595506 0.34745 0.6791011235955056 0.3614 0.6915355805243445 0.38409999999999994 0.702621722846442 0.3972 0.7216104868913857 0.38585 0.7346816479400748 0.3518 0.74187265917603 0.3239 0.7444943820224719 0.29595 0.7444943820224719 0.27325 0.729438202247191 0.2785 0.7091760299625468 0.29595 0.6849812734082397 0.3099 0.6732209737827716 0.3239
3 0.6430711610486891 0.39899999999999997 0.6367041198501873 0.418 0.6392134831460674 0.44170000000000004 0.6398876404494381 0.4653 0.6450936329588015 0.48185 0.6705992509363297 0.47575 0.6980524344569288 0.4679 0.7078651685393258 0.45655 0.7085393258426966 0.4391 0.6962546816479401 0.4025 0.6876029962546817 0.37365000000000004 0.6674157303370786 0.3685