3 0.5472953736654804 0.574413407821229 0.5433096085409252 0.5869832402234636 0.5426334519572953 0.6194413407821229 0.5506405693950177 0.6435195530726256 0.5659786476868327 0.6749162011173184 0.5833451957295374 0.6832960893854749 0.6033451957295374 0.6655307262569832 0.6220284697508897 0.6288268156424581 0.6273665480427046 0.5932402234636871 0.6233807829181495 0.5618435754189943 0.6120284697508896 0.5492737430167597 0.5860142348754448 0.5492737430167597 0.5606405693950177 0.5586592178770949 0.5499644128113879 0.5712290502793296
3 0.46056939501779354 0.5911731843575418 0.463914590747331 0.6215083798882681 0.4752313167259786 0.6497765363128492 0.4852669039145908 0.6739106145251397 0.5086120996441281 0.6822905027932961 0.5259430604982206 0.6781005586592178 0.5419572953736654 0.6508379888268156 0.5439857651245552 0.6183798882681564 0.5426334519572953 0.5869832402234636 0.5279715302491104 0.581731843575419 0.4992526690391459 0.5754189944134078 0.47992882562277583 0.5702234636871508 0.4719217081850534 0.581731843575419
3 0.6814234875444839 0.47698324022346367 0.7107829181494661 0.5083798882681564 0.7287900355871886 0.5188826815642458 0.7574733096085409 0.5094413407821229 0.7734875444839857 0.48117318435754186 0.7848398576512455 0.4560335195530726 0.7814946619217081 0.40156424581005584 0.7641637010676157 0.3889944134078212 0.731459074733096 0.3784916201117318 0.7001067615658363 0.3711731843575419 0.6820996441281139 0.39106145251396646 0.6767615658362989 0.4256424581005587 0.6734163701067615 0.4570949720670391
3 0.5090747330960854 0.0065921787709497205 0.4970818505338079 0.029217877094972068 0.49466192170818507 0.0606145251396648 0.49306049822064063 0.09458100558659217 0.4914590747330961 0.1335195530726257 0.4906761565836299 0.17374301675977655 0.5042704626334519 0.19513966480446926 0.5419217081850534 0.20391061452513967 0.5915658362989323 0.2001675977653631 0.6203914590747331 0.18128491620111734 0.6380071174377224 0.15743016759776537 0.6380071174377224 0.0970949720670391 0.6348042704626334 0.05558659217877095 0.626797153024911 0.02541899441340782 0.6139857651245552 0.0065921787709497205 0.6034875444839858 0 0.5216370106761566 0
3 0.792846975088968 0.1564804469273743 0.7728469750889679 0.18368715083798884 0.767508896797153 0.2088268156424581 0.767508896797153 0.23502793296089386 0.7748398576512455 0.25491620111731844 0.7948398576512455 0.26435754189944133 0.8155160142348754 0.2716759776536313 0.8282206405693949 0.2800558659217877 0.8508896797153025 0.25804469273743014 0.858220640569395 0.22558659217877097 0.8669039145907473 0.18368715083798884 0.868256227758007 0.16692737430167598 0.8642348754448398 0.15016759776536312 0.8502135231316725 0.13340782122905026 0.8235231316725978 0.12921787709497207 0.8015302491103202 0.136536312849162
3 0.36597864768683275 0 0.36498220640569395 0.002793296089385475 0.35697508896797153 0.034245810055865925 0.3545551601423487 0.08575418994413407 0.35537366548042704 0.1322905027932961 0.36256227758007115 0.17502793296089383 0.3874021352313167 0.2077094972067039 0.431423487544484 0.21022346368715086 0.4682562277580072 0.2001675977653631 0.48665480427046265 0.17374301675977655 0.48985765124555164 0.1335195530726257 0.4906761565836299 0.07067039106145252 0.484270462633452 0.024189944134078212 0.475017793594306 0
3 0.7241281138790036 0.3753631284916201 0.7154448398576512 0.3607262569832402 0.7147686832740213 0.3418435754189944 0.7154448398576512 0.31670391061452513 0.7281138790035587 0.2831843575418994 0.742135231316726 0.2664245810055866 0.7654804270462633 0.26016759776536313 0.7914946619217081 0.2654189944134078 0.812846975088968 0.2706145251396648 0.8308896797153025 0.305195530726257 0.8308896797153025 0.32927374301675977 0.8261921708185054 0.3627932960893855 0.8148754448398576 0.39631284916201115 0.7968327402135231 0.4088826815642458 0.7848398576512455 0.40681564245810053 0.7708185053380783 0.3931843575418994 0.7488256227758007 0.38793296089385476 0.7348042704626334 0.38061452513966476
3 0.2677580071174377 0.45497206703910614 0.26241992882562276 0.45916201117318434 0.25441281138790034 0.5 0.26441281138790035 0.5251396648044693 0.2824199288256228 0.5565921787709497 0.29444839857651245 0.5733519553072626 0.31576512455516015 0.5702234636871508 0.321779359430605 0.5460893854748603 0.3277935943060498 0.515754189944134 0.34113879003558717 0.5063128491620111 0.33380782918149465 0.48743016759776536 0.3104270462633452 0.4654748603351955 0.29444839857651245 0.4560335195530726 0.27373665480427045 0.4581005586592179
3 0.38782918149466195 0.5806703910614525 0.3904982206405694 0.6005586592178771 0.3985053380782918 0.6278212290502793 0.4098576512455516 0.6518994413407821 0.42519572953736656 0.6655307262569832 0.4405693950177936 0.666536312849162 0.4565480427046263 0.6581564245810057 0.4645551601423487 0.6236312849162011 0.4665836298932385 0.5869832402234636 0.44722419928825624 0.5702234636871508 0.423202846975089 0.5649720670391061 0.3965124555160142 0.5618435754189943
3 0.18320284697508896 0.005307262569832402 0.1904270462633452 0.03547486033519553 0.21202846975088968 0.09078212290502793 0.22245551601423486 0.11089385474860336 0.24245551601423487 0.11089385474860336 0.2600711743772242 0.06564245810055866 0.26729537366548045 0.029217877094972068 0.2693594306049822 0 0.22896797153024911 0
3 0.20903914590747333 0.35022346368715085 0.19434163701067617 0.3722346368715084 0.19234875444839858 0.3984357541899441 0.20434163701067617 0.42877094972067037 0.22370106761565836 0.4581005586592179 0.24238434163701067 0.48324022346368717 0.25505338078291817 0.4884916201117318 0.261067615658363 0.4570949720670391 0.2830960854092527 0.45290502793296084 0.30110320284697506 0.43402234636871506 0.2991103202846975 0.3732960893854748 0.2877580071174377 0.35653631284916204 0.26174377224199286 0.3439664804469274 0.2310320284697509 0.3439664804469274
3 0.6412099644128114 0.0065921787709497205 0.6380071174377224 0.027932960893854747 0.636405693950178 0.07446927374301676 0.6412099644128114 0.1247486033519553 0.6580071174377224 0.14737430167597765 0.7021352313167261 0.14636871508379887 0.7238434163701067 0.11843575418994413 0.7268683274021353 0.0606145251396648 0.7181494661921709 0.0016759776536312849
3 0.2704982206405694 0.001564245810055866 0.2632740213523132 0.034245810055865925 0.26409252669039146 0.09458100558659217 0.27448398576512456 0.12977653631284916 0.29690391459074733 0.15743016759776537 0.33455516014234876 0.15865921787709497 0.3497508896797153 0.14106145251396648 0.3561565836298932 0.08826815642458101 0.3593594306049822 0.020391061452513966 0.3593594306049822 0 0.2826690391459075 0
3 0.6186832740213523 0.5398324022346368 0.6220284697508897 0.5702234636871508 0.6393950177935943 0.6047486033519553 0.6560498220640569 0.6183798882681564 0.6868327402135231 0.6027932960893855 0.7042704626334519 0.5754189944134078 0.7088967971530249 0.5536312849162011 0.7099644128113879 0.517877094972067 0.7040925266903915 0.49268156424581006 0.6774021352313168 0.4853631284916201 0.6500711743772242 0.49268156424581006 0.6280427046263345 0.5105027932960894
3 0.7213523131672598 0 0.7244839857651246 0.0329608938547486 0.7356939501779359 0.07446927374301676 0.7485053380782919 0.09206703910614525 0.7508896797153025 0.10083798882681565 0.7709252669039146 0.10966480446927374 0.7885053380782918 0.07569832402234637 0.8013167259786477 0.03798882681564246 0.8077224199288257 0.009106145251396648 0.8066903914590747 0
3 0.331779359430605 0.5125698324022346 0.3211032028469751 0.5325139664804469 0.3211032028469751 0.5618435754189943 0.3304626334519573 0.5932402234636871 0.34779359430604984 0.6288268156424581 0.3718149466192171 0.6393296089385475 0.38782918149466195 0.6298882681564246 0.39583629893238437 0.6047486033519553 0.3871886120996441 0.5827932960893855 0.3918505338078292 0.5597206703910614 0.3938434163701068 0.544022346368715 0.3704982206405694 0.5241340782122904 0.3404626334519573 0.515754189944134