3 0.1190677966101695 0.3579746835443038 0.10995762711864407 0.39462025316455696 0.10711864406779661 0.46689873417721517 0.10995762711864407 0.4920253164556962 0.1253813559322034 0.5119620253164557 0.1471186440677966 0.509873417721519 0.16533898305084746 0.4941772151898734 0.1702542372881356 0.4501898734177215 0.1702542372881356 0.40721518987341776 0.16885593220338985 0.3663924050632911 0.15271186440677967 0.34645569620253164 0.1386864406779661 0.3381012658227848
3 0.8753813559322035 0.460126582278481 0.8896610169491526 0.48512658227848104 0.8989406779661017 0.49151898734177213 0.9098728813559321 0.49151898734177213 0.9183050847457627 0.4663924050632911 0.9199576271186442 0.4373417721518987 0.9258474576271186 0.39462025316455696 0.9241949152542374 0.36322784810126585 0.9157627118644068 0.3317721518987342 0.9031355932203389 0.3179746835443038 0.8930508474576271 0.3141772151898734 0.8846186440677967 0.34310126582278483 0.8719915254237288 0.3732278481012658 0.8686440677966102 0.3934810126582279 0.8719915254237288 0.4235443037974684 0.8736864406779661 0.4525949367088608
3 0.14572033898305084 0.6010126582278481 0.1471186440677966 0.6334810126582279 0.16114406779661017 0.670126582278481 0.17516949152542374 0.6879113924050633 0.1983050847457627 0.6868987341772151 0.21372881355932202 0.646012658227848 0.21864406779661016 0.5967721518987342 0.22423728813559324 0.5517721518987342 0.22004237288135592 0.5213924050632911 0.2018220338983051 0.5140506329113924 0.17377118644067796 0.5129746835443038 0.1646186440677966 0.5067088607594937 0.15974576271186441 0.5287341772151899 0.1555084745762712 0.5622151898734177
3 0.5397881355932204 0.33601265822784815 0.5286016949152542 0.3831012658227848 0.5229661016949153 0.4334177215189874 0.5250847457627119 0.47632911392405064 0.5383898305084746 0.5067088607594937 0.5839830508474576 0.5172151898734177 0.6246610169491524 0.5129746835443038 0.6646186440677966 0.4826582278481013 0.6646186440677966 0.44702531645569615 0.6590254237288136 0.38626582278481014 0.650593220338983 0.35170886075949365 0.6274576271186442 0.30873417721518986 0.599406779661017 0.289873417721519 0.5685593220338984 0.2972151898734177
3 0.6260593220338984 0.5213924050632911 0.6225423728813558 0.5444303797468354 0.6253389830508476 0.6187974683544304 0.6344491525423729 0.6533544303797468 0.6428813559322034 0.6816455696202531 0.6583050847457628 0.7078481012658228 0.6758474576271186 0.7099367088607595 0.6954661016949152 0.6942405063291139 0.7025 0.6732911392405063 0.7025 0.640759493670886 0.7130084745762713 0.5989240506329113 0.7242372881355932 0.5695569620253165 0.7228389830508475 0.5391772151898734 0.7094915254237288 0.5119620253164557 0.6870762711864407 0.49518987341772147 0.6561864406779662 0.4941772151898734 0.6379661016949153 0.5087974683544304
3 0.22351694915254236 0.5988607594936709 0.2340677966101695 0.6533544303797468 0.23826271186440676 0.6889873417721519 0.2508898305084746 0.7057594936708861 0.26843220338983054 0.6942405063291139 0.28593220338983055 0.6669620253164557 0.30838983050847457 0.6324050632911392 0.31682203389830504 0.5873417721518988 0.3069915254237288 0.5433544303797468 0.27894067796610167 0.5161392405063291 0.24245762711864408 0.5036075949367088 0.22635593220338984 0.529746835443038 0.22072033898305085 0.554873417721519
3 0.6758474576271186 0.38101265822784813 0.6723305084745762 0.4009493670886076 0.6695338983050847 0.43968354430379747 0.6807627118644067 0.4815822784810127 0.6968644067796611 0.5025316455696203 0.7186016949152543 0.5087974683544304 0.7431779661016948 0.5067088607594937 0.7592796610169491 0.5140506329113924 0.7789406779661018 0.4983544303797468 0.7845338983050848 0.4449367088607595 0.7768220338983052 0.4061392405063291 0.771906779661017 0.3758227848101266 0.7627966101694915 0.3454430379746835 0.7522881355932203 0.32234177215189874 0.742457627118644 0.30873417721518986 0.7242372881355932 0.2909493670886076 0.7088135593220339 0.2888607594936709 0.6870762711864407 0.3108227848101266 0.6765254237288135 0.34962025316455697
3 0.3182203389830508 0.6167088607594936 0.3154237288135593 0.6292405063291139 0.31961864406779666 0.6586075949367088 0.32661016949152544 0.6868987341772151 0.3448728813559322 0.7172784810126582 0.37148305084745764 0.7193670886075949 0.3974576271186441 0.6816455696202531 0.41076271186440677 0.6376582278481012 0.42127118644067796 0.5800632911392405 0.4177966101694915 0.5496835443037974 0.409364406779661 0.5203164556962024 0.3700847457627119 0.5036075949367088 0.33364406779661016 0.5129746835443038 0.31889830508474576 0.5465189873417721 0.3133050847457627 0.5758227848101266
3 0.42550847457627117 0.5695569620253165 0.42550847457627117 0.6093670886075949 0.43110169491525424 0.6617088607594936 0.4402118644067797 0.7036075949367089 0.46898305084745767 0.7277215189873418 0.49631355932203386 0.7067721518987342 0.5152542372881356 0.6586075949367088 0.513135593220339 0.6031645569620253 0.5186440677966102 0.560126582278481 0.5161016949152543 0.5278481012658228 0.5124576271186441 0.5193037974683544 0.4717796610169492 0.5172151898734177 0.4318220338983051 0.5172151898734177 0.43110169491525424 0.5245569620253164
3 0.2866525423728814 0.3349367088607595 0.2747457627118644 0.36322784810126585 0.26351694915254237 0.41981012658227845 0.25648305084745765 0.44803797468354434 0.27122881355932205 0.5025316455696203 0.2915677966101695 0.5151265822784811 0.30627118644067797 0.5151265822784811 0.32593220338983053 0.5108860759493671 0.3476694915254237 0.4878481012658228 0.3588983050847458 0.46898734177215184 0.36309322033898306 0.4218987341772152 0.3588983050847458 0.3820886075949367 0.34906779661016946 0.34753164556962024 0.33084745762711865 0.32234177215189874 0.31470338983050844 0.3118987341772152
3 0.8175 0.5193037974683544 0.8181779661016949 0.5412658227848101 0.8161016949152542 0.5674683544303797 0.8153813559322034 0.5946835443037974 0.8147033898305085 0.6187974683544304 0.8343220338983051 0.6481012658227848 0.8427542372881356 0.6575316455696203 0.8560593220338983 0.6617088607594936 0.8679661016949153 0.634493670886076 0.8763983050847458 0.6072784810126582 0.8799152542372881 0.5727215189873417 0.8791949152542373 0.5213924050632911 0.8763983050847458 0.49518987341772147 0.8756779661016949 0.48050632911392405 0.8658898305084746 0.4931012658227848 0.8462288135593221 0.5140506329113924 0.8371186440677966 0.5213924050632911 0.8244915254237288 0.5067088607594937
3 0.524364406779661 0.5308227848101266 0.5215677966101695 0.560126582278481 0.5222881355932204 0.6156329113924051 0.5229661016949153 0.6544303797468355 0.5369915254237289 0.6973417721518987 0.5488983050847457 0.7172784810126582 0.5720762711864407 0.7130379746835442 0.6015254237288136 0.6586075949367088 0.6078389830508474 0.6219620253164557 0.616228813559322 0.5800632911392405 0.6176271186440677 0.545506329113924 0.6141525423728813 0.5234810126582278 0.5916949152542372 0.5151265822784811 0.5517372881355933 0.5140506329113924 0.535593220338983 0.5140506329113924
3 0.4065677966101695 0.2962025316455696 0.38902542372881355 0.3401898734177215 0.3777966101694915 0.4030379746835443 0.3722033898305085 0.43651898734177214 0.37360169491525425 0.46689873417721517 0.398135593220339 0.5004430379746835 0.43042372881355934 0.5119620253164557 0.455635593220339 0.5224050632911392 0.4844067796610169 0.5287341772151899 0.5047457627118644 0.5213924050632911 0.5124576271186441 0.484746835443038 0.5124576271186441 0.4438607594936709 0.507542372881356 0.38734177215189874 0.49563559322033895 0.32867088607594935 0.48021186440677965 0.2941139240506329 0.455635593220339 0.28468354430379744
3 0.731228813559322 0.5193037974683544 0.7242372881355932 0.5465189873417721 0.7228389830508475 0.5768987341772153 0.7291525423728814 0.6114556962025316 0.7375423728813559 0.6365822784810127 0.7536864406779661 0.6743037974683544 0.7705084745762713 0.7088607594936709 0.783135593220339 0.7099367088607595 0.7873305084745763 0.6994303797468355 0.7985593220338983 0.659620253164557 0.8097881355932204 0.6051898734177216 0.8167796610169491 0.5486075949367089 0.8153813559322034 0.5067088607594937 0.8034745762711865 0.48993670886075946 0.7733050847457628 0.5025316455696203 0.7572033898305084 0.5151265822784811 0.7382627118644067 0.5108860759493671
3 0.18216101694915254 0.3307594936708861 0.17093220338983053 0.37265822784810126 0.16673728813559321 0.4281645569620254 0.16953389830508472 0.4774050632911393 0.18004237288135594 0.5108860759493671 0.20461864406779662 0.5161392405063291 0.22915254237288135 0.5004430379746835 0.25228813559322033 0.4732278481012658 0.2593220338983051 0.4270886075949367 0.2572033898305085 0.38101265822784813 0.24809322033898304 0.3391139240506329 0.23546610169491525 0.3108227848101266 0.2151271186440678 0.30145569620253165
3 0.7866525423728814 0.4617088607594937 0.7922457627118644 0.4753164556962025 0.806271186440678 0.49518987341772147 0.829406779661017 0.5108860759493671 0.8448305084745763 0.5203164556962024 0.8616525423728814 0.4983544303797468 0.8722033898305085 0.46898734177215184 0.8728813559322034 0.43860759493670887 0.8686864406779661 0.39044303797468355 0.863771186440678 0.3600632911392405 0.858177966101695 0.3349367088607595 0.8441525423728814 0.3118987341772152 0.829406779661017 0.3035443037974684 0.8153813559322034 0.3129746835443038 0.7992796610169491 0.3391139240506329 0.783135593220339 0.369493670886076 0.7733050847457628 0.4061392405063291 0.7782203389830509 0.41455696202531644 0.7810169491525424 0.43550632911392406
3 0.11483050847457628 0.5308227848101266 0.10432203389830509 0.5737341772151899 0.10364406779661017 0.6167088607594936 0.12046610169491526 0.6240506329113924 0.14008474576271188 0.6114556962025316 0.15059322033898304 0.5779746835443037 0.16114406779661017 0.5224050632911392 0.1555084745762712 0.5077848101265823 0.12745762711864406 0.5161392405063291