3 0.6737451737451737 0.7510309278350515 0.6774131274131273 0.762680412371134 0.6806949806949807 0.788659793814433 0.6959073359073359 0.7888659793814432 0.7160617760617761 0.7801030927835052 0.7324324324324324 0.7728350515463918 0.7367953667953668 0.7619587628865979 0.7307722007722008 0.7473711340206186 0.7128185328185328 0.7328350515463917 0.6959073359073359 0.7372164948453609 0.6817374517374517 0.7408247422680412
3 0.5553667953667953 0.759742268041237 0.5559073359073359 0.782319587628866 0.5564478764478764 0.8034020618556702 0.5646332046332047 0.8135567010309279 0.5853281853281853 0.8150515463917526 0.6032818532818532 0.8150515463917526 0.6158301158301158 0.8121134020618558 0.6196525096525097 0.798298969072165 0.6207335907335908 0.779381443298969 0.6185328185328185 0.7582474226804123 0.6076447876447876 0.7452061855670102 0.5896911196911196 0.7444845360824742 0.5597297297297297 0.7452061855670102
3 0.7034362934362934 0.7325257731958763 0.7023552123552124 0.7151030927835051 0.7077992277992278 0.7078350515463917 0.7246718146718146 0.6976288659793815 0.7503088803088803 0.6997938144329896 0.766100386100386 0.6990721649484536 0.7726254826254827 0.7085567010309278 0.7666409266409266 0.7267525773195876 0.753011583011583 0.7478350515463918 0.7405019305019305 0.7579896907216496 0.7339382239382239 0.750721649484536 0.7235907335907336 0.7383505154639176 0.7121621621621621 0.7332989690721649
3 0.6316216216216216 0.7568556701030928 0.6240154440154441 0.7757731958762887 0.6218146718146719 0.793917525773196 0.6283783783783784 0.8070103092783505 0.655057915057915 0.802680412371134 0.6703088803088804 0.7961340206185566 0.6768339768339768 0.7815979381443299 0.6735907335907336 0.759742268041237 0.6654054054054054 0.7452061855670102 0.6545173745173746 0.739381443298969 0.6392664092664092 0.7473711340206186
3 0.2899227799227799 0.7471134020618556 0.2822779922779923 0.7558247422680412 0.28173745173745174 0.7761855670103094 0.296988416988417 0.793659793814433 0.31606177606177605 0.8023711340206185 0.3247876447876448 0.7878350515463918 0.33023166023166023 0.773298969072165 0.3351351351351351 0.7660309278350517 0.34003861003861 0.753659793814433 0.33949806949806954 0.7463917525773196 0.33405405405405403 0.7383505154639176 0.31223938223938225 0.7376288659793814 0.2920849420849421 0.7412886597938144
3 0.2550579150579151 0.6997938144329896 0.25123552123552123 0.7165463917525773 0.2539382239382239 0.7448969072164948 0.2648648648648648 0.7579896907216496 0.2762934362934363 0.7630927835051546 0.27683397683397687 0.769639175257732 0.28065637065637067 0.7710824742268041 0.2822779922779923 0.7587113402061856 0.28718146718146714 0.7529381443298969 0.2975289575289575 0.7448969072164948 0.3111583011583012 0.7412886597938144 0.32640926640926643 0.7376288659793814 0.33675675675675676 0.7230927835051546 0.3323938223938224 0.7143814432989691 0.33023166023166023 0.7078350515463917 0.30953667953667957 0.7027319587628866 0.28718146718146714 0.6990721649484536 0.273011583011583 0.6969072164948453
3 0.7317760617760618 0.6976288659793815 0.7312355212355212 0.6889175257731959 0.7372200772200772 0.6721649484536083 0.7415830115830115 0.6634536082474227 0.7595366795366796 0.6583505154639175 0.7813513513513514 0.6590721649484536 0.7911583011583011 0.6605154639175257 0.7846332046332046 0.6772680412371134 0.7731660231660231 0.6954639175257731 0.771003861003861 0.7012886597938145 0.7573745173745173 0.6969072164948453 0.7421235521235522 0.6976288659793815
3 0.454015444015444 0.7539175257731958 0.4431274131274131 0.7554123711340207 0.43876447876447877 0.7568556701030928 0.43440154440154444 0.7692268041237112 0.4393050193050193 0.7903092783505155 0.44362934362934364 0.8082474226804124 0.4578378378378378 0.8208762886597938 0.4730888030888031 0.8237628865979382 0.48610038610038614 0.8201030927835051 0.4922779922779923 0.8159793814432991 0.4954054054054054 0.799020618556701 0.49598455598455604 0.7815979381443299 0.4954054054054054 0.7685051546391752 0.49324324324324326 0.7575773195876289 0.47853281853281854 0.7524742268041237
3 0.34285714285714286 0.7480927835051546 0.33413127413127414 0.762680412371134 0.32054054054054054 0.7946907216494845 0.3194208494208494 0.8070103092783505 0.3335907335907336 0.817938144329897 0.3537451737451738 0.8215979381443298 0.3711969111969112 0.8215979381443298 0.381003861003861 0.8135567010309279 0.37992277992277995 0.8004639175257732 0.37555984555984556 0.7844845360824743 0.3722779922779923 0.7692268041237112 0.36957528957528957 0.7575773195876289 0.363011583011583 0.7430412371134021 0.3537451737451738 0.7408247422680412
3 0.41135135135135137 0.1715979381443299 0.4074131274131274 0.1942783505154639 0.40872586872586875 0.21520618556701032 0.4388030888030888 0.2143298969072165 0.48586872586872587 0.21262886597938144 0.49567567567567566 0.2047422680412371 0.49633204633204636 0.17768041237113402 0.4911196911196911 0.1558762886597938 0.4832818532818533 0.1479896907216495 0.4662548262548263 0.14190721649484536 0.4474903474903475 0.14432989690721648 0.43096525096525096 0.14716494845360825 0.41266409266409265 0.16195876288659794
3 0.3826254826254826 0.7575773195876289 0.3711969111969112 0.7735567010309278 0.37992277992277995 0.7946907216494845 0.3793822393822394 0.8055670103092784 0.3793822393822394 0.817938144329897 0.39517374517374515 0.8208762886597938 0.41586872586872586 0.822319587628866 0.43602316602316604 0.8193814432989691 0.4371428571428571 0.8099484536082474 0.43440154440154444 0.7931958762886597 0.4327799227799228 0.7772164948453608 0.43602316602316604 0.7655670103092784 0.4365637065637065 0.7604639175257732 0.4289575289575289 0.7546391752577319 0.4104247104247104 0.7510309278350515 0.38208494208494204 0.7539175257731958
3 0.49868725868725866 0.762680412371134 0.4970656370656371 0.782319587628866 0.5003088803088803 0.8077835051546393 0.5041312741312741 0.8164948453608247 0.5281081081081082 0.8208762886597938 0.5455598455598456 0.8208762886597938 0.5526254826254826 0.8092268041237114 0.5537065637065637 0.7866494845360825 0.5531660231660233 0.7662886597938144 0.5455598455598456 0.7531958762886598 0.527027027027027 0.7510309278350515 0.5084942084942085 0.7524742268041237
3 0.5054054054054055 0.16391752577319588 0.4976447876447876 0.18118556701030927 0.49633204633204636 0.20211340206185568 0.500926640926641 0.20824742268041235 0.5277220077220077 0.2143298969072165 0.5571428571428572 0.21520618556701032 0.5722007722007721 0.21237113402061858 0.5826254826254826 0.21185567010309278 0.5826640926640927 0.18118556701030927 0.5715444015444016 0.1654639175257732 0.5545173745173745 0.1558762886597938 0.5316602316602316 0.1497422680412371 0.5120463320463321 0.15412371134020617