3 0.6029687499999999 0.58859375 0.6029687499999999 0.63484375 0.6029687499999999 0.6828645833333334 0.610828125 0.7378645833333333 0.6192031250000001 0.76140625 0.64225 0.7727604166666667 0.660046875 0.7544270833333333 0.67 0.7134114583333333 0.67471875 0.6680208333333333 0.6809999999999999 0.6339843749999999 0.68309375 0.6147916666666667 0.67628125 0.6121614583333334 0.649046875 0.60953125 0.6244375 0.60953125 0.6118750000000001 0.5990624999999999
3 0.812453125 0.6636458333333334 0.8203125 0.6828645833333334 0.8370625 0.6950781250000001 0.84859375 0.7003125 0.858015625 0.679375 0.8564375 0.6470833333333333 0.8506875 0.61390625 0.847015625 0.5999479166666667 0.8375937499999999 0.608671875 0.8176875000000001 0.6051822916666666 0.8077343750000001 0.5982031250000001 0.7983125 0.5824739583333333 0.797265625 0.608671875 0.801984375 0.6383333333333333
3 0.600484375 0.46309895833333337 0.598671875 0.5324739583333333 0.5995781250000001 0.5596354166666667 0.60590625 0.5897916666666666 0.618578125 0.6063802083333333 0.691890625 0.612421875 0.703640625 0.603359375 0.712703125 0.577734375 0.714515625 0.54453125 0.710890625 0.49778645833333335 0.711796875 0.451015625 0.711796875 0.42236979166666666 0.70184375 0.390703125 0.6746875 0.37109375 0.624015625 0.37861979166666665 0.61225 0.40729166666666666 0.60409375 0.43895833333333334
3 0.506359375 0.4027604166666667 0.49731249999999994 0.42539062499999997 0.489171875 0.45705729166666664 0.485546875 0.5053385416666667 0.48373437499999994 0.5566145833333334 0.48373437499999994 0.5897916666666666 0.50275 0.6063802083333333 0.5280781250000001 0.6169270833333333 0.556140625 0.6169270833333333 0.58328125 0.607890625 0.5995781250000001 0.5913020833333333 0.5995781250000001 0.5173958333333334 0.598671875 0.47817708333333336 0.597765625 0.44953125 0.5914375 0.42085937500000004 0.5724218750000001 0.40729166666666666 0.54528125 0.39822916666666663 0.5344218749999999 0.39822916666666663
3 0.714515625 0.5615364583333333 0.722890625 0.5851041666666666 0.741234375 0.58859375 0.7595625 0.5929687499999999 0.7763125 0.583359375 0.78259375 0.5667708333333333 0.7909843750000001 0.54234375 0.792546875 0.517890625 0.793078125 0.4908333333333333 0.793078125 0.456796875 0.7909843750000001 0.43497395833333335 0.788890625 0.42013020833333337 0.7763125 0.3974479166666667 0.7595625 0.3983072916666666 0.740703125 0.40966145833333334 0.728140625 0.437578125 0.714515625 0.45765625000000004 0.70928125 0.48296875 0.711375 0.5109114583333333 0.712421875 0.53796875
3 0.530171875 0.6208854166666666 0.5338437500000001 0.6540625 0.534890625 0.6854687500000001 0.540125 0.709921875 0.5469375000000001 0.7465885416666667 0.5553125 0.7605468750000001 0.5705 0.7640364583333333 0.5898749999999999 0.7413541666666666 0.59878125 0.7020572916666666 0.60453125 0.6531770833333334 0.6034843750000001 0.619140625 0.600875 0.5982031250000001 0.58778125 0.6077864583333333 0.562640625 0.6147916666666667 0.544828125 0.619140625
3 0.325921875 0.42710937499999996 0.324359375 0.45505208333333336 0.323296875 0.48471354166666664 0.326453125 0.5161458333333333 0.33325 0.5563020833333333 0.3374375 0.5824739583333333 0.347390625 0.6025520833333333 0.3678125 0.6008072916666667 0.385109375 0.5851041666666666 0.392953125 0.5711458333333334 0.395046875 0.5519270833333333 0.395046875 0.5257552083333333 0.395046875 0.4978125 0.393484375 0.47338541666666667 0.372015625 0.4454427083333334 0.358390625 0.43234375 0.3426875 0.42799479166666665
3 0.452140625 0.6104166666666667 0.453703125 0.6365885416666667 0.45265625 0.66453125 0.45265625 0.7029427083333334 0.45843749999999994 0.7369791666666666 0.47578125 0.7578125 0.49515624999999996 0.7596354166666667 0.510796875 0.7317447916666667 0.517078125 0.7116666666666666 0.519703125 0.6784895833333334 0.5223125 0.6453385416666667 0.5217968749999999 0.6208854166666666 0.5113125000000001 0.61390625 0.495609375 0.6042968750000001 0.478328125 0.5912239583333333 0.4641875 0.6042968750000001
3 0.25103125 0.4052864583333333 0.250515625 0.4253645833333333 0.254703125 0.48296875 0.25940625 0.50828125 0.267265625 0.53359375 0.275640625 0.5458333333333333 0.286125 0.5519270833333333 0.28978125 0.5519270833333333 0.290828125 0.5362239583333334 0.29031250000000003 0.5144010416666667 0.28454687500000003 0.48296875 0.2819375 0.4602864583333333 0.280890625 0.4393229166666666 0.27668750000000003 0.42450520833333333 0.26570312500000004 0.4105208333333333 0.260984375 0.40791666666666665
3 0.399765625 0.5816145833333334 0.395578125 0.58859375 0.3898125 0.60953125 0.382484375 0.6339843749999999 0.376203125 0.6776302083333333 0.37306249999999996 0.7134114583333333 0.38353125 0.7334895833333334 0.39190625 0.7369791666666666 0.4034375 0.735234375 0.41809375 0.7221354166666667 0.432234375 0.7038020833333333 0.44114062499999995 0.6776302083333333 0.44585937500000006 0.6558072916666667 0.44846874999999997 0.6365885416666667 0.447953125 0.61828125 0.446375 0.6051822916666666 0.43695312499999994 0.6008072916666667 0.4144375 0.5982031250000001 0.401859375 0.58859375
3 0.291875 0.5763802083333334 0.28559375 0.593828125 0.280890625 0.619140625 0.27721874999999996 0.6374739583333333 0.27721874999999996 0.6514322916666667 0.2835 0.6558072916666667 0.29503124999999997 0.648828125 0.3096875 0.6357291666666667 0.321734375 0.6208854166666666 0.33010937500000004 0.6016927083333333 0.33325 0.5816145833333334 0.33010937500000004 0.5807291666666666 0.31178125 0.5868489583333333 0.296078125 0.589453125 0.29503124999999997 0.572890625
3 0.253125 0.5047916666666666 0.24003125 0.523125 0.22903125000000002 0.5440885416666666 0.22956249999999997 0.58421875 0.24003125 0.6025520833333333 0.26359374999999996 0.6121614583333334 0.28454687500000003 0.5947135416666667 0.293453125 0.572890625 0.29503124999999997 0.5519270833333333 0.286125 0.5484375 0.27040625 0.5414583333333333 0.263078125 0.5170312499999999 0.256265625 0.5047916666666666
3 0.7909843750000001 0.55890625 0.796734375 0.5754947916666667 0.8129843749999999 0.6051822916666666 0.82659375 0.6156510416666666 0.840203125 0.6069270833333333 0.84859375 0.57375 0.8559218749999999 0.5309895833333333 0.858546875 0.5039322916666666 0.86115625 0.4751302083333333 0.862203125 0.45156250000000003 0.86115625 0.4175260416666667 0.853828125 0.40877604166666665 0.84178125 0.406171875 0.8229218749999999 0.42361979166666663 0.8061718750000001 0.456796875 0.7956875 0.48994791666666665 0.792546875 0.5144010416666667 0.7909843750000001 0.538828125
3 0.8465 0.5973177083333333 0.8601093750000001 0.6008072916666667 0.87425 0.56765625 0.882109375 0.5440885416666666 0.886296875 0.5065364583333333 0.891015625 0.4637760416666667 0.891015625 0.4402083333333333 0.8836718749999999 0.43408854166666666 0.8716250000000001 0.4585416666666667 0.8632500000000001 0.4725 0.8569687500000001 0.5047916666666666 0.85434375 0.5397135416666666 0.8491093749999999 0.572890625
3 0.28403125 0.42361979166666663 0.2819375 0.44369791666666664 0.28507812499999996 0.48734374999999996 0.29031250000000003 0.5309895833333333 0.29396875 0.5623958333333333 0.299734375 0.5851041666666666 0.30340625 0.5920833333333334 0.308109375 0.5955729166666667 0.321734375 0.5877083333333334 0.33220312500000004 0.578125 0.334296875 0.55890625 0.33220312500000004 0.54234375 0.32801562500000003 0.513515625 0.324359375 0.488203125 0.323296875 0.4742447916666667 0.313359375 0.4585416666666667 0.3070625 0.45067708333333334 0.29659375 0.437578125
3 0.40531249999999996 0.43124999999999997 0.39671875 0.45 0.395953125 0.490234375 0.395046875 0.529453125 0.395953125 0.5596354166666667 0.403203125 0.5897916666666666 0.41857812499999997 0.6018489583333334 0.4575 0.6018489583333334 0.482828125 0.5897916666666666 0.48390625 0.5471354166666667 0.48464062500000005 0.5053385416666667 0.482828125 0.4796875 0.45659375 0.43895833333333334 0.447546875 0.42841145833333333 0.41828125 0.41380208333333335
3 0.334828125 0.58421875 0.328546875 0.6077864583333333 0.323828125 0.6322395833333333 0.32015625000000003 0.6461979166666666 0.317546875 0.6636458333333334 0.3165 0.6819791666666667 0.325921875 0.6924739583333334 0.345296875 0.6758854166666667 0.3678125 0.6531770833333334 0.375671875 0.6252604166666667 0.37829687500000003 0.6034375 0.37671875 0.5964583333333333 0.3620625 0.5973177083333333 0.3510625 0.6008072916666667 0.339546875 0.58859375
3 0.7532656249999999 0.6950781250000001 0.7658437499999999 0.7195312500000001 0.78365625 0.7387239583333334 0.810875 0.735234375 0.815078125 0.6994531249999999 0.8066875 0.6531770833333334 0.8025 0.61828125 0.799890625 0.58859375 0.7951718750000001 0.5694010416666667 0.7899375 0.5580468749999999 0.782078125 0.578125 0.7689843749999999 0.593828125 0.75221875 0.5973177083333333 0.7459374999999999 0.6069270833333333 0.7485625 0.6322395833333333 0.749609375 0.6558072916666667
3 0.6778593749999999 0.6566666666666666 0.6783750000000001 0.684609375 0.6841406250000001 0.7081770833333333 0.700375 0.7378645833333333 0.714 0.7579166666666667 0.73703125 0.7649218750000001 0.7501249999999999 0.7369791666666666 0.754328125 0.6854687500000001 0.75221875 0.6523177083333334 0.749078125 0.6147916666666667 0.74646875 0.5955729166666667 0.733890625 0.5903385416666667 0.719234375 0.578984375 0.714515625 0.5694010416666667 0.710328125 0.5868489583333333 0.697765625 0.6034375 0.6851875 0.6147916666666667