3 0.33705454545454544 0.2978688524590164 0.3190545454545454 0.31273224043715847 0.3027636363636364 0.35983606557377046 0.2934909090909091 0.40087431693989073 0.28941818181818185 0.45584699453551913 0.2993090909090909 0.49513661202185794 0.3341454545454545 0.5187431693989072 0.3689818181818182 0.5283060109289618 0.39454545454545453 0.5012568306010929 0.40443636363636365 0.46284153005464485 0.40850909090909093 0.40437158469945356 0.4108 0.36595628415300546 0.41312727272727273 0.3389071038251366 0.4056 0.317103825136612 0.38294545454545453 0.2943715846994535 0.34865454545454544 0.2856830601092896
3 0.43116363636363636 0.317103825136612 0.42127272727272724 0.3380327868852459 0.4102545454545454 0.38693989071038254 0.40385454545454547 0.4174863387978142 0.40385454545454547 0.5056284153005465 0.41603636363636365 0.5387978142076503 0.4294181818181818 0.5606010928961749 0.4706545454545455 0.5728415300546448 0.4933090909090909 0.5562295081967213 0.5130545454545454 0.5387978142076503 0.5177090909090909 0.4610928961748634 0.5171272727272728 0.4226775956284153 0.5171272727272728 0.3895081967213115 0.522909090909091 0.35896174863387975 0.5234909090909091 0.33366120218579237 0.5147999999999999 0.317103825136612 0.49272727272727274 0.30311475409836064 0.4642545454545455 0.3057377049180328 0.44334545454545454 0.30748633879781423
3 0.22105454545454545 0.7324590163934426 0.2202181818181818 0.7752459016393443 0.21683636363636363 0.8230054644808744 0.21683636363636363 0.8431147540983606 0.22774545454545456 0.8632240437158469 0.25701818181818187 0.8732786885245902 0.28127272727272723 0.8493989071038252 0.298 0.8179781420765028 0.3281090909090909 0.790327868852459 0.3381454545454545 0.7412568306010929 0.3314545454545455 0.6658469945355191 0.3281090909090909 0.6017486338797814 0.3356363636363636 0.5539890710382513 0.3331272727272727 0.522568306010929 0.31054545454545457 0.49868852459016394 0.28796363636363637 0.48612021857923493 0.2787636363636363 0.5338797814207651 0.2545090909090909 0.5565027322404372 0.21854545454545454 0.5728415300546448
3 0.6116363636363636 0.6696174863387978 0.6183272727272727 0.6960109289617487 0.6568 0.7048087431693989 0.6877454545454545 0.6897267759562842 0.6910909090909091 0.631912568306011 0.6936 0.5527322404371585 0.6927636363636364 0.5213114754098361 0.7011272727272727 0.5062295081967213 0.7036363636363636 0.48360655737704916 0.7019636363636363 0.4798360655737705 0.6885818181818182 0.4898907103825137 0.6651636363636363 0.49743169398907106 0.6425818181818183 0.48360655737704916 0.6266909090909091 0.522568306010929 0.6124727272727273 0.5414207650273224 0.6074545454545455 0.5615300546448088 0.6099636363636364 0.6218579234972678
0 0.31701818181818187 0.7450819672131147 0.3049090909090909 0.7545355191256832 0.29767272727272726 0.7669398907103825 0.3025090909090909 0.7778142076502732 0.30734545454545453 0.7858469945355191 0.3150909090909091 0.7880327868852459 0.3266909090909091 0.7865573770491803 0.33349090909090906 0.7807103825136612 0.33494545454545455 0.7632786885245902 0.33443636363636364 0.7545355191256832 0.3266909090909091 0.7443715846994535 0.32185454545454545 0.7407103825136613
0 0.28767272727272725 0.3513114754098361 0.27141818181818184 0.36092896174863387 0.2545818181818182 0.3783606557377049 0.2382909090909091 0.4010382513661202 0.23770909090909093 0.4202732240437158 0.25225454545454545 0.4280874316939891 0.2592 0.45431693989071037 0.26792727272727274 0.48748633879781417 0.2760727272727273 0.4918579234972678 0.2847636363636364 0.46475409836065573 0.29 0.43071038251366117 0.29756363636363636 0.3818579234972677 0.2998909090909091 0.3618032786885246 0.29407272727272726 0.3451912568306011
0 0.7837818181818181 0.6608196721311476 0.7860363636363636 0.6590710382513661 0.7913454545454546 0.6608196721311476 0.7994181818181818 0.6608196721311476 0.8099272727272727 0.6756284153005464 0.8075272727272726 0.6869945355191257 0.7977090909090909 0.6948633879781421 0.7860363636363636 0.6966120218579235 0.7779636363636363 0.6904918032786885 0.7762181818181818 0.6799999999999999 0.7767636363636364 0.6651912568306011
3 0.3297818181818182 0.7865573770491803 0.35152727272727274 0.7928415300546449 0.38163636363636366 0.7689617486338798 0.40505454545454544 0.7224043715846994 0.4184363636363636 0.667103825136612 0.43432727272727273 0.618087431693989 0.436 0.5766120218579235 0.42261818181818184 0.5414207650273224 0.40338181818181823 0.5175409836065573 0.39334545454545455 0.5012021857923498 0.3649090909090909 0.5263387978142076 0.34149090909090907 0.5275956284153005 0.3356363636363636 0.5615300546448088 0.3314545454545455 0.5879234972677596 0.3297818181818182 0.6206010928961748 0.33647272727272726 0.6620765027322404 0.3381454545454545 0.7010382513661202 0.3381454545454545 0.7475956284153006 0.3356363636363636 0.7827868852459017
3 0.5258909090909091 0.34683060109289615 0.5194909090909091 0.38524590163934425 0.5165818181818181 0.43677595628415306 0.5165818181818181 0.4934972677595629 0.5224 0.5414754098360656 0.5369090909090909 0.5650819672131148 0.5729454545454545 0.5659562841530055 0.6077818181818181 0.5467213114754098 0.6315999999999999 0.5126775956284153 0.6432 0.46032786885245897 0.6432 0.3826229508196721 0.6368363636363636 0.3224043715846995 0.6252 0.2866120218579235 0.603709090909091 0.2700546448087432 0.5804727272727273 0.267431693989071 0.5566545454545455 0.2883606557377049 0.534 0.3162841530054645
0 0.09599999999999999 0.4059562841530055 0.09432727272727273 0.3858469945355191 0.10436363636363637 0.37579234972677594 0.12036363636363637 0.3743169398907104 0.13363636363636364 0.3795628415300546 0.1328 0.4009289617486339 0.12276363636363635 0.4160109289617486 0.11941818181818183 0.4210382513661202 0.10770909090909091 0.4222950819672131
3 0.6994545454545454 0.630655737704918 0.718690909090909 0.6909836065573771 0.7287272727272728 0.7211475409836066 0.7546545454545455 0.7576502732240438 0.7697090909090909 0.7312021857923497 0.7764363636363637 0.6859562841530055 0.7789454545454546 0.619344262295082 0.7739272727272728 0.5640437158469945 0.7554909090909091 0.5301092896174864 0.7195272727272728 0.5049726775956284 0.7061454545454545 0.49491803278688523 0.6961090909090909 0.5275956284153005 0.6877454545454545 0.5527322404371585 0.6927636363636364 0.5904371584699454
3 0.06756363636363635 0.21863387978142076 0.06254545454545454 0.2614207650273224 0.06254545454545454 0.30540983606557376 0.07258181818181819 0.351912568306011 0.0868 0.4072131147540983 0.12276363636363635 0.4273224043715847 0.1562181818181818 0.3770491803278688 0.16374545454545456 0.31420765027322406 0.1578909090909091 0.24759562841530056 0.14785454545454543 0.19098360655737706 0.13865454545454547 0.15327868852459017 0.10352727272727272 0.16459016393442624 0.08261818181818181 0.20229508196721313
3 0.19843636363636363 0.30010928961748634 0.1884 0.31644808743169395 0.1766909090909091 0.36546448087431693 0.1792 0.4157377049180328 0.1925818181818182 0.4660109289617486 0.20345454545454547 0.5037158469945355 0.21432727272727273 0.5527322404371585 0.23527272727272727 0.5791256830601094 0.2561818181818182 0.5640437158469945 0.28043636363636365 0.5301092896174864 0.2846181818181818 0.48737704918032787 0.29214545454545454 0.437103825136612 0.2938181818181818 0.3968852459016393 0.3046909090909091 0.3466120218579235 0.31221818181818184 0.30890710382513664 0.3030181818181818 0.2825136612021858 0.27207272727272724 0.26617486338797813 0.22272727272727272 0.2724590163934426 0.20429090909090908 0.2975956284153006
3 0.7764 0.7123497267759563 0.7914909090909091 0.7374863387978142 0.8157454545454546 0.7475956284153006 0.8366545454545455 0.6972677595628415 0.84 0.6168306010928961 0.8483636363636364 0.5640437158469945 0.8366545454545455 0.522568306010929 0.8199272727272727 0.48863387978142075 0.8098909090909091 0.4961748633879781 0.7856363636363637 0.5213114754098361 0.7680363636363636 0.5288524590163934 0.773090909090909 0.5640437158469945 0.7772727272727272 0.6168306010928961 0.7781090909090909 0.6570491803278689
3 0.7036363636363636 0.4710382513661202 0.7136727272727272 0.49868852459016394 0.7421090909090909 0.5175409836065573 0.7705454545454545 0.5263387978142076 0.8023636363636364 0.5137704918032787 0.8232727272727273 0.4484153005464481 0.8308 0.3830601092896175 0.8383272727272727 0.3114207650273224 0.8366545454545455 0.25989071038251366 0.8308 0.2146448087431694 0.8182545454545455 0.18950819672131147 0.7939999999999999 0.1807103825136612 0.7739272727272728 0.23726775956284155 0.7538181818181818 0.292568306010929 0.7337454545454546 0.3415846994535519 0.7337454545454546 0.38808743169398907 0.7262181818181819 0.4157377049180328 0.7094545454545454 0.44590163934426225
3 0.1817090909090909 0.5137704918032787 0.17083636363636362 0.6231147540983607 0.16581818181818184 0.6595628415300546 0.16414545454545454 0.727431693989071 0.16414545454545454 0.7702185792349726 0.17836363636363636 0.7865573770491803 0.20596363636363638 0.790327868852459 0.22272727272727272 0.7399999999999999 0.22272727272727272 0.6759016393442623 0.2177090909090909 0.5954644808743169 0.21432727272727273 0.5527322404371585 0.21014545454545455 0.522568306010929 0.1925818181818182 0.5062295081967213
3 0.5179636363636364 0.6746448087431693 0.5338545454545455 0.7286885245901639 0.5581090909090909 0.7501092896174864 0.5957454545454546 0.7349726775956285 0.6099636363636364 0.6469945355191257 0.6124727272727273 0.6017486338797814 0.6091272727272727 0.5590163934426229 0.6082909090909091 0.5451912568306011 0.5815272727272727 0.570327868852459 0.5497454545454545 0.5715846994535518 0.5238181818181818 0.5665573770491804 0.525490909090909 0.5967213114754099 0.5179636363636364 0.6444808743169399
0 0.07090909090909091 0.5479781420765027 0.06421818181818181 0.5668306010928962 0.06756363636363635 0.5869398907103826 0.08178181818181818 0.5907103825136611 0.09265454545454546 0.5768852459016393 0.09767272727272727 0.5492349726775957 0.09599999999999999 0.5316393442622951 0.08763636363636364 0.5303825136612021 0.07592727272727272 0.5328961748633879
3 0.05334545454545454 0.5869398907103826 0.04749090909090909 0.6083060109289617 0.04581818181818181 0.6585792349726776 0.05836363636363637 0.7088524590163935 0.0776 0.7239344262295081 0.08010909090909091 0.7314754098360656 0.08596363636363637 0.6824590163934426 0.09014545454545454 0.6384699453551913 0.10269090909090908 0.5907103825136611 0.09345454545454546 0.5251366120218579 0.0776 0.5291256830601093 0.06254545454545454 0.5454644808743169
3 0.6501090909090909 0.3415846994535519 0.6434181818181818 0.36546448087431693 0.6400727272727273 0.4107103825136612 0.6400727272727273 0.4521857923497268 0.6526181818181818 0.48863387978142075 0.6844 0.49868852459016394 0.7061454545454545 0.45721311475409837 0.7295636363636363 0.3968852459016393 0.7337454545454546 0.3428415300546448 0.7086545454545454 0.3202185792349727 0.6760363636363637 0.31896174863387977 0.6559636363636363 0.32775956284153
3 0.43432727272727273 0.6520218579234972 0.4577454545454545 0.6897267759562842 0.4828363636363636 0.7022950819672131 0.5054181818181819 0.6985245901639344 0.5187999999999999 0.6482513661202186 0.5288363636363637 0.5854098360655737 0.5288363636363637 0.5426775956284153 0.5187999999999999 0.5200546448087432 0.5020727272727272 0.5414207650273224 0.45941818181818184 0.5653005464480875 0.43767272727272727 0.5740983606557377 0.43516363636363636 0.6118032786885246 0.43265454545454546 0.6520218579234972
3 0.8483636363636364 0.5891803278688524 0.8701090909090909 0.6206010928961748 0.8977090909090909 0.643224043715847 0.9127636363636363 0.6419672131147541 0.9269818181818181 0.6143169398907103 0.9303272727272728 0.5665573770491804 0.9202909090909092 0.5250819672131147 0.9044 0.4898907103825137 0.8876727272727273 0.48109289617486345 0.8567272727272727 0.4748087431693989 0.8333090909090909 0.4823497267759563 0.8257818181818182 0.49366120218579235 0.8341454545454545 0.5137704918032787 0.8416727272727274 0.5489617486338797 0.8433454545454545 0.5715846994535518
0 0.23087272727272729 0.8592896174863388 0.2298909090909091 0.8425683060109289 0.23763636363636362 0.8360109289617487 0.24683636363636363 0.8389071038251367 0.26378181818181823 0.8331147540983607 0.27298181818181816 0.8214754098360656 0.28556363636363635 0.8243715846994536 0.28603636363636364 0.8265573770491803 0.28796363636363637 0.8360109289617487 0.2768363636363636 0.8476502732240437 0.2666909090909091 0.8614754098360656 0.2565090909090909 0.8724043715846995 0.23716363636363635 0.8716393442622951