3 0.80768 0.022647058823529412 0.79948 0.04976470588235295 0.7882 0.08294117647058823 0.78204 0.12064705882352943 0.77796 0.1538235294117647 0.78308 0.1855294117647059 0.79948 0.2126470588235294 0.82924 0.22476470588235295 0.84668 0.22776470588235292 0.87024 0.23682352941176468 0.9143600000000001 0.2171764705882353 0.9318 0.18852941176470586 0.93896 0.13270588235294117 0.93384 0.0995294117647059 0.9143600000000001 0.06488235294117646 0.87948 0.03770588235294118 0.8374400000000001 0.019588235294117646
3 0.15128 0.4464705882352942 0.13896 0.46305882352941174 0.12976 0.49776470588235294 0.13488 0.5339411764705883 0.14715999999999999 0.5610588235294117 0.17076 0.5777058823529412 0.19948 0.5791764705882353 0.21896000000000002 0.5701176470588235 0.24459999999999998 0.5625882352941176 0.25284 0.5218823529411765 0.24564 0.46905882352941175 0.21284 0.42835294117647055 0.17488 0.4328823529411765
3 0.18819999999999998 0.589764705882353 0.17588 0.6259411764705882 0.18519999999999998 0.6635294117647058 0.184 0.7058823529411765 0.2324 0.7347058823529412 0.23848 0.7179411764705882 0.26412 0.7164117647058824 0.27436 0.6787058823529412 0.2846 0.6365294117647059 0.27948 0.5972941176470589 0.25795999999999997 0.5671176470588235 0.22616 0.5671176470588235
3 0.7646000000000001 0.2458235294117647 0.7482000000000001 0.26094117647058823 0.7420399999999999 0.31070588235294117 0.73588 0.32576470588235296 0.72976 0.35141176470588237 0.7318 0.3936470588235294 0.7482000000000001 0.42082352941176476 0.78308 0.4389411764705883 0.79948 0.4479411764705883 0.8282 0.4494705882352941 0.8620399999999999 0.451 0.87948 0.42988235294117644 0.90104 0.3981764705882353 0.90616 0.359 0.90204 0.31976470588235295 0.8928400000000001 0.28358823529411764 0.8764 0.2564117647058824 0.85588 0.23529411764705882 0.82716 0.22170588235294117 0.77896 0.22923529411764706
3 0.0846 0.13123529411764706 0.08052 0.14629411764705882 0.07948000000000001 0.17194117647058824 0.0846 0.184 0.10308 0.19911764705882354 0.13384000000000001 0.2157058823529412 0.16768 0.22170588235294117 0.2046 0.2111764705882353 0.22104 0.1734705882352941 0.22616 0.11764705882352941 0.22924 0.07694117647058824 0.21796000000000001 0.058823529411764705 0.19848 0.05276470588235294 0.16768 0.06035294117647059 0.12668000000000001 0.08147058823529411 0.09795999999999999 0.10405882352941177
3 0.48872000000000004 0.8235294117647058 0.47232 0.8551764705882353 0.46308 0.8898823529411765 0.46512 0.9200588235294117 0.49076 0.9245882352941177 0.5236000000000001 0.9139999999999999 0.5472 0.8852941176470588 0.538 0.8611764705882353 0.5246000000000001 0.8521764705882353 0.51128 0.8340588235294117 0.50104 0.8250588235294117
3 0.5482 0.819 0.54 0.8385882352941176 0.54 0.865764705882353 0.5484 0.8823529411764706 0.55744 0.8928823529411765 0.58616 0.8884117647058823 0.6036 0.8793529411764707 0.6230800000000001 0.8627647058823529 0.6271599999999999 0.8340588235294117 0.62512 0.8130000000000001 0.61076 0.8008823529411765 0.59024 0.7903529411764707 0.57284 0.7842941176470589 0.56152 0.7888235294117647 0.55128 0.8024117647058824
3 0.43128 0.8250588235294117 0.40976 0.8446470588235294 0.3952 0.8670588235294118 0.38716 0.8853529411764706 0.40256000000000003 0.9139999999999999 0.42308 0.9215882352941176 0.45283999999999996 0.9261176470588235 0.462 0.9035294117647058 0.46308 0.8762941176470588 0.45588 0.8537058823529412 0.44872 0.8355882352941177
3 0.12668000000000001 0.2171764705882353 0.11128 0.23376470588235296 0.09384 0.276 0.08668000000000001 0.31823529411764706 0.0846 0.3665294117647059 0.08976 0.3921764705882353 0.10412 0.42082352941176476 0.13384000000000001 0.4389411764705883 0.16256 0.4313529411764706 0.19128 0.42988235294117644 0.21691999999999997 0.4238235294117647 0.23024 0.4222941176470589 0.24152 0.37558823529411767 0.24359999999999998 0.31523529411764706 0.23848 0.25794117647058823 0.22308 0.22776470588235292 0.19332 0.2157058823529412 0.14204 0.22170588235294117
3 0.6764 0.6998235294117647 0.6764 0.674235294117647 0.67332 0.6531176470588236 0.67436 0.6244117647058823 0.68564 0.6018235294117648 0.69796 0.5912352941176471 0.72564 0.5777058823529412 0.7646000000000001 0.5912352941176471 0.77488 0.6078235294117647 0.79024 0.632 0.80052 0.6727058823529412 0.7943600000000001 0.7179411764705882 0.7738400000000001 0.7511176470588236 0.7420399999999999 0.766235294117647 0.7133200000000001 0.7647058823529411 0.7082 0.7405882352941177 0.69796 0.7134117647058824 0.6846 0.6998235294117647
3 0.23848 0.7209411764705882 0.2354 0.7405882352941177 0.23743999999999998 0.7873529411764706 0.25384 0.8280588235294118 0.27127999999999997 0.8310588235294117 0.29384 0.8265294117647058 0.29488 0.811470588235294 0.30204000000000003 0.7963529411764706 0.31127999999999995 0.7888235294117647 0.32152 0.7707647058823529 0.31948000000000004 0.7465882352941177 0.31232 0.7330588235294118 0.30412 0.7224705882352941 0.28976 0.7164117647058824 0.26716 0.7164117647058824 0.24975999999999998 0.7179411764705882
3 0.35231999999999997 0.7677058823529411 0.30616000000000004 0.7903529411764707 0.29488 0.8054117647058823 0.29384 0.8265294117647058 0.31127999999999995 0.8597058823529412 0.33488 0.8808235294117648 0.35231999999999997 0.8914117647058823 0.38104000000000005 0.8914117647058823 0.39232 0.8732941176470589 0.39332 0.8461764705882353 0.39332 0.8008823529411765 0.38924000000000003 0.7888235294117647 0.37692000000000003 0.775235294117647 0.36872000000000005 0.772235294117647
3 0.61384 0.7707647058823529 0.6169199999999999 0.7948823529411765 0.6261599999999999 0.820529411764706 0.6364 0.8401176470588235 0.66104 0.8446470588235294 0.68256 0.8295882352941176 0.69692 0.8130000000000001 0.70512 0.7994117647058824 0.70716 0.7873529411764706 0.7082 0.7647058823529411 0.70924 0.7526470588235294 0.70512 0.7345294117647059 0.6958799999999999 0.7074117647058824 0.6836 0.7043529411764705 0.6702400000000001 0.7028823529411764 0.6528400000000001 0.7043529411764705 0.63744 0.7209411764705882 0.6271599999999999 0.7224705882352941 0.6169199999999999 0.7375294117647059
3 0.71948 0.5686470588235294 0.70512 0.5459999999999999 0.69692 0.5173529411764706 0.69896 0.49776470588235294 0.7133200000000001 0.47058823529411764 0.72768 0.46005882352941174 0.7461599999999999 0.451 0.76564 0.44494117647058823 0.78716 0.44494117647058823 0.80768 0.46905882352941175 0.82104 0.48870588235294116 0.82512 0.5278823529411765 0.82716 0.5625882352941176 0.80668 0.595764705882353 0.78412 0.6018235294117648 0.7666799999999999 0.592764705882353 0.7471599999999999 0.5837058823529412