3 0.8579710144927537 0.5128415300546447 0.874963768115942 0.5203825136612023 0.899963768115942 0.521912568306011 0.9239855072463768 0.49322404371584705 0.9379710144927536 0.44650273224043713 0.94 0.3997267759562842 0.9439855072463769 0.363551912568306 0.9429710144927536 0.32431693989071037 0.9319927536231885 0.29568306010928963 0.9189855072463767 0.2715300546448087 0.8919927536231884 0.26699453551912566 0.859963768115942 0.2896174863387978 0.8629710144927536 0.33639344262295084 0.8719927536231884 0.3650273224043716 0.8759782608695652 0.3876502732240437 0.8789855072463768 0.432896174863388 0.8719927536231884 0.4706010928961749
3 0.6479710144927536 0.5339890710382513 0.674963768115942 0.5430054644808744 0.7019565217391305 0.5324590163934426 0.7269565217391304 0.5158469945355192 0.734963768115942 0.46306010928961744 0.7309782608695652 0.40726775956284156 0.724963768115942 0.3891803278688524 0.7129710144927536 0.34240437158469944 0.6879710144927536 0.3062295081967213 0.6559782608695652 0.31224043715846994 0.639963768115942 0.3469398907103825 0.6391304347826087 0.3846994535519126 0.6379710144927536 0.42688524590163934 0.6456521739130434 0.4612021857923498 0.6460144927536232 0.5021857923497268
3 0.384963768115942 0.5671584699453552 0.374963768115942 0.5973224043715847 0.369927536231884 0.642568306010929 0.3689492753623188 0.6848087431693989 0.3689492753623188 0.720983606557377 0.3879347826086956 0.7496721311475409 0.41695652173913045 0.7390710382513661 0.434963768115942 0.7239890710382514 0.4519565217391304 0.7104371584699453 0.46094202898550724 0.6727322404371585 0.4649637681159421 0.6199453551912568 0.4649637681159421 0.5882513661202186 0.4649637681159421 0.5731693989071038 0.4529347826086957 0.5626229508196721 0.42996376811594206 0.5596174863387978 0.40496376811594204 0.5520765027322404
3 0.3079347826086956 0.5505464480874317 0.29992753623188406 0.5761748633879781 0.28992753623188405 0.6274863387978142 0.2799275362318841 0.6636612021857924 0.27094202898550723 0.7119672131147541 0.29094202898550725 0.7270491803278689 0.3259420289855072 0.7164480874316941 0.34695652173913044 0.702896174863388 0.35394927536231885 0.6818032786885245 0.36492753623188406 0.6712021857923497 0.37293478260869567 0.6380327868852459 0.374963768115942 0.5973224043715847 0.37293478260869567 0.5626229508196721 0.36492753623188406 0.5384699453551913 0.34492753623188405 0.5339890710382513
3 0.11293478260869566 0.5233879781420765 0.09192028985507247 0.5384699453551913 0.07692028985507246 0.5837158469945355 0.07492753623188406 0.6184153005464481 0.07891304347826088 0.6501092896174864 0.10094202898550725 0.660655737704918 0.12692028985507248 0.660655737704918 0.13992753623188406 0.6455737704918033 0.14793478260869564 0.6259562841530054 0.15692028985507248 0.5686338797814208 0.16492753623188408 0.5415300546448087 0.16094202898550725 0.5384699453551913 0.14293478260869566 0.5490710382513662 0.12992753623188405 0.5399999999999999 0.12094202898550725 0.5203825136612023
3 0.504963768115942 0.36655737704918034 0.5029710144927536 0.41633879781420763 0.5029710144927536 0.4736612021857924 0.504963768115942 0.5189071038251366 0.5459420289855073 0.5490710382513662 0.579963768115942 0.553551912568306 0.6179710144927536 0.5566120218579235 0.6419565217391304 0.5294535519125683 0.644963768115942 0.4826775956284153 0.6391304347826087 0.4207650273224044 0.6359782608695652 0.3544808743169399 0.6289492753623188 0.32431693989071037 0.6169565217391304 0.2971584699453552 0.5969565217391304 0.2866120218579235 0.5739492753623189 0.2896174863387978 0.5439492753623189 0.3077049180327869 0.5259420289855072 0.3273224043715847
3 0.11793478260869564 0.3544808743169399 0.11094202898550724 0.3891803278688524 0.10793478260869564 0.432896174863388 0.11192028985507246 0.49475409836065576 0.11992753623188407 0.5369945355191257 0.14891304347826087 0.5490710382513662 0.16492753623188408 0.526448087431694 0.17492753623188406 0.5083060109289618 0.17793478260869566 0.45704918032786884 0.18094202898550724 0.4057377049180328 0.17192028985507246 0.372568306010929 0.15992753623188405 0.3544808743169399 0.14793478260869564 0.3348633879781421 0.13594202898550725 0.3318579234972677
3 0.5519565217391305 0.6621857923497269 0.5479710144927536 0.6983606557377049 0.5539492753623187 0.7406010928961748 0.5699637681159421 0.7753005464480874 0.5959782608695653 0.7873770491803279 0.6159782608695652 0.763224043715847 0.6319565217391304 0.6848087431693989 0.6419565217391304 0.6274863387978142 0.6439492753623188 0.5792349726775956 0.6419565217391304 0.5505464480874317 0.6219565217391304 0.553551912568306 0.5839492753623188 0.5550819672131148 0.5609420289855073 0.5566120218579235 0.554963768115942 0.5897814207650274 0.5519565217391305 0.6320218579234973
3 0.8189855072463768 0.6938251366120218 0.8249637681159421 0.7179781420765027 0.8429710144927536 0.7406010928961748 0.8689855072463768 0.745136612021858 0.879963768115942 0.7119672131147541 0.8789855072463768 0.642568306010929 0.8769927536231884 0.5792349726775956 0.874963768115942 0.5566120218579235 0.8579710144927537 0.5369945355191257 0.8269927536231884 0.5339890710382513 0.8089855072463769 0.5339890710382513 0.7989855072463768 0.5550819672131148 0.7909782608695652 0.5746994535519125 0.7959782608695652 0.5973224043715847 0.8009782608695651 0.6304918032786885 0.8039855072463769 0.6621857923497269
3 0.17594202898550726 0.5399999999999999 0.16192028985507245 0.5761748633879781 0.15692028985507248 0.600327868852459 0.14793478260869564 0.629016393442623 0.14293478260869566 0.6485792349726776 0.13992753623188406 0.6757377049180328 0.14094202898550723 0.7119672131147541 0.17192028985507246 0.7270491803278689 0.19594202898550725 0.7164480874316941 0.20992753623188404 0.6862841530054645 0.21394927536231884 0.642568306010929 0.22192028985507245 0.5792349726775956 0.23094202898550725 0.5460109289617486 0.2028985507246377 0.5398907103825137 0.18793478260869564 0.5249180327868853
3 0.24293478260869564 0.5505464480874317 0.22793478260869565 0.5671584699453552 0.22094202898550724 0.6063934426229508 0.21394927536231884 0.6576502732240437 0.21192028985507247 0.6908196721311476 0.22894927536231882 0.7089071038251366 0.2519202898550725 0.7013661202185792 0.26894927536231883 0.6938251366120218 0.28094202898550724 0.6667213114754099 0.29195652173913045 0.6244808743169399 0.29094202898550725 0.58224043715847 0.2799275362318841 0.5475409836065573 0.2569202898550724 0.5384699453551913
3 0.8099637681159421 0.5053005464480874 0.8159782608695653 0.5279234972677596 0.8359782608695652 0.5279234972677596 0.864963768115942 0.5083060109289618 0.8789855072463768 0.44196721311475407 0.8789855072463768 0.390655737704918 0.8739855072463768 0.359016393442623 0.8629710144927536 0.3409289617486339 0.8369927536231884 0.34846994535519127 0.8219927536231885 0.3846448087431694 0.8199637681159421 0.42688524590163934 0.8189855072463768 0.4751366120218579 0.8119565217391305 0.5007650273224044
3 0.18394927536231886 0.32431693989071037 0.17293478260869563 0.3574863387978142 0.17394927536231883 0.4057377049180328 0.17894927536231883 0.4675956284153005 0.18094202898550724 0.5022950819672132 0.18007246376811595 0.5338797814207651 0.20492753623188406 0.5430054644808744 0.23992753623188406 0.5415300546448087 0.2559420289855073 0.5158469945355192 0.259927536231884 0.4751366120218579 0.2559420289855073 0.40879781420765027 0.24793478260869567 0.372568306010929 0.2319202898550725 0.3409289617486339 0.21894927536231884 0.32431693989071037 0.20394927536231883 0.316775956284153
3 0.6359782608695652 0.6908196721311476 0.6389492753623188 0.7179781420765027 0.659963768115942 0.7496721311475409 0.6939492753623189 0.7768306010928961 0.7089855072463769 0.7919125683060109 0.7289855072463768 0.7722950819672132 0.7319565217391305 0.7013661202185792 0.729963768115942 0.642568306010929 0.7179710144927536 0.5777049180327869 0.704963768115942 0.553551912568306 0.6919565217391304 0.5399999999999999 0.6639492753623188 0.5430054644808744 0.6509782608695651 0.5701639344262295 0.6369565217391304 0.6380327868852459 0.6359782608695652 0.6712021857923497
3 0.27094202898550723 0.32885245901639343 0.2559420289855073 0.390655737704918 0.2559420289855073 0.4404371584699453 0.259927536231884 0.4992896174863388 0.2609420289855072 0.521912568306011 0.27195652173913043 0.5354644808743169 0.29894927536231886 0.5415300546448087 0.319927536231884 0.5369945355191257 0.33992753623188404 0.5369945355191257 0.35492753623188406 0.5053005464480874 0.35394927536231885 0.42234972677595634 0.34793478260869565 0.3876502732240437 0.34394927536231884 0.3544808743169399 0.33492753623188404 0.330327868852459 0.31695652173913047 0.31224043715846994 0.29195652173913045 0.3137704918032787
3 0.39695652173913043 0.31524590163934424 0.3719565217391304 0.3273224043715847 0.35992753623188406 0.37409836065573765 0.35394927536231885 0.42234972677595634 0.35688405797101447 0.5114754098360655 0.37282608695652175 0.5508196721311476 0.41594202898550725 0.5596174863387978 0.4639492753623189 0.5626229508196721 0.489963768115942 0.558087431693989 0.4959420289855072 0.49322404371584705 0.49496376811594206 0.40879781420765027 0.48195652173913045 0.3514754098360655 0.4539492753623189 0.3137704918032787
3 0.46695652173913044 0.5792349726775956 0.46293478260869564 0.6199453551912568 0.4639492753623189 0.6832786885245902 0.46894927536231884 0.7225136612021857 0.4769565217391304 0.758688524590164 0.5009420289855072 0.7768306010928961 0.5279710144927536 0.7526775956284153 0.544963768115942 0.6878142076502732 0.5469565217391305 0.6169398907103826 0.5479710144927536 0.553551912568306 0.5379710144927536 0.5460109289617486 0.5029710144927536 0.553551912568306 0.4719565217391304 0.5656284153005465
3 0.7329710144927537 0.6893442622950819 0.749963768115942 0.7225136612021857 0.7759782608695651 0.7647540983606557 0.8018115942028986 0.7644808743169399 0.8170289855072463 0.7404371584699454 0.8148550724637681 0.6939890710382514 0.8119565217391305 0.6502732240437158 0.7959782608695652 0.5973224043715847 0.7829710144927536 0.5626229508196721 0.7719565217391304 0.5415300546448087 0.7519565217391304 0.5309289617486339 0.7229710144927536 0.5339890710382513 0.7119565217391305 0.5520765027322404 0.7199637681159421 0.6033333333333333 0.7239855072463768 0.6501092896174864 0.7269565217391304 0.6712021857923497
3 0.8839855072463768 0.6848087431693989 0.894963768115942 0.6923497267759563 0.9229710144927536 0.702896174863388 0.955 0.702896174863388 0.9609782608695653 0.6787431693989071 0.9589855072463769 0.6274863387978142 0.9559782608695653 0.5882513661202186 0.9459782608695652 0.5656284153005465 0.9209782608695652 0.5339890710382513 0.9009782608695651 0.5279234972677596 0.8719927536231884 0.5294535519125683 0.8669927536231884 0.5520765027322404 0.8809782608695652 0.6048633879781421 0.8809782608695652 0.6365573770491803 0.884963768115942 0.6727322404371585
3 0.7279710144927536 0.4992896174863388 0.7379710144927536 0.5233879781420765 0.774963768115942 0.5415300546448087 0.7919565217391304 0.5430054644808744 0.799963768115942 0.521912568306011 0.8159782608695653 0.49475409836065576 0.8179710144927536 0.46306010928961744 0.8199637681159421 0.41633879781420763 0.8199637681159421 0.37710382513661206 0.8209782608695653 0.33939890710382514 0.8229710144927536 0.30923497267759564 0.8169927536231885 0.2730601092896175 0.8059782608695651 0.26398907103825137 0.7919565217391304 0.260983606557377 0.7669565217391304 0.28360655737704915 0.7389855072463768 0.33639344262295084 0.7239855072463768 0.3650273224043716 0.7229710144927536 0.3967213114754098 0.7279710144927536 0.41480874316939886 0.7279710144927536 0.46306010928961744 0.7279710144927536 0.4781420765027322