0 0.8139855072463767 0.6334972677595628 0.8219927536231885 0.6304918032786885 0.8339855072463769 0.6274863387978142 0.8469927536231885 0.6184153005464481 0.8479710144927536 0.6169398907103826 0.8529710144927536 0.6395628415300547 0.8419927536231884 0.6440983606557378 0.8259782608695652 0.6531147540983606 0.8099637681159421 0.6395628415300547
3 0.5439492753623189 0.2971584699453552 0.5279710144927536 0.3454098360655738 0.5159420289855072 0.39819672131147543 0.5079710144927536 0.4585792349726776 0.5109420289855073 0.5053005464480874 0.5419565217391304 0.5158469945355192 0.5839492753623188 0.5233879781420765 0.6209782608695652 0.5143715846994535 0.639963768115942 0.437431693989071 0.6359782608695652 0.3891803278688524 0.624963768115942 0.3469398907103825 0.6059782608695652 0.3137704918032787 0.5879710144927536 0.28508196721311474 0.5609420289855073 0.27606557377049185
3 0.25394927536231887 0.29415300546448087 0.23992753623188406 0.3001639344262295 0.21594202898550724 0.32431693989071037 0.21293478260869567 0.36655737704918034 0.20394927536231883 0.42081967213114757 0.20992753623188404 0.4781420765027322 0.22293478260869565 0.5173770491803279 0.2648550724637681 0.5065573770491804 0.28594202898550725 0.46005464480874314 0.29594202898550726 0.3937158469945355 0.29492753623188406 0.330327868852459 0.2799275362318841 0.29114754098360657
3 0.6729710144927536 0.5068306010928961 0.6719565217391305 0.5415300546448087 0.6759782608695651 0.5807103825136611 0.6809782608695651 0.6108743169398907 0.6999637681159421 0.6546448087431694 0.7239855072463768 0.6862841530054645 0.7419565217391304 0.6923497267759563 0.7609782608695652 0.6818032786885245 0.7679710144927536 0.629016393442623 0.7629710144927536 0.5671584699453552 0.759963768115942 0.5309289617486339 0.7469565217391304 0.5113661202185792 0.7269565217391304 0.48420765027322404 0.7239855072463768 0.4751366120218579 0.6979710144927536 0.49475409836065576 0.6759782608695651 0.49322404371584705
3 0.8319565217391305 0.46005464480874314 0.8659782608695652 0.46005464480874314 0.8809782608695652 0.4404371584699453 0.8759782608695652 0.363551912568306 0.8669927536231884 0.3318579234972677 0.859963768115942 0.30923497267759564 0.8479710144927536 0.32885245901639343 0.8429710144927536 0.3620218579234973 0.8358695652173913 0.3830601092896175 0.8318840579710145 0.4191256830601093 0.8319927536231884 0.437431693989071 0.8249637681159421 0.45103825136612025
3 0.6579710144927536 0.31224043715846994 0.6509782608695651 0.3454098360655738 0.6409782608695652 0.3937158469945355 0.6419565217391304 0.45704918032786884 0.6439492753623188 0.4917486338797814 0.6819565217391305 0.4992896174863388 0.7199637681159421 0.48420765027322404 0.7259782608695652 0.4404371584699453 0.7259782608695652 0.3846448087431694 0.7199637681159421 0.34240437158469944 0.709963768115942 0.3062295081967213 0.6949637681159421 0.29415300546448087 0.6759782608695651 0.2971584699453552
1 0.657536231884058 0.3342622950819672 0.6723913043478261 0.3249726775956284 0.696304347826087 0.3380874316939891 0.7042753623188406 0.3512021857923497 0.7071739130434783 0.3752459016393443 0.7097101449275363 0.3987431693989071 0.7129710144927536 0.4178688524590164 0.7234782608695652 0.4216939890710383 0.7252898550724638 0.38617486338797813 0.7198550724637681 0.34846994535519127 0.7151449275362318 0.32661202185792354 0.7078985507246377 0.3069398907103825 0.6930434782608695 0.29382513661202186 0.6727536231884058 0.29983606557377046 0.660072463768116 0.31240437158469947 0.6546376811594203 0.32606557377049183
0 0.3705072463768116 0.5829508196721311 0.36543478260869566 0.5960655737704917 0.3676086956521739 0.615191256830601 0.37775362318840583 0.6173770491803279 0.3806521739130435 0.6015300546448087 0.37594202898550727 0.5884153005464481
0 0.3639855072463768 0.6698360655737705 0.36217391304347823 0.6621857923497269 0.35492753623188406 0.6594535519125684 0.3523913043478261 0.6633333333333333 0.3491304347826087 0.6736612021857924 0.3502173913043478 0.6851912568306011 0.3516666666666667 0.6949726775956284 0.357463768115942 0.69224043715847 0.36289855072463767 0.6824590163934426 0.36869565217391304 0.6763934426229509
0 0.4202173913043478 0.28256830601092897 0.3828985507246377 0.32672131147540984 0.3814492753623188 0.37087431693989076 0.3968115942028985 0.402896174863388 0.4246014492753623 0.41060109289617486 0.44804347826086954 0.42054644808743163 0.4765942028985507 0.42163934426229505 0.4992753623188406 0.4150273224043716 0.5073188405797102 0.38852459016393437 0.4977898550724637 0.3565027322404371 0.48974637681159416 0.32781420765027325 0.4743840579710145 0.30021857923497264 0.4634057971014493 0.2869945355191257 0.4458333333333333 0.28147540983606556
3 0.29195652173913045 0.58224043715847 0.28594202898550725 0.6440983606557378 0.28894927536231885 0.702896174863388 0.3119565217391304 0.7375956284153005 0.34195652173913044 0.7164480874316941 0.369927536231884 0.6802732240437158 0.3839492753623188 0.6320218579234973 0.3859420289855072 0.5716939890710383 0.394963768115942 0.5083060109289618 0.388768115942029 0.46612021857923497 0.3859420289855072 0.432896174863388 0.3689492753623188 0.41027322404371586 0.35094202898550725 0.3967213114754098 0.33007246376811594 0.3907103825136612 0.3068840579710145 0.40437158469945356 0.28992753623188405 0.4751366120218579 0.28492753623188405 0.5173770491803279 0.29094202898550725 0.5550819672131148
3 0.7529710144927536 0.3001639344262295 0.7379710144927536 0.3454098360655738 0.7319565217391305 0.3967213114754098 0.7279710144927536 0.46005464480874314 0.7479710144927536 0.5158469945355192 0.7819565217391304 0.5173770491803279 0.8099637681159421 0.49475409836065576 0.829963768115942 0.437431693989071 0.8339855072463769 0.36956284153005464 0.8359782608695652 0.32584699453551913 0.8249637681159421 0.29868852459016393 0.8079710144927537 0.28060109289617485 0.7839855072463768 0.28207650273224044 0.7589855072463768 0.3001639344262295
3 0.764963768115942 0.5309289617486339 0.7689855072463768 0.5686338797814208 0.7919565217391304 0.6304918032786885 0.8259782608695652 0.656120218579235 0.8559782608695652 0.6395628415300547 0.8529710144927536 0.5761748633879781 0.849963768115942 0.5189071038251366 0.8439855072463768 0.4751366120218579 0.8279710144927537 0.4751366120218579 0.8119565217391305 0.4856830601092896 0.7829710144927536 0.5128415300546447
3 0.4409420289855073 0.4706010928961749 0.4539492753623189 0.46912568306010927 0.46894927536231884 0.46912568306010927 0.48195652173913045 0.4736612021857924 0.48695652173913045 0.4887431693989071 0.49496376811594206 0.4992896174863388 0.4969565217391304 0.5430054644808744 0.5009420289855072 0.5882513661202186 0.5009420289855072 0.6244808743169399 0.4889492753623188 0.6485792349726776 0.45695652173913043 0.6546448087431694 0.4369565217391304 0.656120218579235 0.4359420289855072 0.6199453551912568 0.4329347826086956 0.5912568306010929 0.4329347826086956 0.5475409836065573 0.4329347826086956 0.5143715846994535 0.4359420289855072 0.48120218579234975
3 0.19992753623188406 0.6033333333333333 0.20492753623188406 0.6531147540983606 0.21192028985507247 0.6832786885245902 0.22594202898550725 0.6908196721311476 0.24394927536231883 0.6802732240437158 0.2669565217391305 0.6576502732240437 0.2819565217391304 0.6199453551912568 0.28894927536231885 0.5807103825136611 0.28992753623188405 0.5415300546448087 0.28492753623188405 0.5294535519125683 0.26992753623188404 0.5233879781420765 0.24594202898550724 0.526448087431694 0.23394927536231883 0.5309289617486339 0.21094202898550724 0.5415300546448087 0.20594202898550726 0.5716939890710383
3 0.5089492753623188 0.479672131147541 0.504963768115942 0.4826775956284153 0.49894927536231887 0.49322404371584705 0.5069565217391304 0.5505464480874317 0.5129710144927536 0.5897814207650274 0.5189492753623188 0.6274863387978142 0.5289492753623188 0.6485792349726776 0.5649637681159421 0.6621857923497269 0.5809420289855073 0.6365573770491803 0.5769565217391305 0.5882513661202186 0.5769565217391305 0.5520765027322404 0.5699637681159421 0.526448087431694 0.5559420289855073 0.5173770491803279 0.524963768115942 0.5083060109289618 0.5109420289855073 0.49775956284153006
3 0.17692028985507247 0.5083060109289618 0.16492753623188408 0.5324590163934426 0.15492753623188404 0.595792349726776 0.16793478260869565 0.6380327868852459 0.18692028985507247 0.6365573770491803 0.19894927536231882 0.600327868852459 0.20793478260869566 0.5505464480874317 0.22793478260869565 0.5233879781420765 0.21692028985507245 0.4992896174863388 0.18894927536231884 0.5068306010928961
3 0.5809420289855073 0.5324590163934426 0.5879710144927536 0.5610928961748635 0.5909420289855072 0.5912568306010929 0.5939492753623189 0.6214754098360656 0.6109782608695652 0.6455737704918033 0.6309782608695652 0.656120218579235 0.6529710144927536 0.6304918032786885 0.669963768115942 0.6018579234972677 0.669963768115942 0.5656284153005465 0.664963768115942 0.5249180327868853 0.6619565217391304 0.5083060109289618 0.654963768115942 0.4992896174863388 0.6359782608695652 0.4826775956284153 0.6369565217391304 0.4721311475409836 0.6359782608695652 0.45103825136612025 0.6289492753623188 0.46612021857923497 0.6221014492753623 0.5098360655737705 0.6059782608695652 0.5173770491803279 0.5809420289855073 0.526448087431694