3 0.64302 0.5270666666666667 0.64634 0.5306000000000001 0.6527200000000001 0.5290666666666667 0.65726 0.5164666666666666 0.65998 0.4977666666666667 0.6612 0.4770666666666667 0.66028 0.4614 0.6587799999999999 0.4578666666666667 0.65484 0.4614 0.64998 0.4755333333333333 0.64726 0.4876666666666667 0.64664 0.49876666666666664 0.64634 0.5109
3 0.52034 0.6293666666666666 0.5197999999999999 0.6477 0.52086 0.6616666666666666 0.5307999999999999 0.6712666666666667 0.54024 0.6721333333333332 0.5475599999999999 0.6686333333333333 0.5528 0.6616666666666666 0.5559400000000001 0.6477 0.55804 0.6328666666666667 0.55908 0.6206333333333334 0.5554199999999999 0.6136666666666667 0.5449400000000001 0.6084 0.5287000000000001 0.6084 0.5219 0.6162666666666666
3 0.58946 0.6442 0.59888 0.6512 0.6093999999999999 0.646 0.61564 0.6363333333333333 0.61878 0.6197666666666667 0.61826 0.5953333333333333 0.61826 0.5874666666666667 0.6140800000000001 0.5752333333333333 0.6057 0.5708666666666666 0.59784 0.5717666666666666 0.58684 0.5866 0.5863200000000001 0.5953333333333333 0.59156 0.6075333333333333 0.59104 0.6258666666666667
3 0.3797 0.4478666666666667 0.37576 0.46676666666666666 0.3762 0.4958666666666666 0.3797 0.5162333333333333 0.38668 0.5344 0.3954 0.5278666666666667 0.39977999999999997 0.5184000000000001 0.39802 0.49876666666666664 0.39627999999999997 0.48423333333333335 0.39236 0.47040000000000004 0.38494 0.45876666666666666
3 0.6321 0.5604 0.63574 0.5568666666666666 0.63998 0.5467666666666666 0.64302 0.5392 0.64664 0.5392 0.64998 0.5528333333333333 0.6512 0.5684666666666667 0.6512 0.5887 0.65058 0.5998 0.64816 0.6099 0.6417999999999999 0.6089 0.6409 0.5887 0.6375599999999999 0.5791 0.6324 0.5659666666666666
3 0.52662 0.5045333333333334 0.52242 0.5255 0.52086 0.5464333333333333 0.52032 0.5735 0.52242 0.5787333333333333 0.5339400000000001 0.5857333333333333 0.5528 0.5883333333333334 0.5632 0.585 0.56904 0.5787333333333333 0.57584 0.5691333333333334 0.5774199999999999 0.5543 0.5769 0.5324666666666666 0.57584 0.522 0.5721799999999999 0.49929999999999997 0.56852 0.4801 0.56276 0.47659999999999997 0.56014 0.4748666666666667 0.54704 0.4696333333333333 0.54128 0.4722333333333333 0.52976 0.48360000000000003
3 0.5549 0.6529333333333334 0.55752 0.6651333333333334 0.57112 0.6686333333333333 0.57898 0.6651333333333334 0.5899800000000001 0.6512 0.59104 0.6328666666666667 0.59364 0.6127666666666667 0.59104 0.6031666666666666 0.58212 0.5927 0.5706 0.5927 0.5596 0.5988 0.5554199999999999 0.6093 0.55752 0.6232666666666666 0.55698 0.6337333333333334
3 0.43548000000000003 0.47313333333333335 0.43026 0.4862 0.42816000000000004 0.5097666666666667 0.42868 0.5289999999999999 0.42606 0.5429666666666666 0.42868 0.5534333333333333 0.43339999999999995 0.5578 0.445 0.564 0.45382 0.5621666666666667 0.4622 0.5569 0.4654 0.5446666666666666 0.4664 0.5263333333333333 0.4643 0.5080333333333333 0.46116 0.4967 0.45486 0.47836666666666666 0.45016 0.46613333333333334 0.44595999999999997 0.4644
3 0.4072 0.5560333333333334 0.40092 0.5639 0.3962 0.5804666666666666 0.39516 0.5927 0.40406 0.6075333333333333 0.41088 0.6127666666666667 0.4182 0.6031666666666666 0.42344 0.5883333333333334 0.42816000000000004 0.5726333333333333 0.42710000000000004 0.5569 0.41716000000000003 0.5499333333333333
3 0.4234 0.5873333333333333 0.41872000000000004 0.5997 0.41506 0.6189 0.4182 0.6302333333333333 0.42919999999999997 0.6372333333333333 0.43810000000000004 0.6433333333333333 0.44386000000000003 0.6407 0.45068 0.6276333333333333 0.45068 0.6110333333333333 0.44648000000000004 0.5953333333333333 0.44333999999999996 0.5813666666666667 0.43706 0.5708666666666666 0.42972000000000005 0.5752333333333333
3 0.5784600000000001 0.5560333333333334 0.58212 0.5639 0.59104 0.5726333333333333 0.59836 0.5708666666666666 0.60884 0.5691333333333334 0.61356 0.5604 0.61774 0.5455666666666666 0.61878 0.5289999999999999 0.6198400000000001 0.5080333333333333 0.6140800000000001 0.49406666666666665 0.61198 0.48360000000000003 0.6083200000000001 0.47573333333333334 0.6051799999999999 0.4696333333333333 0.59784 0.4644 0.5952200000000001 0.4644 0.58684 0.47313333333333335 0.5774199999999999 0.4923333333333333 0.57428 0.5106666666666666 0.57794 0.5394666666666666
3 0.48628 0.6337333333333334 0.48524 0.6485666666666666 0.48628 0.6590333333333334 0.49048 0.6668999999999999 0.49886 0.673 0.5067200000000001 0.6738666666666666 0.5140399999999999 0.6668999999999999 0.51928 0.6546666666666667 0.5197999999999999 0.6372333333333333 0.5197999999999999 0.6197666666666667 0.51928 0.6145333333333334 0.5192 0.61 0.5088 0.6058 0.49833999999999995 0.6058 0.48838 0.6093
3 0.38974000000000003 0.5344 0.38494 0.5431333333333334 0.38014 0.5663999999999999 0.381 0.5824333333333332 0.39016 0.5853333333333333 0.40414 0.5657 0.4098 0.5555 0.41504 0.5504 0.4094 0.5439999999999999 0.4072 0.5402333333333333 0.40326 0.5271333333333333 0.39802 0.5220333333333333 0.39322 0.5271333333333333
3 0.4491 0.6285000000000001 0.4491 0.6363333333333333 0.4512 0.6503 0.458 0.6564333333333333 0.46796 0.6608 0.47582 0.6608 0.48366000000000003 0.6503 0.48628 0.6319666666666667 0.48682 0.6154000000000001 0.48160000000000003 0.6023333333333333 0.4722 0.5963333333333334 0.4616 0.5936666666666667 0.45277999999999996 0.5953333333333333 0.45016 0.6101666666666667 0.44858 0.6232666666666666
3 0.61826 0.5420666666666667 0.62664 0.5560333333333334 0.6303 0.5612666666666667 0.6386799999999999 0.5569 0.6455 0.5106666666666666 0.64654 0.49056666666666665 0.64812 0.47659999999999997 0.6476000000000001 0.46090000000000003 0.6455 0.4513 0.6366 0.45216666666666666 0.62874 0.4626333333333333 0.6214 0.48360000000000003 0.62036 0.5115333333333334 0.6193200000000001 0.5255 0.61826 0.5368333333333334
3 0.47214 0.4862 0.46586 0.5185000000000001 0.46586 0.5307333333333333 0.46586 0.5482 0.46692 0.5674 0.46848 0.5778666666666668 0.48052 0.5848333333333333 0.49413999999999997 0.5848333333333333 0.50724 0.5831000000000001 0.5140399999999999 0.5813666666666667 0.52032 0.5708666666666666 0.52242 0.5551666666666667 0.52138 0.5359666666666666 0.51718 0.5132666666666666 0.5140399999999999 0.5010666666666667 0.51248 0.4967 0.50724 0.49056666666666665 0.50304 0.48533333333333334 0.49624 0.4801 0.49204000000000003 0.4775 0.48210000000000003 0.4801
3 0.39936 0.45830000000000004 0.39674 0.4801 0.39674 0.5028 0.40198 0.5289999999999999 0.40512 0.5386000000000001 0.4098 0.5456666666666666 0.41919999999999996 0.5413333333333333 0.42816000000000004 0.5307333333333333 0.42919999999999997 0.5150333333333333 0.42972000000000005 0.49843333333333334 0.42188 0.48533333333333334 0.41558 0.46876666666666666 0.41034 0.46090000000000003 0.40826 0.4556666666666666
3 0.6193200000000001 0.6267333333333334 0.62874 0.6285000000000001 0.6386799999999999 0.6267333333333334 0.64236 0.6093 0.64078 0.5883333333333334 0.63398 0.5639 0.62978 0.5604 0.62612 0.5569 0.62036 0.5543 0.61302 0.5691333333333334 0.61146 0.5778666666666668 0.61564 0.5831000000000001 0.61878 0.5953333333333333 0.61878 0.6075333333333333