3 0.39843333333333336 0.35619999999999996 0.3944 0.36225 0.3947333333333333 0.3749 0.3998 0.38755 0.40786666666666666 0.3931 0.4206666666666667 0.38905 0.4294333333333334 0.37689999999999996 0.4321 0.36479999999999996 0.42806666666666665 0.35719999999999996 0.4163 0.3547
3 0.5418999999999999 0.3729 0.5409 0.38955 0.5429 0.41125 0.5543666666666667 0.4138 0.5763333333333334 0.41100000000000003 0.5910666666666666 0.40975 0.5974666666666667 0.3951 0.5991333333333334 0.3739 0.5964333333333334 0.36075 0.5893666666666667 0.35015 0.5796 0.34255 0.5654666666666667 0.3446 0.5519999999999999 0.35265
3 0.5648 0.48200000000000004 0.5624333333333333 0.4936 0.5627666666666667 0.50925 0.5701666666666667 0.5133 0.5826333333333333 0.5147999999999999 0.5890333333333334 0.5123 0.5951 0.5108 0.5964333333333334 0.49765 0.5971333333333333 0.4855 0.5934333333333334 0.47845 0.5870333333333334 0.47845 0.5799333333333333 0.47645000000000004 0.5718666666666666 0.47845
3 0.6045333333333334 0.47035 0.6014999999999999 0.47945 0.6001666666666667 0.49310000000000004 0.5984666666666666 0.49915 0.6021666666666667 0.5027 0.6139666666666667 0.49915 0.6230666666666667 0.4936 0.6321333333333333 0.4825 0.6314666666666666 0.4719 0.6281 0.4643 0.6186666666666667 0.45725 0.6099333333333333 0.45725
3 0.6409 0.36985 0.6419 0.38299999999999995 0.6476333333333333 0.3946 0.6580666666666666 0.39865 0.6648 0.38905 0.6665 0.3764 0.6671666666666667 0.3628 0.6648 0.3547 0.6540333333333334 0.3547 0.6422333333333333 0.36329999999999996
3 0.46360000000000007 0.47835 0.45553333333333335 0.4849 0.45216666666666666 0.494 0.45620000000000005 0.5036 0.4703333333333333 0.5112 0.48616666666666664 0.51575 0.48919999999999997 0.5146999999999999 0.48919999999999997 0.5021 0.4875 0.4915 0.4821333333333333 0.4839 0.47673333333333334 0.48034999999999994 0.4686666666666666 0.47735
3 0.42823333333333335 0.45815 0.42486666666666667 0.46015 0.41746666666666665 0.46520000000000006 0.4114 0.47229999999999994 0.4184666666666667 0.48695 0.4323 0.4955 0.4430666666666666 0.49955 0.4494666666666667 0.49955 0.45013333333333333 0.4915 0.4491333333333334 0.47985 0.44439999999999996 0.46924999999999994 0.4373333333333333 0.46015
3 0.49373333333333336 0.4916 0.49366666666666664 0.514 0.5018333333333334 0.51685 0.5173333333333333 0.516 0.5233666666666666 0.51535 0.5267333333333334 0.5017 0.5270666666666667 0.48805 0.5196666666666667 0.48350000000000004 0.5055333333333333 0.4825 0.49439999999999995 0.48450000000000004
3 0.49610000000000004 0.35015 0.48600000000000004 0.3567 0.4799333333333333 0.36729999999999996 0.4789333333333334 0.38299999999999995 0.4809333333333333 0.3926 0.485 0.4067 0.49543333333333334 0.4133 0.5099 0.41479999999999995 0.5264 0.41479999999999995 0.5351666666666667 0.4128 0.5418999999999999 0.39715000000000006 0.5425666666666668 0.38299999999999995 0.5385333333333333 0.36884999999999996 0.5291 0.3557 0.5169666666666667 0.34865
3 0.5267333333333334 0.49060000000000004 0.5254 0.5042 0.5270666666666667 0.5133 0.5378666666666667 0.51885 0.5462666666666667 0.51885 0.5557 0.51535 0.5590666666666667 0.5047 0.5607666666666666 0.4926 0.5590666666666667 0.4825 0.5489666666666667 0.4825 0.5361666666666667 0.485 0.5267333333333334 0.48655000000000004
3 0.44053333333333333 0.35064999999999996 0.43346666666666667 0.3628 0.4351333333333333 0.37895 0.4378333333333333 0.39205 0.4456 0.40015 0.4617333333333334 0.4047 0.47186666666666666 0.3961 0.47656666666666664 0.37845 0.4732 0.35875 0.46443333333333336 0.34865
3 0.5966666666666667 0.374 0.6001666666666667 0.385 0.6072333333333333 0.39205 0.6166666666666667 0.3956 0.6274333333333333 0.3931 0.6328333333333334 0.38854999999999995 0.6372 0.38095 0.6382 0.36479999999999996 0.6382 0.35165 0.6304666666666666 0.34255 0.6216999999999999 0.3446 0.6112666666666666 0.35265 0.6025 0.3628