3 0.3090462427745665 0.5097272727272727 0.31627167630057806 0.5600454545454545 0.3338150289017341 0.5909090909090909 0.3554913294797688 0.6006363636363635 0.3719942196531792 0.5844090909090909 0.38335260115606934 0.5438181818181819 0.38748554913294797 0.5016363636363637 0.3936705202312139 0.4642727272727273 0.3926589595375723 0.42045454545454547 0.3802601156069364 0.3928636363636364 0.3690751445086705 0.385 0.33208092485549134 0.38545454545454544 0.31849710982658963 0.38363636363636366 0.3031791907514451 0.3986363636363636
3 0.2679190751445087 0.3813636363636364 0.2976878612716763 0.39936363636363637 0.32040462427745664 0.38472727272727275 0.35653179190751444 0.38472727272727275 0.36890173410404625 0.38472727272727275 0.36890173410404625 0.3717727272727273 0.3578034682080925 0.3472727272727273 0.35231213872832373 0.3259090909090909 0.34208092485549135 0.30518181818181817 0.3286416184971098 0.29059090909090907 0.3059537572254335 0.29059090909090907 0.2894219653179191 0.29059090909090907 0.2699421965317919 0.325
3 0.6907514450867052 0.5472727272727272 0.7116184971098266 0.5402727272727272 0.7309248554913295 0.5404545454545455 0.7332369942196532 0.510909090909091 0.7332369942196532 0.4636363636363636 0.7245664739884393 0.41045454545454546 0.7176300578034682 0.39 0.6973988439306359 0.4186363636363636 0.6908381502890173 0.44672727272727275 0.696242774566474 0.4772727272727273 0.6944797687861272 0.5188636363636364
3 0.2367919075144509 0.42209090909090907 0.24092485549132947 0.49027272727272725 0.24092485549132947 0.521090909090909 0.24916184971098265 0.5844090909090909 0.27705202312138727 0.5779090909090909 0.29459537572254335 0.5616818181818182 0.31008670520231213 0.5097272727272727 0.3069653179190751 0.47240909090909095 0.30260115606936416 0.40136363636363637 0.2930635838150289 0.395 0.27658959537572253 0.38636363636363635 0.2626011560693642 0.38313636363636366 0.24277456647398843 0.3922727272727273 0.2338150289017341 0.41409090909090907
3 0.508757225433526 0.41968181818181816 0.5066763005780347 0.37345454545454543 0.5066763005780347 0.32495454545454544 0.537514450867052 0.29 0.586242774566474 0.2787272727272727 0.6184971098265896 0.2777272727272727 0.6271676300578035 0.3127272727272727 0.6349710982658959 0.37681818181818183 0.630635838150289 0.42636363636363633 0.6213872832369942 0.4586363636363637 0.6077456647398845 0.47154545454545455 0.5747687861271676 0.47604545454545455 0.5711849710982659 0.46927272727272723 0.5697687861271676 0.4320454545454545 0.5604335260115607 0.41627272727272724
3 0.3697687861271676 0.38472727272727275 0.36690751445086706 0.35427272727272724 0.36690751445086706 0.3362272727272727 0.3805202312138728 0.30468181818181816 0.39765895953757224 0.28213636363636363 0.4163583815028902 0.2787272727272727 0.45219653179190755 0.29227272727272724 0.4823121387283237 0.30468181818181816 0.49520231213872834 0.3272272727272727 0.5023699421965317 0.35427272727272724 0.5073988439306358 0.41290909090909095 0.483757225433526 0.42418181818181816 0.45794797687861266 0.4117727272727273 0.4184393063583815 0.40727272727272723 0.39271676300578034 0.41627272727272724 0.3805202312138728 0.39486363636363636
3 0.19682080924855488 0.2586363636363636 0.19913294797687864 0.2936363636363636 0.20404624277456646 0.35727272727272724 0.21300578034682083 0.3968181818181818 0.22748554913294797 0.42368181818181816 0.24401734104046244 0.38959090909090904 0.26878612716763006 0.3782272727272727 0.2690751445086705 0.3277272727272727 0.25950867052023124 0.29868181818181816 0.2502023121387283 0.26786363636363636 0.23884393063583814 0.25322727272727275 0.22341040462427744 0.2504545454545455 0.20346820809248556 0.24636363636363637
3 0.6463872832369942 0.4320454545454545 0.6335260115606937 0.4 0.6346820809248555 0.3654545454545455 0.6357225433526011 0.33286363636363636 0.653757225433526 0.2877272727272727 0.6658959537572254 0.27409090909090905 0.6815028901734105 0.26045454545454544 0.708092485549133 0.25395454545454543 0.7332369942196532 0.26636363636363636 0.7326589595375722 0.2777272727272727 0.7277456647398844 0.3090909090909091 0.7231213872832369 0.32954545454545453 0.7216763005780347 0.38272727272727275 0.6959537572254335 0.41954545454545455 0.6893063583815029 0.45136363636363636 0.6722543352601156 0.4264090909090909
3 0.6101156069364162 0.5486363636363637 0.6161849710982659 0.6009090909090908 0.630057803468208 0.6154545454545455 0.6609826589595376 0.6177272727272728 0.6873121387283238 0.5899090909090909 0.6901156069364162 0.5448181818181819 0.6968208092485549 0.4809090909090909 0.6924855491329479 0.45454545454545453 0.6716763005780347 0.42636363636363633 0.6450867052023121 0.43272727272727274 0.6349710982658959 0.44227272727272726 0.6219653179190752 0.45681818181818185 0.6060693641618496 0.4772727272727273 0.6072254335260115 0.5040909090909091 0.6089595375722543 0.52
3 0.7690462427745663 0.3497727272727273 0.7869942196531792 0.32954545454545453 0.7941329479768786 0.2877727272727273 0.7941329479768786 0.2505454545454545 0.761271676300578 0.25227272727272726 0.7508670520231214 0.2631818181818182 0.7306358381502891 0.2940909090909091 0.7239884393063584 0.32636363636363636 0.7210982658959537 0.3704545454545455 0.7367052023121388 0.3381818181818182 0.7696531791907515 0.33045454545454545
3 0.3948554913294798 0.48954545454545456 0.39979768786127173 0.5279090909090909 0.40202312138728324 0.5730000000000001 0.4149421965317919 0.6045454545454545 0.435 0.6214545454545455 0.4536416184971098 0.6011818181818182 0.4673410404624277 0.5718181818181818 0.47369942196531795 0.5279090909090909 0.47945086705202306 0.4704090909090909 0.483757225433526 0.4230454545454545 0.46069364161849713 0.4127272727272727 0.4121387283236994 0.40818181818181815 0.39335260115606935 0.41409090909090907
3 0.47945086705202306 0.4963181818181818 0.483757225433526 0.5324090909090909 0.48583815028901733 0.5853636363636364 0.5028901734104047 0.6263636363636365 0.5248554913294797 0.6245454545454546 0.5482658959537572 0.6000454545454545 0.5604335260115607 0.5425454545454546 0.5683236994219653 0.5008181818181818 0.5697687861271676 0.47263636363636363 0.5697687861271676 0.4320454545454545 0.5640173410404624 0.41968181818181816 0.5238728323699422 0.41968181818181816 0.49664739884393067 0.42077272727272724 0.48653179190751444 0.42077272727272724
3 0.5560693641618497 0.5921363636363637 0.581936416184971 0.6056818181818182 0.6147398843930636 0.6013636363636364 0.6104046242774566 0.54 0.6041618497109826 0.47154545454545455 0.5782947976878613 0.4782727272727273 0.5704913294797688 0.4782727272727273 0.5582080924855491 0.5526818181818182 0.5520231213872833 0.5877272727272728
3 0.7410693641618498 0.46136363636363636 0.7446531791907514 0.4636363636363636 0.7567919075144509 0.4376818181818182 0.7552023121387283 0.3868181818181818 0.7697398843930635 0.3418636363636363 0.7697398843930635 0.3305909090909091 0.7346820809248554 0.3372727272727273 0.7283236994219653 0.35727272727272724 0.7216763005780347 0.37454545454545457 0.7202312138728323 0.38727272727272727 0.7303179190751445 0.44109090909090914 0.7323699421965318 0.45772727272727276