3 0.2725868725868726 0.5015463917525773 0.2908108108108108 0.5291237113402062 0.34065637065637067 0.5632474226804124 0.3929343629343629 0.5648453608247422 0.45861003861003863 0.5664948453608247 0.4864864864864865 0.5649484536082474 0.4976833976833977 0.5144329896907216 0.5035907335907336 0.45448453608247424 0.5035907335907336 0.39603092783505156 0.4988416988416988 0.33762886597938147 0.4744015444015444 0.2823711340206186 0.44764478764478766 0.23530927835051546 0.4050965250965251 0.20448453608247424 0.3455212355212355 0.20448453608247424 0.31756756756756754 0.22396907216494846 0.28957528957528955 0.2742783505154639 0.2714285714285714 0.35206185567010306
3 0.927027027027027 0.5195876288659793 0.950965250965251 0.545360824742268 0.9741312741312742 0.5664948453608247 0.9997297297297297 0.5745876288659794 1 0.5734536082474226 1 0.2521134020618557 0.9900000000000001 0.2515463917525773 0.9644401544401544 0.284020618556701 0.9378378378378378 0.3391752577319587 0.9267567567567567 0.36195876288659795
3 0.3525096525096525 0.5742268041237114 0.3456756756756757 0.5878865979381444 0.3465250965250965 0.6149484536082475 0.35413127413127415 0.687061855670103 0.36764478764478764 0.7434536082474227 0.3787644787644787 0.7829896907216495 0.42509652509652507 0.8123711340206186 0.4571428571428572 0.8087628865979382 0.4791505791505791 0.761340206185567 0.4942084942084942 0.7262886597938145 0.49922779922779925 0.6726804123711341 0.5108108108108108 0.6396907216494845 0.5042471042471042 0.5628865979381443 0.4949806949806949 0.5314432989690722 0.48752895752895753 0.5608247422680412 0.4672972972972973 0.5642268041237113 0.3521235521235521 0.5644329896907216
3 0.06826254826254827 0.6703608247422681 0.07436293436293437 0.7337113402061856 0.10718146718146719 0.7872680412371134 0.13166023166023166 0.784020618556701 0.1637065637065637 0.7489690721649485 0.1935135135135135 0.6882474226804124 0.1935135135135135 0.6378865979381443 0.18135135135135136 0.5697422680412371 0.19837837837837838 0.5388659793814433 0.1618918918918919 0.5388659793814433 0.11204633204633205 0.5323711340206185 0.0840926640926641 0.5064432989690721 0.0694980694980695 0.5161340206185567
3 0.5034749034749035 0.5010309278350515 0.5208494208494209 0.5618556701030928 0.5536679536679537 0.5731958762886598 0.6628957528957529 0.5762371134020619 0.7189189189189189 0.5747422680412371 0.7347490347490347 0.5293814432989691 0.7455598455598456 0.446340206185567 0.7393822393822393 0.36855670103092786 0.7227799227799228 0.28144329896907216 0.6749034749034749 0.22371134020618555 0.623976833976834 0.21582474226804121 0.584942084942085 0.22474226804123712 0.5478764478764478 0.2536082474226804 0.525096525096525 0.3025773195876289 0.5092664092664093 0.3510309278350515
3 0.9646332046332047 0.5844845360824742 0.9637837837837838 0.6600515463917527 0.9705405405405405 0.6814432989690721 0.9975675675675676 0.7040206185567011 0.9958687258687259 0.6972164948453607 1 0.7042268041237114 1 0.5822680412371134 0.9739382239382239 0.5754639175257732
3 0.506949806949807 0.570979381443299 0.512895752895753 0.6791752577319587 0.5179536679536679 0.727680412371134 0.5355212355212354 0.7850515463917527 0.5576447876447876 0.8133505154639175 0.5838223938223939 0.8223711340206186 0.6083011583011584 0.8110824742268041 0.6243243243243243 0.7908247422680412 0.6386100386100386 0.759278350515464 0.6478764478764479 0.7175257731958762 0.6571428571428571 0.6768041237113402 0.6648648648648648 0.6284536082474227 0.6631660231660231 0.5969072164948453 0.6555984555984556 0.5788659793814432 0.5500386100386101 0.5743298969072165 0.512895752895753 0.5596907216494845
3 0.8177220077220076 0.7062371134020619 0.8320849420849421 0.7265463917525773 0.8472586872586872 0.7626288659793814 0.8633204633204633 0.7874226804123711 0.8827413127413127 0.8054639175257732 0.9156756756756756 0.8212371134020618 0.9460617760617761 0.8009278350515464 0.9604247104247104 0.7761340206185566 0.9604247104247104 0.7344329896907216 0.9604247104247104 0.6927319587628865 0.9595752895752896 0.6498969072164948 0.9595752895752896 0.5969072164948453 0.9604247104247104 0.5754639175257732 0.924942084942085 0.5292783505154639 0.8979150579150579 0.5461855670103093 0.848957528957529 0.556340206185567 0.8320849420849421 0.5608247422680412 0.8355212355212356 0.5701030927835051 0.8345945945945946 0.6070618556701031 0.8286872586872587 0.6476288659793814
3 0.19999999999999998 0.6932989690721649 0.21544401544401542 0.7556701030927835 0.23436293436293437 0.7907216494845362 0.2664864864864865 0.8115979381443298 0.29810810810810806 0.7986082474226804 0.32 0.7645360824742268 0.34432432432432436 0.7207216494845361 0.3528185328185328 0.6930927835051547 0.3467181467181467 0.6283505154639175 0.34432432432432436 0.5843298969072165 0.3351351351351351 0.5603092783505155 0.2899613899613899 0.5304123711340206 0.2776061776061776 0.5298969072164949 0.25328185328185326 0.5257731958762887 0.21297297297297296 0.5307731958762887 0.19961389961389964 0.5372680412371135 0.1837837837837838 0.5745876288659794
3 0.6589575289575289 0.6600515463917527 0.6766795366795366 0.7209278350515465 0.6986486486486486 0.7896907216494845 0.7493050193050192 0.8279896907216494 0.7813899613899614 0.8144845360824742 0.7983011583011582 0.7795360824742268 0.8025096525096524 0.742319587628866 0.8151737451737452 0.7040206185567011 0.8236293436293436 0.667938144329897 0.8345945945945946 0.609278350515464 0.8345945945945946 0.5664432989690722 0.8185714285714285 0.5552061855670103 0.7484555984555984 0.5292783505154639 0.7359073359073359 0.5304123711340206 0.723976833976834 0.5608247422680412 0.7166023166023165 0.5773195876288659 0.6725868725868726 0.5778350515463917 0.664015444015444 0.5935051546391753 0.6665637065637066 0.6081958762886598
3 0.7382239382239382 0.5082474226804123 0.749034749034749 0.5283505154639175 0.8293436293436294 0.5597938144329897 0.8915057915057916 0.5469072164948453 0.9243243243243243 0.5262886597938145 0.9255212355212356 0.43010309278350517 0.9230888030888031 0.3505670103092784 0.904864864864865 0.2791237113402062 0.8915057915057916 0.2320618556701031 0.827027027027027 0.2418041237113402 0.7942084942084942 0.26778350515463917 0.7749034749034749 0.31030927835051547 0.7621621621621621 0.33608247422680415 0.7370656370656371 0.3668041237113402 0.7431274131274132 0.3992783505154639 0.7455598455598456 0.45448453608247424
3 0.08652509652509653 0.4967010309278351 0.10961389961389961 0.5291237113402062 0.19837837837837838 0.5372680412371135 0.2445945945945946 0.5258762886597937 0.2702702702702703 0.5097938144329898 0.27135135135135136 0.4577319587628866 0.27011583011583007 0.38469072164948453 0.26563706563706563 0.34536082474226804 0.24749034749034746 0.31030927835051547 0.21312741312741315 0.24690721649484534 0.17285714285714288 0.20448453608247424 0.1533976833976834 0.2190721649484536 0.12664092664092663 0.2304639175257732 0.10111969111969113 0.2970103092783505 0.09382239382239382 0.3458762886597938 0.08416988416988418 0.37835051546391757 0.08648648648648648 0.4319587628865979
3 0.003861003861003861 0.25309278350515463 0.033204633204633204 0.27422680412371137 0.06100386100386101 0.32113402061855667 0.08146718146718147 0.3474226804123712 0.08772200772200772 0.43984536082474224 0.08648648648648648 0.4984536082474227 0.04517374517374517 0.522680412371134 0.009922779922779922 0.5388659793814433 0 0.5388659793814433 0 0.3388144329896907
3 0.003822393822393822 0.7093298969072166 0.033204633204633204 0.681958762886598 0.062162162162162166 0.647422680412371 0.0694980694980695 0.5794845360824742 0.07193050193050193 0.5161340206185567 0.0622007722007722 0.5210309278350516 0.0074903474903474905 0.5388659793814433 0 0.5374742268041237 0 0.573659793814433