3 0.11702898550724637 0.4814207650273224 0.1147463768115942 0.5211475409836066 0.12471014492753624 0.5418032786885246 0.14340579710144927 0.5258469945355192 0.16521739130434784 0.5032786885245901 0.175 0.47978142076502733 0.17173913043478262 0.4420765027322405 0.14746376811594203 0.439344262295082 0.13550724637681158 0.4158469945355191 0.14166666666666666 0.44371584699453553 0.14130434782608695 0.46502732240437156
3 0.8200724637681159 0.5051366120218579 0.8314855072463768 0.5474316939890711 0.8428985507246376 0.5818579234972677 0.8501811594202898 0.5897267759562842 0.8615942028985508 0.5481967213114753 0.8610869565217392 0.5231693989071038 0.8522463768115942 0.4808743169398907 0.8372101449275362 0.4980874316939891 0.8283695652173912 0.499672131147541 0.8185144927536232 0.4816939890710383
3 0.7235507246376811 0.539344262295082 0.7240579710144928 0.5622950819672131 0.7307971014492753 0.6053551912568306 0.7528985507246377 0.619672131147541 0.7623188405797101 0.6508196721311476 0.7757246376811594 0.6360655737704919 0.777536231884058 0.6054644808743169 0.7786231884057971 0.5715846994535518 0.771268115942029 0.5419672131147542 0.7594202898550725 0.5136612021857924 0.7307971014492753 0.5224043715846994
3 0.855072463768116 0.4743169398907104 0.8731884057971014 0.4475409836065574 0.879891304347826 0.40240437158469944 0.8791304347826087 0.3618032786885246 0.8724275362318841 0.35393442622950816 0.8642028985507246 0.36295081967213116 0.8582246376811594 0.38546448087431695 0.8567028985507246 0.3990163934426229
3 0.2886231884057971 0.38775956284153 0.28789855072463766 0.3663387978142077 0.29782608695652174 0.32786885245901637 0.31778985507246377 0.29978142076502734 0.32003623188405794 0.2783606557377049 0.32673913043478264 0.2682513661202186 0.3447101449275362 0.27950819672131144 0.3447101449275362 0.31333333333333335 0.3447101449275362 0.34153005464480873 0.3551449275362319 0.3708196721311475 0.3626449275362319 0.3888524590163934 0.37065217391304345 0.3978142076502732 0.37318840579710144 0.41038251366120215 0.3730797101449275 0.4644262295081967 0.3686231884057971 0.48131147540983604 0.3559057971014493 0.4914754098360656 0.32673913043478264 0.485792349726776 0.305072463768116 0.483551912568306 0.29387681159420287 0.48131147540983604 0.28489130434782606 0.47229508196721315 0.28192028985507245 0.47229508196721315
3 0.5190217391304348 0.5262841530054645 0.5210869565217391 0.5450819672131147 0.5205797101449275 0.5669945355191257 0.5226449275362319 0.5967759562841529 0.5376811594202898 0.63224043715847 0.566304347826087 0.6475409836065574 0.587536231884058 0.6139890710382514 0.5973913043478261 0.585792349726776 0.5989492753623189 0.5544808743169399 0.5989492753623189 0.5317486338797814 0.5989492753623189 0.5255191256830601 0.5818115942028986 0.5224043715846994 0.5652173913043478 0.5262841530054645 0.5356159420289855 0.5224043715846994 0.5262681159420289 0.5200546448087432
3 0.22 0.5239344262295081 0.22105072463768116 0.5434972677595628 0.2226086956521739 0.5631147540983606 0.22778985507246377 0.5732786885245902 0.23195652173913042 0.5850273224043716 0.24804347826086953 0.5818579234972677 0.2610144927536232 0.569344262295082 0.27242753623188404 0.5599453551912569 0.2833333333333333 0.5419672131147542 0.28905797101449276 0.5286338797814207 0.28905797101449276 0.5130054644808743 0.2906159420289855 0.4918579234972678 0.2906159420289855 0.4808743169398907 0.27971014492753626 0.47306010928961745 0.2433695652173913 0.4879234972677596 0.2298913043478261 0.4808743169398907
3 0.6257608695652174 0.48245901639344263 0.6489130434782608 0.501584699453552 0.6668478260869566 0.501584699453552 0.6795652173913044 0.4779234972677595 0.6855434782608696 0.4553551912568306 0.6855434782608696 0.4272131147540984 0.6855434782608696 0.4012568306010929 0.6855434782608696 0.37983606557377053 0.6795652173913044 0.34153005464480873 0.6773188405797101 0.3178688524590164 0.6668478260869566 0.3178688524590164 0.6534057971014493 0.32349726775956283 0.6406884057971015 0.33814207650273226 0.636195652173913 0.3527868852459016 0.6302173913043478 0.36857923497267764 0.6235144927536233 0.38322404371584695
3 0.49717391304347824 0.5004918032786886 0.4994202898550725 0.5027322404371585 0.5091304347826088 0.5173770491803279 0.5457608695652174 0.5253005464480874 0.5457608695652174 0.5253005464480874 0.5756521739130435 0.5253005464480874 0.5943478260869565 0.5185245901639345 0.613768115942029 0.49934426229508194 0.6272463768115942 0.47907103825136615 0.6279710144927536 0.45874316939890714 0.625 0.4215846994535519 0.6227536231884058 0.38775956284153 0.6130434782608696 0.36295081967213116 0.5988405797101449 0.32459016393442625 0.5838768115942029 0.2907650273224044 0.5749275362318841 0.28743169398907104 0.5629710144927536 0.282896174863388 0.5405434782608696 0.28743169398907104 0.530072463768116 0.29978142076502734 0.5181159420289855 0.3212021857923497 0.5068840579710145 0.3392896174863388 0.49793478260869567 0.3618032786885246 0.494927536231884 0.3708196721311475
3 0.6885507246376811 0.47229508196721315 0.6907608695652174 0.4779234972677595 0.7155797101449275 0.5163934426229508 0.7281521739130434 0.5185245901639345 0.7453260869565218 0.5173770491803279 0.7640217391304348 0.49934426229508194 0.7730072463768116 0.48245901639344263 0.7730072463768116 0.48245901639344263 0.7737318840579711 0.45311475409836066 0.7730072463768116 0.40349726775956285 0.7730072463768116 0.3663387978142077 0.7655072463768116 0.33136612021857925 0.756159420289855 0.30491803278688523 0.7543115942028985 0.267103825136612 0.7210144927536232 0.27595628415300544 0.7131884057971014 0.3031693989071038 0.701231884057971 0.3460109289617486 0.6900362318840579 0.36857923497267764 0.686304347826087 0.38098360655737706
3 0.7737318840579711 0.47005464480874315 0.7789855072463768 0.48245901639344263 0.7954347826086956 0.492568306010929 0.8141304347826086 0.48688524590163934 0.8223188405797102 0.47005464480874315 0.8223188405797102 0.4306010928961749 0.8230797101449275 0.40349726775956285 0.8268115942028985 0.38098360655737706 0.8282608695652174 0.34590163934426227 0.8200724637681159 0.3077049180327869 0.8133695652173913 0.27612021857923497 0.7909420289855073 0.3201092896174863 0.7789855072463768 0.34939890710382515 0.7730072463768116 0.3640437158469946
3 0.3686231884057971 0.48131147540983604 0.3746014492753623 0.506120218579235 0.38355072463768114 0.5230054644808743 0.41047101449275364 0.5275409836065574 0.42543478260869566 0.5286338797814207 0.45007246376811594 0.5297814207650273 0.4732608695652174 0.5275409836065574 0.4867028985507247 0.5263934426229508 0.494927536231884 0.5117486338797814 0.49644927536231886 0.49595628415300547 0.49644927536231886 0.45989071038251367 0.49568840579710144 0.4272131147540984 0.49344202898550726 0.39 0.49268115942028984 0.367431693989071 0.48 0.3257377049180328 0.46652173913043476 0.3099453551912568 0.4478623188405797 0.29530054644808745 0.43213768115942025 0.2930601092896175 0.42166666666666663 0.29530054644808745 0.41195652173913044 0.30431693989071035 0.40373188405797106 0.3178688524590164 0.39550724637681156 0.3437704918032787 0.38355072463768114 0.367431693989071 0.38206521739130433 0.38546448087431695 0.37757246376811593 0.39786885245901643
3 0.36742753623188407 0.5278688524590164 0.36641304347826087 0.5662295081967214 0.37416666666666665 0.6014754098360655 0.39960144927536234 0.6131693989071038 0.4151811594202899 0.606120218579235 0.42920289855072463 0.5912568306010929 0.4343840579710145 0.5662295081967214 0.43543478260869567 0.5434972677595628 0.43492753623188407 0.5309836065573771 0.394963768115942 0.5278688524590164 0.37521739130434784 0.5184699453551912
3 0.8305434782608695 0.3584153005464481 0.8380434782608696 0.3392896174863388 0.8440217391304348 0.33360655737704914 0.8559782608695652 0.35956284153005463 0.8559782608695652 0.39114754098360655 0.8547101449275363 0.4475409836065574 0.8536231884057971 0.4737704918032787 0.8425 0.49032786885245905 0.831304347826087 0.49934426229508194 0.8230797101449275 0.48918032786885246 0.8193478260869564 0.48245901639344263 0.8215942028985507 0.46775956284153003 0.8223188405797102 0.412568306010929
3 0.7660869565217391 0.5090710382513661 0.7677536231884058 0.5371584699453552 0.7894565217391304 0.5928415300546448 0.807608695652174 0.6125683060109289 0.8257246376811594 0.6087431693989072 0.8336956521739131 0.5852459016393442 0.8329710144927537 0.5573770491803278 0.8155797101449275 0.492896174863388 0.7963768115942029 0.49562841530054647 0.774927536231884 0.48245901639344263
3 0.17329710144927535 0.4879234972677596 0.1743478260869565 0.5184699453551912 0.17590579710144927 0.5443169398907104 0.17797101449275363 0.5575956284153005 0.19405797101449276 0.5662295081967214 0.20391304347826086 0.5662295081967214 0.20858695652173914 0.5411475409836065 0.21380434782608695 0.5262841530054645 0.2194927536231884 0.5231693989071038 0.2252173913043478 0.510655737704918 0.2288405797101449 0.4910382513661202 0.2298913043478261 0.48010928961748633 0.21742753623188404 0.4707103825136612 0.21119565217391303 0.44486338797814207 0.20547101449275362 0.43469945355191253 0.1919927536231884 0.43469945355191253 0.18108695652173912 0.44486338797814207 0.17692028985507247 0.44486338797814207
3 0.1406159420289855 0.26934426229508196 0.13090579710144928 0.289672131147541 0.12942028985507245 0.3099453551912568 0.13463768115942026 0.3279781420765028 0.1323913043478261 0.35956284153005463 0.13463768115942026 0.3956284153005465 0.1413768115942029 0.4226775956284153 0.1458695652173913 0.43508196721311476 0.16702898550724637 0.439344262295082 0.17724637681159422 0.4226775956284153 0.186231884057971 0.40918032786885244 0.19894927536231882 0.3956284153005465 0.19894927536231882 0.3956284153005465 0.20340579710144926 0.3843715846994536 0.20641304347826087 0.33021857923497266 0.19221014492753621 0.30546448087431693 0.1780072463768116 0.2783606557377049 0.16978260869565218 0.2558469945355191 0.16380434782608697 0.22540983606557377 0.15858695652173915 0.21978142076502732 0.15782608695652176 0.21863387978142076 0.1503623188405797 0.21863387978142076 0.1503623188405797 0.21863387978142076
3 0.20641304347826087 0.32688524590163937 0.20717391304347826 0.296448087431694 0.22510869565217392 0.2558469945355191 0.23108695652173913 0.2276502732240437 0.23630434782608695 0.21978142076502732 0.255 0.24005464480874317 0.2579710144927536 0.27950819672131144 0.2728260869565217 0.3404371584699453 0.2826449275362319 0.3787431693989071 0.28789855072463766 0.396775956284153 0.2826449275362319 0.45989071038251367 0.27742753623188404 0.4734426229508197 0.24452898550724636 0.4869398907103825 0.21913043478260869 0.46775956284153003 0.21014492753623187 0.4396174863387978 0.20416666666666666 0.43169398907103823
3 0.4520289855072464 0.532568306010929 0.4567028985507246 0.5568306010928962 0.46293478260869564 0.5724590163934427 0.4639855072463768 0.6006557377049181 0.47644927536231885 0.6178688524590163 0.48213768115942024 0.622568306010929 0.49876811594202897 0.6069398907103825 0.505 0.5936065573770491 0.5164130434782609 0.5818579234972677 0.5169202898550724 0.5631147540983606 0.5164130434782609 0.5505464480874317 0.5153623188405797 0.532568306010929 0.5081159420289856 0.5200546448087432 0.5018840579710145 0.5168852459016393 0.4972101449275362 0.5184699453551912 0.4795652173913044 0.5278688524590164
3 0.6409782608695652 0.6030054644808743 0.6570652173913043 0.6312021857923498 0.6789855072463769 0.6726775956284152 0.6992753623188406 0.6819672131147541 0.7246376811594203 0.6885245901639344 0.7304347826086957 0.6655737704918032 0.7334057971014493 0.6421857923497267 0.7292391304347826 0.6092896174863388 0.7266304347826087 0.5865573770491803 0.7256159420289855 0.5771584699453552 0.716268115942029 0.5380327868852459 0.7131521739130435 0.5121857923497268 0.6980797101449275 0.4902732240437158 0.6825 0.4746448087431694 0.6653985507246377 0.499672131147541 0.6596739130434782 0.5340983606557377 0.6446376811594202 0.5662295081967214
3 0.5994565217391304 0.5991256830601093 0.6119202898550724 0.6092896174863388 0.6280072463768116 0.6092896174863388 0.642536231884058 0.5991256830601093 0.6446376811594202 0.5771584699453552 0.648768115942029 0.5599453551912569 0.655 0.5434972677595628 0.6612318840579711 0.5262841530054645 0.6638405797101449 0.5036065573770492 0.6508695652173913 0.5027868852459016 0.6316304347826087 0.4902732240437158 0.6233333333333333 0.4848087431693989 0.5989492753623189 0.5200546448087432
3 0.2875 0.5450819672131147 0.2875 0.5756284153005464 0.2875 0.6006557377049181 0.28855072463768117 0.622568306010929 0.29840579710144927 0.622568306010929 0.315 0.6249180327868853 0.3373188405797101 0.6131693989071038 0.3580797101449275 0.5959562841530055 0.36536231884057974 0.5818579234972677 0.36692028985507247 0.5537158469945355 0.36692028985507247 0.5537158469945355 0.36692028985507247 0.5255191256830601 0.36485507246376814 0.5098360655737705 0.3622463768115942 0.4980874316939891 0.35394927536231885 0.4933879781420765 0.31344202898550727 0.4855737704918033 0.2921739130434783 0.4855737704918033