3 0.1384083044982699 0.45714285714285713 0.13667820069204153 0.4325714285714286 0.1397923875432526 0.40800000000000003 0.1432871972318339 0.37771428571428567 0.14820069204152247 0.36960000000000004 0.16951557093425607 0.3817714285714286 0.18505190311418684 0.4048 0.19999999999999998 0.4165714285714286 0.20622837370242214 0.45199999999999996 0.211280276816609 0.48188571428571425 0.21782006920415226 0.5102857142857142 0.19245674740484428 0.5562857142857143 0.17359861591695502 0.5698285714285715 0.16214532871972318 0.5671428571428572 0.156401384083045 0.5562857142857143 0.15259515570934257 0.5365714285714286 0.14048442906574396 0.49028571428571427
3 0.06885813148788927 0.448 0.07200692041522491 0.4264571428571428 0.08186851211072664 0.4142857142857143 0.1013840830449827 0.4382857142857143 0.10806228373702423 0.4616 0.10889273356401384 0.49274285714285715 0.11058823529411765 0.5238285714285714 0.11134948096885813 0.5522285714285714 0.10314878892733563 0.5644 0.0941522491349481 0.5725142857142858 0.08166089965397924 0.5622857142857143 0.06875432525951558 0.536 0.06875432525951558 0.5238285714285714
3 0.10865051903114187 0.4765714285714286 0.10899653979238755 0.45257142857142857 0.11460207612456746 0.4318285714285714 0.13529411764705881 0.44057142857142856 0.14083044982698964 0.46971428571428575 0.14 0.49 0.14737024221453288 0.5184 0.1572318339100346 0.5495428571428571 0.14982698961937715 0.5671428571428572 0.14083044982698964 0.5765714285714286 0.12608996539792386 0.5725142857142858 0.11543252595155709 0.5617142857142857 0.11134948096885813 0.5549714285714286
3 0.0286159169550173 0.4115428571428571 0.0286159169550173 0.43725714285714284 0.026159169550173007 0.48057142857142854 0.029515570934256052 0.5224571428571428 0.04581314878892734 0.5319428571428572 0.06709342560553633 0.5238285714285714 0.06792387543252595 0.47782857142857144 0.06792387543252595 0.4453714285714286 0.051557093425605535 0.4183428571428571 0.039238754325259514 0.4142857142857143
3 0.8690311418685122 0.5927428571428571 0.8923875432525951 0.6011428571428572 0.9117647058823529 0.5834285714285714 0.9134948096885813 0.5194285714285715 0.920069204152249 0.5 0.9174048442906574 0.4743428571428572 0.9168166089965397 0.4584 0.8855363321799308 0.46028571428571424 0.8826989619377162 0.47622857142857145 0.8804152249134948 0.5062857142857142 0.8781314878892733 0.5364
3 0.8280276816608997 0.6942857142857143 0.8501730103806228 0.7222857142857143 0.8752941176470589 0.7374285714285715 0.8849480968858131 0.732742857142857 0.8849480968858131 0.6866857142857143 0.88439446366782 0.6472 0.8849480968858131 0.6246857142857143 0.8849480968858131 0.6049714285714286 0.8661937716262976 0.6002285714285714 0.8553979238754326 0.6096571428571429 0.8400346020761246 0.6086857142857143 0.8280622837370242 0.5974285714285714
3 0.4224567474048443 0.5664571428571429 0.4241868512110727 0.5974285714285714 0.4281660899653979 0.6369142857142857 0.43955017301038063 0.6763428571428571 0.4577508650519031 0.7195428571428572 0.4827681660899654 0.7177142857142856 0.4918685121107267 0.6904571428571429 0.4941522491349481 0.6632 0.49698961937716263 0.6293714285714286 0.4975432525951557 0.5899428571428571 0.5004152249134948 0.5373142857142857 0.4895847750865052 0.5561142857142857 0.4594463667820069 0.5561142857142857 0.43269896193771623 0.5561142857142857 0.423598615916955 0.5570285714285714
3 0.3702076124567474 0.45211428571428575 0.3742906574394464 0.40885714285714286 0.3795847750865052 0.364 0.3972318339100346 0.3073714285714286 0.40951557093425606 0.29114285714285715 0.4455709342560554 0.2925142857142857 0.4847750865051903 0.3062857142857143 0.5076124567474048 0.34514285714285714 0.5037370242214533 0.4277714285714286 0.5037370242214533 0.4940571428571428 0.5020761245674741 0.536 0.4906228373702422 0.5536 0.4390311418685121 0.5590285714285714 0.4111764705882353 0.5562857142857143 0.3939446366782007 0.5454857142857142 0.38332179930795846 0.5346857142857142 0.3702076124567474 0.5306285714285714
3 0.8235294117647058 0.5814857142857143 0.8280622837370242 0.5974285714285714 0.8485467128027682 0.6077714285714285 0.863356401384083 0.6002285714285714 0.8690311418685122 0.5805142857142858 0.878719723183391 0.5250857142857143 0.8781314878892733 0.4837714285714286 0.874152249134948 0.46217142857142857 0.860553633217993 0.44971428571428573 0.8408304498269896 0.4577142857142857 0.8394463667820069 0.47622857142857145 0.8326297577854671 0.5025714285714286 0.8292041522491349 0.5279428571428572
3 0.2776470588235294 0.4751428571428572 0.27844290657439447 0.4250857142857143 0.2841868512110726 0.38988571428571434 0.2956747404844291 0.35742857142857143 0.3079584775086505 0.3317142857142857 0.3284083044982699 0.33308571428571426 0.34397923875432523 0.34794285714285716 0.35709342560553636 0.3831428571428571 0.3678200692041522 0.43142857142857144 0.36692041522491353 0.4751428571428572 0.36775086505190313 0.5143428571428572 0.3620069204152249 0.5400571428571429 0.33660899653979237 0.5454857142857142 0.31204152249134953 0.5441142857142857 0.2907266435986159 0.5306285714285714 0.2808996539792388 0.5197714285714286
3 0.9117647058823529 0.5788571428571428 0.9363321799307959 0.5794285714285715 0.9491349480968858 0.56 0.9595155709342561 0.5748571428571428 0.9747404844290657 0.5588571428571428 0.975432525951557 0.5108571428571429 0.9709342560553634 0.4931428571428571 0.9633217993079584 0.46971428571428575 0.9469550173010381 0.4480571428571428 0.9373702422145328 0.46 0.9293425605536332 0.46965714285714283 0.9224913494809689 0.4931428571428571 0.9145328719723184 0.5166285714285714 0.9122837370242214 0.5326285714285713
3 0.5055363321799308 0.45371428571428574 0.501038062283737 0.416 0.5055363321799308 0.3874285714285714 0.5214532871972318 0.33714285714285713 0.5460207612456748 0.3062857142857143 0.5667820069204152 0.28914285714285715 0.5937024221453288 0.29965714285714284 0.6210034602076124 0.3418857142857143 0.6301038062283737 0.40205714285714284 0.6380622837370242 0.4781142857142857 0.6370242214532872 0.5422857142857144 0.6128027681660899 0.5691428571428571 0.5813148788927336 0.5680000000000001 0.5339100346020762 0.5634285714285714 0.5123529411764706 0.5485714285714286 0.5043944636678201 0.5466857142857143
3 0.639204152249135 0.5410857142857143 0.6636678200692042 0.5514285714285714 0.6943944636678201 0.5476571428571428 0.7041522491349481 0.5285714285714286 0.7096885813148789 0.49028571428571427 0.7160207612456748 0.4142285714285714 0.7190311418685121 0.36457142857142855 0.6972318339100346 0.3202857142857143 0.6795847750865052 0.3137142857142857 0.6629757785467127 0.3365714285714286 0.6470588235294118 0.3742857142857143 0.6346020761245675 0.4034285714285714 0.6397923875432526 0.4577142857142857 0.6380622837370242 0.4942857142857143
3 0.14598615916955016 0.6641142857142857 0.15121107266435987 0.6874285714285714 0.1629757785467128 0.696 0.17159169550173012 0.6876 0.18069204152249135 0.6725714285714286 0.18581314878892735 0.6519428571428572 0.18640138408304496 0.6209142857142856 0.19093425605536332 0.5870857142857142 0.19152249134948096 0.5608 0.17387543252595156 0.5682857142857143 0.16079584775086506 0.5682857142857143 0.15508650519031142 0.5570285714285714 0.15339100346020762 0.5739428571428571 0.15110726643598615 0.5927428571428571
3 0.7711764705882354 0.5514285714285714 0.7871280276816609 0.5786285714285715 0.8076124567474049 0.6002285714285714 0.8178200692041522 0.5927428571428571 0.8259515570934256 0.5628571428571428 0.8280622837370242 0.5307428571428571 0.8370242214532873 0.48 0.8417301038062284 0.4424 0.8366089965397924 0.41611428571428566 0.8193771626297578 0.40800000000000003 0.8020761245674741 0.4182857142857143 0.7948096885813148 0.44628571428571423
3 0.3416955017301038 0.6547428571428572 0.3468166089965398 0.7082857142857143 0.361038062283737 0.7383428571428572 0.3843598615916955 0.7308571428571429 0.4037024221453287 0.6989142857142857 0.4150865051903114 0.666 0.4173356401384083 0.6359428571428571 0.4173356401384083 0.6058857142857142 0.4173356401384083 0.5673714285714286 0.4173356401384083 0.5561142857142857 0.40598615916955016 0.5532571428571428 0.38775086505190315 0.5382285714285714 0.37809688581314876 0.5307428571428571 0.3684429065743945 0.5335428571428572 0.36217993079584776 0.5392 0.35705882352941176 0.5476571428571428 0.3382698961937716 0.5495428571428571 0.33712802768166095 0.5918285714285714 0.3377162629757785 0.6350285714285714
3 0.7280276816608997 0.5771428571428572 0.7283737024221453 0.6228571428571429 0.7318339100346021 0.6577142857142857 0.7370588235294118 0.6819999999999999 0.7564013840830449 0.7092571428571429 0.7717647058823529 0.7233142857142857 0.782560553633218 0.7289714285714285 0.7922491349480969 0.7120571428571428 0.7916608996539792 0.6923428571428571 0.7916608996539792 0.6632 0.7911072664359862 0.6331428571428571 0.7911072664359862 0.6002285714285714 0.7911072664359862 0.5870857142857142 0.7797231833910034 0.5692571428571429 0.7717647058823529 0.5448000000000001 0.751280276816609 0.5617142857142857 0.7319377162629758 0.5617142857142857 0.7228373702422145 0.5551428571428572
3 0.7933910034602076 0.6866857142857143 0.8047404844290658 0.7008 0.8138408304498269 0.7186285714285715 0.8246712802768167 0.7158285714285714 0.826955017301038 0.6913714285714285 0.826955017301038 0.6669714285714285 0.826955017301038 0.6350285714285714 0.8258131487889273 0.6143428571428572 0.8246712802768167 0.5927428571428571 0.818961937716263 0.5918285714285714 0.8070242214532871 0.5993142857142857 0.7911072664359862 0.5861714285714286
3 0.1846712802768166 0.6519428571428572 0.1846712802768166 0.6754285714285715 0.20346020761245673 0.7297142857142858 0.2262975778546713 0.7222857142857143 0.23875432525951557 0.7005714285714285 0.2536332179930796 0.6742857142857143 0.2660207612456747 0.6171428571428571 0.2677508650519031 0.5682857142857143 0.2580622837370242 0.5419999999999999 0.2501038062283737 0.5438857142857143 0.23017301038062282 0.5419999999999999 0.22280276816608996 0.5382285714285714 0.21768166089965396 0.5157142857142857 0.19207612456747405 0.5570285714285714 0.19207612456747405 0.5758285714285714 0.1880968858131488 0.5984 0.18525951557093426 0.6171428571428571
3 0.20391003460207613 0.43051428571428574 0.2030795847750865 0.37771428571428567 0.20553633217993078 0.3304 0.21948096885813148 0.3290285714285714 0.23913494809688582 0.3561142857142857 0.26453287197231834 0.3790857142857143 0.2719031141868512 0.4156 0.27352941176470585 0.45617142857142856 0.27844290657439447 0.49542857142857144 0.2719031141868512 0.536 0.248961937716263 0.5468571428571428 0.22602076124567472 0.5400571428571429 0.21782006920415226 0.5170857142857143
3 0.5846020761245674 0.5711428571428572 0.5764705882352941 0.6011428571428572 0.5783391003460208 0.6359428571428571 0.5823529411764706 0.7 0.6039446366782006 0.7289714285714285 0.6215916955017301 0.732742857142857 0.6387543252595156 0.7165714285714286 0.6487889273356401 0.6737142857142857 0.6550173010380623 0.6417142857142857 0.6625259515570934 0.5899428571428571 0.6653979238754326 0.5525714285714286 0.6387543252595156 0.5411428571428571 0.6273356401384084 0.5542857142857143 0.6124567474048442 0.5691428571428571 0.5958477508650518 0.5674285714285714
3 0.655121107266436 0.6434857142857143 0.6629757785467127 0.6874285714285714 0.6892733564013841 0.7394285714285714 0.7125951557093425 0.7712571428571429 0.7283737024221453 0.7657142857142857 0.7342560553633217 0.7514285714285714 0.7279584775086505 0.7110857142857143 0.7325259515570934 0.6765714285714286 0.7279584775086505 0.6209142857142856 0.727370242214533 0.5720571428571428 0.7245674740484429 0.5634285714285714 0.704636678200692 0.5269714285714285 0.6960899653979238 0.5457714285714286 0.6642560553633218 0.5532571428571428 0.659688581314879 0.6058857142857142
3 0.7058823529411765 0.5171428571428571 0.7262975778546713 0.5548571428571428 0.741522491349481 0.5628571428571428 0.7700346020761245 0.5514285714285714 0.776885813148789 0.5138285714285714 0.801038062283737 0.4182857142857143 0.7923875432525952 0.3462857142857143 0.7657439446366783 0.3337142857142857 0.7444636678200692 0.36165714285714284 0.7197231833910035 0.3914285714285714 0.717128027681661 0.43679999999999997
3 0.06577854671280277 0.5457714285714286 0.060103806228373705 0.5701714285714286 0.05325259515570935 0.5899428571428571 0.051003460207612455 0.6096571428571429 0.053840830449826994 0.6359428571428571 0.0686159169550173 0.6406285714285714 0.08062283737024221 0.6348571428571428 0.09031141868512112 0.6057142857142858 0.09366782006920416 0.5777142857142857 0.08114186851211072 0.5608 0.07439446366782007 0.5457142857142857 0.06806228373702422 0.5354285714285715
3 0.2535294117647059 0.6735428571428572 0.25577854671280276 0.7054857142857143 0.26034602076124563 0.7261142857142857 0.2825259515570934 0.7336571428571428 0.31837370242214535 0.7148571428571429 0.3354325259515571 0.6622857142857144 0.3354325259515571 0.6321714285714285 0.3354325259515571 0.5777142857142857 0.33598615916955016 0.5476571428571428 0.31041522491349477 0.5438857142857143 0.2830795847750865 0.5241714285714286 0.27626297577854675 0.5297714285714286 0.2683044982698962 0.5495428571428571 0.2677508650519031 0.5664571428571429 0.2688581314878893 0.5974285714285714 0.26716262975778543 0.6274857142857143 0.26148788927335637 0.6416000000000001
3 0.09252595155709342 0.5833142857142857 0.09024221453287197 0.6049714285714286 0.08228373702422145 0.6340571428571429 0.08228373702422145 0.6669714285714285 0.09024221453287197 0.6932571428571428 0.11072664359861592 0.6932571428571428 0.12439446366782007 0.6876 0.13747404844290656 0.6801142857142857 0.14598615916955016 0.6547428571428572 0.14941176470588236 0.6284571428571428 0.14941176470588236 0.6086857142857143 0.15055363321799306 0.5833714285714285 0.15055363321799306 0.5654857142857143 0.14200692041522492 0.5767428571428572 0.1323529411764706 0.5758285714285714 0.12152249134948095 0.5711428571428572 0.11698961937716264 0.5654857142857143 0.10844290657439447 0.5542285714285714 0.09536332179930795 0.5730285714285714
3 0.889515570934256 0.6857714285714286 0.904878892733564 0.6885714285714286 0.9133910034602077 0.6829142857142857 0.9214532871972319 0.6714285714285714 0.9207612456747406 0.6417142857142857 0.9134948096885813 0.5822857142857143 0.8961937716262975 0.6022857142857143 0.8832525951557093 0.5974285714285714 0.8855363321799308 0.6143428571428572 0.8866782006920415 0.6481714285714286 0.8866782006920415 0.6744571428571429
3 0.5060899653979238 0.5523428571428571 0.5055363321799308 0.6068571428571429 0.5055363321799308 0.6528571428571428 0.5100692041522491 0.6904571428571429 0.5242906574394464 0.7195428571428572 0.5447750865051904 0.7252 0.5533217993079584 0.7064 0.5618339100346021 0.6782285714285714 0.5703806228373702 0.6519428571428572 0.5760553633217993 0.5984 0.5806228373702422 0.5673714285714286 0.5487543252595156 0.5673714285714286 0.5277162629757786 0.5608 0.5100692041522491 0.5485714285714286