0 0.4985454545454545 0.5191256830601093 0.4826545454545454 0.5353005464480874 0.49272727272727274 0.5415300546448087 0.5032727272727273 0.5480874316939891 0.5106545454545455 0.5500546448087431 0.5128363636363636 0.5418579234972677 0.5095636363636363 0.5369398907103825 0.5106545454545455 0.5314754098360656 0.5110181818181818 0.5265573770491804 0.5070181818181818 0.5227322404371585
3 0.46436363636363637 0.06683060109289618 0.3930545454545455 0.10972677595628415 0.33345454545454545 0.15256830601092897 0.314 0.21098360655737705 0.30727272727272725 0.22349726775956283 0.30036363636363633 0.3262295081967213 0.29454545454545455 0.439344262295082 0.3347272727272727 0.5168306010928961 0.36454545454545456 0.5480327868852459 0.3853090909090909 0.5636065573770492 0.4469090909090909 0.5568306010928962 0.49272727272727274 0.5431693989071038 0.5418181818181819 0.5737704918032787 0.5577090909090909 0.5947540983606557 0.6098181818181818 0.5868852459016394 0.6484363636363636 0.5421857923497267 0.6860363636363637 0.44087431693989076 0.6990181818181818 0.33765027322404373 0.697709090909091 0.21683060109289617 0.6951272727272727 0.13890710382513663 0.6251272727272728 0.0726775956284153 0.5292 0.049289617486338796
3 0.7612363636363636 0.9804918032786886 0.664 0.8811475409836066 0.608 0.8032786885245902 0.6030909090909091 0.7291803278688525 0.588 0.63224043715847 0.6523636363636364 0.5967213114754099 0.7130909090909091 0.5366120218579236 0.7443636363636363 0.5267759562841531 0.7806909090909091 0.5285245901639344 0.8429090909090909 0.5715846994535518 0.9103272727272728 0.5480327868852459 0.9466181818181818 0.5129508196721312 0.958290909090909 0.49540983606557376 0.9984727272727272 0.55775956284153 1 0.7473224043715847 1 0.878688524590164 0.9206909090909091 0.9863387978142076 0.7858545454545455 0.9940983606557376
3 0.012400000000000001 1 0.06109090909090909 0.9923497267759562 0.08454545454545455 0.9356830601092896 0.11436363636363636 0.810983606557377 0.1338181818181818 0.6765027322404371 0.1325090909090909 0.5753005464480875 0.12072727272727274 0.5540983606557377 0.08836363636363637 0.5459016393442623 0.05861818181818182 0.5129508196721312 0 0.41551912568306015 0 0.41551912568306015 0 0.41551912568306015 0 1
3 0.14156363636363636 0.8012568306010929 0.1350909090909091 0.7642622950819673 0.1350909090909091 0.705792349726776 0.1441818181818182 0.6629508196721311 0.14287272727272726 0.5830601092896175 0.16363636363636364 0.5480874316939891 0.18036363636363636 0.5420765027322405 0.22472727272727272 0.5360655737704918 0.26730909090909094 0.5129508196721312 0.3101090909090909 0.5149180327868853 0.34254545454545454 0.5306010928961749 0.3658181818181818 0.5562841530054644 0.3734545454545455 0.5770491803278688 0.3749090909090909 0.6980327868852458 0.3618181818181818 1 0.21818181818181817 0.9978142076502732
3 0 0.41551912568306015 0.05861818181818182 0.5129508196721312 0.08836363636363637 0.5459016393442623 0.1999272727272727 0.5226775956284153 0.24654545454545454 0.5109289617486339 0.28036363636363637 0.4486338797814207 0.2958545454545454 0.357103825136612 0.3010181818181818 0.25775956284153007 0.28800000000000003 0.1721311475409836 0.30218181818181816 0.04918032786885246 0.24909090909090909 0 0.18036363636363636 0 0.11963636363636364 0.04371584699453552 0.06363636363636363 0.11147540983606556 0.008072727272727273 0.16038251366120218 0 0.1709289617486339
3 0.7806909090909091 0.5285245901639344 0.7374545454545455 0.5174863387978142 0.708 0.45300546448087436 0.7204 0.3150273224043716 0.7372363636363637 0.24491803278688526 0.7890909090909091 0.15918032786885244 0.8565090909090909 0.08322404371584699 0.9083636363636364 0.05010928961748634 0.9628 0.05010928961748634 0.9978181818181817 0.05027322404371584 1 0.17918032786885246 1 0.4095628415300547 0.996509090909091 0.44360655737704924 0.9796727272727274 0.4514207650273224 0.9487272727272726 0.5174863387978142 0.8642909090909091 0.5702185792349727 0.8344727272727273 0.5682513661202185
3 0.3710181818181818 0.5850273224043716 0.3755636363636364 0.5663387978142077 0.4469090909090909 0.5568306010928962 0.4818181818181818 0.5431693989071038 0.4923636363636364 0.5508196721311476 0.5105454545454545 0.5568306010928962 0.5418181818181819 0.5737704918032787 0.5700363636363636 0.6267213114754098 0.5909090909090909 0.718032786885246 0.5890909090909091 0.8273224043715848 0.5712727272727273 1 0.3618181818181818 1 0.3618181818181818 1 0.3618181818181818 1 0.3749090909090909 0.6980327868852458
0 0.3062909090909091 0.2579781420765027 0.30265454545454545 0.3268306010928962 0.29901818181818185 0.36999999999999994 0.29901818181818185 0.3858469945355191 0.3062909090909091 0.3131693989071038 0.31174545454545455 0.31863387978142077 0.3175636363636364 0.3016939890710383 0.3233818181818182 0.277103825136612 0.32883636363636365 0.2656284153005464 0.3212 0.2672677595628415 0.3164727272727273 0.2694535519125683
0 0.8637454545454546 0.7558469945355191 0.8643636363636363 0.7709836065573771 0.8668727272727272 0.7889071038251366 0.8731636363636364 0.7898360655737704 0.8750545454545454 0.7822950819672131 0.8725454545454545 0.7728415300546448 0.8706545454545455 0.7615300546448088
0 0.8348363636363637 0.576448087431694 0.8304363636363636 0.5812021857923497 0.8279272727272727 0.591584699453552 0.8279272727272727 0.5972131147540984 0.8329454545454545 0.5991256830601093 0.8373454545454546 0.5962841530054646 0.8379636363636364 0.5868306010928962
1 0.5348363636363637 0.4845901639344263 0.5103636363636364 0.4892896174863388 0.4965090909090909 0.5176502732240438 0.4776727272727273 0.5355737704918033 0.4908727272727273 0.5412568306010929 0.5134909090909091 0.5601092896174863 0.5348363636363637 0.5704918032786885 0.5373818181818182 0.5421857923497267 0.5442909090909092 0.5176502732240438