3 0.7927112676056338 0.4302 0.7755633802816901 0.375 0.7778521126760564 0.3344 0.8075704225352113 0.25325 0.836161971830986 0.22725 0.864718309859155 0.21755 0.8921830985915493 0.23215 0.9150352112676057 0.23375 0.937887323943662 0.263 0.9459154929577465 0.31980000000000003 0.9516197183098591 0.3815 0.9196126760563381 0.46755 0.8866197183098592 0.4805 0.8510211267605634 0.48215
3 0.7267605633802817 0.7215 0.7200704225352113 0.6755 0.7228873239436621 0.6335000000000001 0.7504225352112677 0.60795 0.8018661971830986 0.5903499999999999 0.8228169014084508 0.6174000000000001 0.8457746478873239 0.643 0.8495070422535211 0.6796500000000001 0.836161971830986 0.72155 0.8237676056338028 0.7567499999999999 0.8037676056338029 0.7757 0.7789788732394366 0.76485 0.7723239436619719 0.7526999999999999
3 0.2340492957746479 0.81895 0.25119718309859157 0.86225 0.2721478873239437 0.8961 0.277887323943662 0.8987999999999999 0.3121830985915493 0.9015000000000001 0.33123239436619717 0.8514499999999999 0.3445774647887324 0.8027500000000001 0.34647887323943666 0.76215 0.33503521126760566 0.7310500000000001 0.28264084507042253 0.7391500000000001 0.25214788732394366 0.7554000000000001 0.22834507042253518 0.77705
3 0.17214788732394368 0.6282 0.17214788732394368 0.65255 0.155 0.69045 0.17500000000000002 0.7608 0.20929577464788732 0.8040999999999999 0.23119718309859152 0.8176000000000001 0.22454225352112678 0.7784 0.2616901408450704 0.7486 0.28264084507042253 0.6918000000000001 0.28073943661971834 0.6457999999999999 0.2540492957746479 0.60655 0.20929577464788732 0.5943999999999999 0.18545774647887325 0.6093
3 0.013978873239436621 0.0587 0.008274647887323945 0.12635 0.010176056338028169 0.2048 0.02922535211267606 0.2413 0.07211267605633803 0.2589 0.09971830985915493 0.23995 0.13306338028169012 0.2305 0.16070422535211268 0.19665 0.16640845070422536 0.15744999999999998 0.1595070422535211 0.115 0.1419014084507042 0.0625 0.12066901408450706 0.028900000000000002 0.0902112676056338 0.0154 0.040669014084507044 0.030299999999999997
3 0.6713380281690141 0.8122 0.6684859154929578 0.7784 0.6741901408450705 0.7391500000000001 0.6894366197183099 0.7310500000000001 0.7161267605633803 0.7283499999999999 0.7302816901408451 0.7254999999999999 0.7742253521126761 0.7567499999999999 0.7694718309859155 0.81625 0.761830985915493 0.8541500000000001 0.7180281690140845 0.8865999999999999 0.7132394366197183 0.89335 0.681830985915493 0.88255 0.6837323943661973 0.8216500000000001 0.6732394366197183 0.8149
3 0.32359154929577466 0.9055500000000001 0.35313380281690143 0.9582999999999999 0.37982394366197186 0.96235 0.40936619718309863 0.9461499999999999 0.41507042253521126 0.8961 0.4160211267605634 0.86765 0.4112676056338028 0.81625 0.3845774647887324 0.7946 0.35313380281690143 0.82575 0.33693661971830985 0.8406 0.317887323943662 0.892
3 0.5027112676056339 0.95965 0.5455985915492957 0.97455 0.5713028169014085 0.9501999999999999 0.5855985915492958 0.9028499999999999 0.5855985915492958 0.8731 0.5579577464788733 0.8541500000000001 0.5332042253521126 0.8298000000000001 0.5103521126760563 0.8514499999999999 0.4979577464788732 0.87985 0.4903169014084507 0.8865999999999999 0.4979577464788732 0.91365
3 0.8464788732394366 0.20149999999999998 0.8395774647887324 0.14125 0.8441549295774649 0.09255000000000001 0.836161971830986 0.042199999999999994 0.864718309859155 0.008100000000000001 0.949330985915493 0.0016 0.9767605633802816 0.09415 0.9859154929577465 0.1753 0.9778169014084507 0.2125 0.9401760563380281 0.2581 0.9196126760563381 0.23864999999999997 0.8910211267605634 0.23215 0.8591549295774648 0.2125
3 0.11591549295774649 0.48345 0.09788732394366198 0.5565 0.1178169014084507 0.6147 0.14830985915492956 0.6323 0.16640845070422536 0.6295499999999999 0.19024647887323945 0.60385 0.21309859154929578 0.59575 0.2216549295774648 0.5821999999999999 0.22834507042253518 0.5267499999999999 0.2214788732394366 0.509 0.20355633802816903 0.4686 0.15880281690140846 0.4686 0.13021126760563378 0.46454999999999996
3 0.4245774647887324 0.8785 0.4493661971830986 0.83655 0.47602112676056335 0.8216500000000001 0.496056338028169 0.8473999999999999 0.49890845070422535 0.87445 0.48936619718309854 0.88795 0.49890845070422535 0.915 0.4998591549295775 0.9529000000000001 0.49126760563380284 0.9732 0.4350704225352113 0.9678 0.41982394366197184 0.95695 0.4112676056338028 0.9501999999999999 0.4179225352112676 0.8758
3 0.7627816901408451 0.5903499999999999 0.7494718309859155 0.55245 0.7494718309859155 0.5173 0.7580985915492958 0.4755 0.7792253521126761 0.44049999999999995 0.7961267605633803 0.4335 0.8218661971830986 0.45235 0.8418661971830986 0.46995 0.8533098591549296 0.49295 0.8637676056338028 0.52 0.8590140845070423 0.5781499999999999 0.8504577464788733 0.63095 0.8475704225352113 0.6457999999999999 0.8028169014084507 0.5917 0.7580281690140845 0.6011500000000001
3 0.0892605633802817 0.25215 0.07112676056338028 0.3065 0.06352112676056337 0.34005 0.06827464788732394 0.40095 0.08257042253521127 0.46725 0.1178169014084507 0.48479999999999995 0.1292605633802817 0.46995 0.16070422535211268 0.46725 0.19404929577464788 0.47130000000000005 0.226443661971831 0.42665 0.22929577464788733 0.36034999999999995 0.22042253521126762 0.294 0.19975352112676056 0.2481 0.13496478873239437 0.22644999999999998 0.09686619718309859 0.23995
3 0.5884507042253522 0.88255 0.5855985915492958 0.8432999999999999 0.5941549295774649 0.80545 0.6170422535211267 0.7865000000000001 0.6598943661971831 0.81355 0.6827816901408451 0.823 0.6837323943661973 0.8785 0.6675352112676057 0.9068999999999999 0.6275000000000001 0.9245 0.5979929577464789 0.91905