3 0.2990909090909091 0.7173224043715848 0.29 0.7211475409836066 0.2853090909090909 0.7348087431693989 0.2787636363636363 0.756120218579235 0.2722181818181818 0.7736065573770492 0.262 0.8195081967213115 0.27585454545454546 0.8479234972677595 0.29 0.8741530054644808 0.31076363636363635 0.9195081967213116 0.34058181818181815 0.9413661202185792 0.35363636363636364 0.9386338797814208 0.3685818181818182 0.9113114754098361 0.3809090909090909 0.8675956284153006 0.382 0.8184153005464482 0.3831272727272727 0.7976502732240437 0.3704 0.7583060109289618 0.35963636363636364 0.7240437158469946 0.3431272727272727 0.7107650273224043 0.30530909090909086 0.7129508196721311
3 0.6520727272727272 0.2585792349726776 0.6853818181818181 0.2462841530054645 0.6941818181818182 0.24251366120218582 0.7086181818181818 0.26234972677595625 0.7350181818181818 0.3029508196721311 0.7651636363636363 0.3530054644808743 0.7752363636363636 0.38415300546448083 0.7739636363636364 0.3945355191256831 0.7563636363636363 0.39737704918032785 0.7345454545454545 0.4076502732240437 0.723709090909091 0.41622950819672133 0.7318545454545454 0.3936065573770492 0.7212000000000001 0.3501639344262295 0.6966909090909091 0.3067213114754099 0.6834909090909091 0.2831147540983607
3 0.17712727272727272 0.7247540983606557 0.1650909090909091 0.6907103825136612 0.16414545454545454 0.6419672131147541 0.16414545454545454 0.6160109289617487 0.19454545454545455 0.6032786885245902 0.23127272727272727 0.6109289617486339 0.2505818181818182 0.6257377049180328 0.26680000000000004 0.6566120218579234 0.29054545454545455 0.6978142076502732 0.26036363636363635 0.7918032786885246 0.23112727272727274 0.8043169398907104 0.20629090909090908 0.8026775956284152 0.20087272727272729 0.7767213114754098 0.18683636363636363 0.7507650273224042
3 0.25381818181818183 0.6092896174863388 0.2441090909090909 0.5754098360655737 0.23436363636363639 0.541311475409836 0.2376 0.49262295081967217 0.26138181818181816 0.4698907103825136 0.31527272727272726 0.4879781420765027 0.3661818181818182 0.5397267759562842 0.38778181818181817 0.6014207650273224 0.3910181818181818 0.6208743169398907 0.3413090909090909 0.7101639344262296 0.30676363636363635 0.7118032786885246 0.2873090909090909 0.6922950819672131 0.2712727272727273 0.6644808743169398 0.2541818181818182 0.6311475409836066
3 0.09163636363636363 0.7683060109289617 0.08945454545454545 0.703825136612022 0.12509090909090909 0.7021857923497268 0.1781818181818182 0.7344262295081968 0.2052 0.7880874316939891 0.19007272727272728 0.8416393442622951 0.16523636363636363 0.8806010928961749 0.1188 0.8740983606557378 0.09934545454545454 0.8091803278688525
3 0.5742909090909091 0.6427868852459017 0.5972 0.6624590163934426 0.6233818181818183 0.6843169398907104 0.6470181818181818 0.676120218579235 0.656109090909091 0.6619125683060109 0.6528363636363637 0.6291256830601093 0.6477454545454545 0.5897814207650274 0.646290909090909 0.54551912568306 0.6414545454545455 0.4814207650273224 0.6379272727272728 0.4701092896174863 0.616 0.4814207650273224 0.5967272727272727 0.49562841530054647 0.5481090909090909 0.5302185792349727
3 0.7310181818181818 0.5630054644808743 0.7501818181818182 0.587431693989071 0.7698181818181817 0.5989071038251366 0.7858181818181817 0.5901639344262295 0.8029090909090909 0.5442622950819672 0.7970909090909091 0.5224043715846994 0.782909090909091 0.49562841530054647 0.7774545454545455 0.48032786885245904 0.7658181818181818 0.46502732240437156 0.7552727272727272 0.439344262295082 0.764 0.4098360655737705 0.7590181818181818 0.39797814207650273 0.7422909090909091 0.4056284153005465 0.7273818181818182 0.4116393442622951 0.7197454545454546 0.42420765027322405 0.7182909090909091 0.43459016393442623 0.7153818181818181 0.4695628415300547 0.7230181818181819 0.5302185792349727
3 0.6499272727272727 0.5750273224043716 0.6601090909090909 0.595792349726776 0.6877454545454545 0.6171038251366121 0.7110181818181818 0.6334972677595628 0.7222909090909091 0.6345901639344262 0.7292 0.6094535519125683 0.7292 0.5793989071038251 0.7284727272727273 0.5542622950819672 0.7232727272727273 0.5306010928961749 0.7156363636363636 0.46939890710382515 0.7172 0.43459016393442623 0.6964727272727272 0.4460655737704918 0.6692 0.45480874316939895 0.6516363636363636 0.46284153005464485 0.640109090909091 0.46737704918032785
3 0.45756363636363634 0.5968852459016394 0.4572 0.6138251366120219 0.46192727272727274 0.643879781420765 0.47792727272727276 0.6985245901639344 0.4942909090909091 0.7269398907103826 0.5208363636363637 0.7602732240437158 0.5393818181818182 0.7722950819672132 0.5612 0.7739344262295081 0.5761090909090909 0.7520765027322404 0.5804727272727273 0.74224043715847 0.5753818181818181 0.6821311475409836 0.5742909090909091 0.6482513661202186 0.5582909090909091 0.5766666666666667 0.5466545454545455 0.5329508196721312 0.5412 0.5329508196721312 0.5197454545454546 0.5307650273224044 0.512109090909091 0.5253005464480874 0.5052 0.5329508196721312 0.49465454545454546 0.5695628415300547
3 0.20349090909090908 0.9605464480874317 0.21923636363636365 0.9763387978142076 0.23247272727272728 1 0.24076363636363635 1 0.25374545454545455 0.9898360655737705 0.27701818181818183 0.9379781420765028 0.28600000000000003 0.8816393442622951 0.2867636363636364 0.8646994535519126 0.26123636363636366 0.8230054644808744 0.26181818181818184 0.7846994535519125 0.2589090909090909 0.7918032786885246 0.22872727272727272 0.8043715846994535 0.20581818181818182 0.8032786885245902 0.19821818181818182 0.8162295081967214 0.19149090909090907 0.8410382513661202 0.17872727272727273 0.8669945355191256 0.19821818181818182 0.9177049180327869
3 0.5864727272727273 0.3254098360655738 0.5834545454545454 0.2408743169398907 0.5917090909090909 0.22846994535519127 0.6479636363636364 0.2521311475409836 0.6809818181818182 0.28256830601092897 0.72 0.34792349726775956 0.7316363636363636 0.39234972677595625 0.7149090909090909 0.4333333333333333 0.6916363636363636 0.44480874316939895 0.6669090909090909 0.4573770491803279
3 0.36727272727272725 0.5366120218579236 0.35745454545454547 0.4814207650273224 0.3618545454545455 0.4130601092896175 0.38036363636363635 0.37923497267759565 0.41054545454545455 0.3770491803278688 0.4570909090909091 0.4278688524590164 0.48218181818181816 0.4726775956284153 0.5043636363636363 0.5360655737704918 0.49363636363636365 0.5689071038251367 0.4515272727272727 0.5997814207650274 0.4223636363636364 0.6046448087431694 0.3985818181818182 0.6046448087431694 0.38021818181818184 0.5802732240437158
3 0.362 0.7271584699453552 0.3613090909090909 0.6889071038251365 0.36530909090909086 0.6741530054644809 0.3904 0.62224043715847 0.4001818181818182 0.6063934426229508 0.42272727272727273 0.604207650273224 0.4481818181818182 0.6014754098360655 0.45694545454545454 0.616775956284153 0.4594909090909091 0.634808743169399 0.46785454545454547 0.6659562841530055 0.47803636363636365 0.7036612021857924 0.4801818181818182 0.7375409836065574 0.4875636363636364 0.8416393442622951 0.47127272727272723 0.8774863387978142 0.436 0.8918032786885245 0.41647272727272727 0.8673770491803278 0.3850909090909091 0.8043715846994535 0.37927272727272726 0.7841530054644809
3 0.47309090909090906 0.45300546448087436 0.46618181818181814 0.412568306010929 0.4610909090909091 0.3404371584699453 0.4789090909090909 0.29398907103825134 0.5189090909090909 0.28032786885245903 0.5850909090909091 0.3256830601092896 0.5989090909090908 0.3448087431693989 0.6218181818181818 0.3808743169398907 0.6654545454545454 0.45792349726775955 0.6501818181818182 0.4595628415300546 0.6218181818181818 0.47650273224043715 0.5848 0.5037704918032787 0.54 0.5333333333333333 0.5189090909090909 0.5295081967213116 0.4932727272727273 0.507103825136612
3 0.11490909090909092 0.9289617486338798 0.14345454545454547 0.9954644808743168 0.17047272727272728 1 0.1848 1 0.20199999999999999 0.9526775956284154 0.19672727272727272 0.9165573770491803 0.18021818181818183 0.8737158469945354 0.17196363636363637 0.8714754098360655 0.16447272727272727 0.8782513661202186 0.11647272727272728 0.874863387978142
3 0.010763636363636364 0.8043169398907104 0.009672727272727274 0.8465027322404372 0.012909090909090908 0.8822404371584699 0.02370909090909091 0.9081967213114753 0.058290909090909095 0.932568306010929 0.08745454545454545 0.9357923497267759 0.11345454545454545 0.9196721311475411 0.1177090909090909 0.8676502732240438 0.10149090909090909 0.8156830601092897 0.08854545454545455 0.791311475409836 0.036000000000000004 0.7830601092896176