3 0.1882509505703422 0.3958 0.20494296577946766 0.354 0.21190114068441063 0.3322 0.2273384030418251 0.3322 0.2494296577946768 0.3375 0.26539923954372624 0.35700000000000004 0.27300380228136883 0.3935 0.2808365019011407 0.4242 0.2802281368821293 0.474 0.26463878326996193 0.478 0.2396958174904943 0.4986 0.21977186311787072 0.5045000000000001 0.19954372623574143 0.50405 0.1820532319391635 0.50405 0.17076045627376424 0.4702 0.17486692015209127 0.44585
3 0.45361216730038023 0.3715 0.45665399239543725 0.3515 0.4596958174904943 0.3325 0.46665399239543726 0.3056 0.47977186311787073 0.2962 0.496425855513308 0.2962 0.5226235741444867 0.29855 0.546425855513308 0.32045 0.5745247148288973 0.3785 0.5695817490494297 0.40700000000000003 0.5741444866920152 0.4335 0.5756653992395437 0.4625 0.5680608365019012 0.483 0.5649049429657794 0.4927 0.5498098859315589 0.491 0.5065399239543726 0.49034999999999995 0.4749809885931559 0.49034999999999995 0.46011406844106467 0.48719999999999997 0.4559315589353612 0.4747 0.45536121673003804 0.4512 0.4565399239543726 0.4254 0.4547528517110266 0.39094999999999996
3 0.2326235741444867 0.5054 0.2302661596958175 0.5195000000000001 0.22490494296577945 0.5281 0.22190114068441064 0.57195 0.22190114068441064 0.6095 0.22190114068441064 0.6518 0.24334600760456274 0.6745 0.26775665399239545 0.64945 0.2868060836501901 0.60875 0.2897718631178707 0.586 0.2969201520912548 0.5586 0.2993155893536122 0.514 0.27870722433460077 0.496 0.2576425855513308 0.4827
3 0.14604562737642585 0.41745 0.15019011406844107 0.39985 0.16456273764258555 0.39445 0.18517110266159698 0.3985 0.1882509505703422 0.408 0.17897338403041826 0.4364 0.171787072243346 0.46615 0.17486692015209127 0.4851 0.18307984790874524 0.49994999999999995 0.18102661596958175 0.5081 0.16456273764258555 0.5108 0.15532319391634983 0.5081 0.14604562737642585 0.48645000000000005 0.14399239543726236 0.42825
3 0.6252851711026616 0.4138 0.6313688212927757 0.45530000000000004 0.6309885931558935 0.4633 0.6374524714828897 0.4683 0.6427756653992396 0.4693 0.6492395437262357 0.4758 0.6560836501901142 0.4843 0.6722433460076046 0.494 0.6828897338403042 0.504 0.7034220532319392 0.506 0.7180608365019011 0.4968 0.7207224334600761 0.47729999999999995 0.7192015209125475 0.4498 0.7184410646387832 0.4293 0.7127376425855513 0.4163 0.7070342205323193 0.4053 0.7047528517110266 0.39630000000000004 0.7009505703422053 0.37979999999999997 0.699809885931559 0.36579999999999996 0.6994296577946768 0.3518 0.6979087452471483 0.3398 0.6960076045627377 0.3293 0.6884030418250952 0.32130000000000003 0.6754752851711027 0.3178 0.6553231939163497 0.3318 0.6420152091254753 0.36229999999999996 0.635171102661597 0.3873 0.6252851711026616 0.4138
3 0.7020912547528517 0.3538 0.7203422053231938 0.3568 0.7465779467680608 0.37329999999999997 0.75 0.3923 0.7553231939163498 0.4133 0.7564638783269961 0.47479999999999994 0.7515209125475285 0.5063 0.7427756653992396 0.5153 0.7169201520912548 0.5108 0.7096958174904943 0.5028 0.7173003802281369 0.49729999999999996 0.7222433460076045 0.4743 0.7184410646387832 0.4288 0.7077946768060837 0.4068 0.6994296577946768 0.3688
3 0.7160836501901141 0.5126 0.7258555133079848 0.544 0.7284790874524715 0.5985 0.7483269961977186 0.617 0.7577946768060837 0.599 0.7619771863117871 0.56695 0.7599239543726236 0.5414 0.7516349809885932 0.50825 0.7446007604562738 0.5147999999999999 0.7293155893536122 0.5126 0.7251711026615969 0.51205
3 0.6656653992395437 0.50825 0.6673003802281369 0.5414 0.6685551330798479 0.56155 0.6706083650190114 0.58 0.6822053231939164 0.61045 0.6995437262357415 0.6354500000000001 0.7086692015209125 0.6382 0.7251711026615969 0.6061 0.7268441064638783 0.5903499999999999 0.7243726235741444 0.5387 0.7115589353612167 0.5028 0.7020532319391635 0.50825 0.6838403041825095 0.50715 0.6710266159695817 0.49685 0.6656653992395437 0.49955
3 0.3425475285171103 0.38634999999999997 0.3444866920152091 0.3555 0.3765019011406844 0.30245 0.3950190114068441 0.2876 0.4104562737642586 0.3011 0.43 0.3268 0.4413307984790874 0.34845 0.45365019011406843 0.3823 0.4567300380228137 0.4337 0.4547528517110266 0.46149999999999997 0.4448669201520912 0.491 0.40836501901140687 0.49950000000000006 0.39809885931558936 0.49950000000000006 0.37034220532319395 0.496 0.3559315589353612 0.48915 0.347680608365019 0.48375 0.34524714828897335 0.47450000000000003 0.3409125475285171 0.46115 0.3357794676806084 0.4476 0.3331939163498099 0.4364 0.33482889733840304 0.4138
3 0.28186311787072243 0.42965000000000003 0.2798098859315589 0.4526 0.2832699619771863 0.498 0.30000000000000004 0.516 0.3273764258555133 0.522 0.37034220532319395 0.5155 0.37034220532319395 0.49700000000000005 0.34942965779467683 0.488 0.33330798479087453 0.4445 0.3343346007604563 0.41340000000000005 0.339467680608365 0.3958 0.3243346007604563 0.3705 0.30346007604562736 0.38365000000000005 0.2962737642585551 0.39175 0.29007604562737643 0.4039
3 0.11315589353612168 0.4337 0.11003802281368821 0.45125 0.10901140684410647 0.4756 0.11212927756653991 0.5067499999999999 0.11825095057034221 0.532 0.1444866920152091 0.532 0.15019011406844107 0.51215 0.15326996197718631 0.5054 0.14501901140684412 0.48645000000000005 0.14501901140684412 0.46345 0.14399239543726236 0.4364 0.14193916349809885 0.42284999999999995 0.12136882129277567 0.4188
3 0.5258555133079849 0.4925 0.5193155893536122 0.5077 0.5193155893536122 0.53055 0.5188973384030419 0.5501 0.5213688212927757 0.5772999999999999 0.537490494296578 0.60885 0.5680988593155893 0.6344 0.5829657794676806 0.6246 0.5992395437262357 0.5965 0.6052851711026616 0.5642499999999999 0.6036501901140684 0.51315 0.6036501901140684 0.49465000000000003 0.5660076045627377 0.4941 0.5570342205323194 0.49200000000000005 0.5403041825095057 0.4905
3 0.40912547528517107 0.499 0.379467680608365 0.499 0.37832699619771865 0.517 0.3790874524714829 0.532 0.37376425855513307 0.5835 0.3927756653992395 0.6071500000000001 0.42790874524714834 0.6071500000000001 0.4479087452471483 0.596 0.45410646387832704 0.56565 0.4524714828897338 0.5265 0.44517110266159693 0.48895000000000005
3 0.5731939163498099 0.37079999999999996 0.5931558935361216 0.374 0.6125475285171103 0.381 0.6260456273764259 0.41479999999999995 0.6307984790874525 0.45649999999999996 0.6285171102661598 0.4755 0.6266159695817491 0.4875 0.6153992395437262 0.4928 0.5979087452471483 0.4943 0.5819391634980989 0.4953 0.5659695817490494 0.4938 0.5720532319391635 0.4698 0.5758555133079848 0.4603 0.5731939163498099 0.4318 0.5731939163498099 0.4318 0.5697718631178706 0.4073 0.5758555133079848 0.3778
3 0.45745247148288976 0.47485 0.4504182509505703 0.47485 0.4491634980988593 0.48955 0.4479467680608365 0.49935 0.4541444866920152 0.5265 0.4541444866920152 0.56945 0.44836501901140685 0.5945 0.4793536121673004 0.6108 0.49794676806083654 0.6048 0.512851711026616 0.5847 0.518212927756654 0.55915 0.5174144486692016 0.53195 0.518212927756654 0.4999 0.5190494296577947 0.49225 0.5033460076045627 0.489 0.47315589353612164 0.489 0.4611787072243346 0.4863
3 0.606958174904943 0.49355 0.6152091254752852 0.49305 0.6230798479087453 0.4876 0.6342205323193917 0.4805 0.6490494296577947 0.4775 0.6566539923954372 0.4855 0.6627376425855513 0.491 0.6639923954372623 0.51205 0.6677186311787072 0.5821999999999999 0.6631558935361217 0.6354500000000001 0.6631558935361217 0.6572 0.64787072243346 0.66265 0.6325855513307985 0.6539499999999999 0.6234980988593155 0.6441500000000001 0.6090114068441064 0.617 0.6087452471482889 0.602 0.6061216730038023 0.56535 0.6036501901140684 0.5202 0.6036501901140684 0.49575
3 0.14570342205323195 0.53825 0.1397718631178707 0.5640999999999999 0.1379847908745247 0.5922999999999999 0.1403422053231939 0.6064 0.1593916349809886 0.6291 0.17429657794676806 0.6064 0.17368821292775666 0.5922999999999999 0.17307984790874525 0.5649000000000001 0.17429657794676806 0.5367000000000001 0.17642585551330797 0.5225 0.152851711026616 0.5054
3 0.2988593155893536 0.5245000000000001 0.2993155893536122 0.54455 0.30076045627376424 0.591 0.3147908745247148 0.64005 0.34395437262357414 0.65805 0.3665779467680608 0.6204500000000001 0.37311787072243346 0.5727 0.3779087452471483 0.53515 0.37756653992395434 0.515 0.3692015209125475 0.516 0.3278707224334601 0.5234000000000001 0.30000000000000004 0.516
3 0.1861977186311787 0.5093 0.17665399239543728 0.5234000000000001 0.17368821292775666 0.5852499999999999 0.17547528517110267 0.61735 0.19692015209125474 0.64315 0.2111787072243346 0.63845 0.21832699619771864 0.6134000000000001 0.22072243346007603 0.5750500000000001 0.22311787072243347 0.51635 0.20406844106463878 0.5085000000000001
3 0.11593155893536121 0.5406 0.10821292775665399 0.5555 0.10760456273764259 0.5868 0.11536121673003802 0.60875 0.1320152091254753 0.6009 0.13916349809885933 0.5907 0.1397718631178707 0.56725 0.14509505703422051 0.5367000000000001 0.12307984790874524 0.5375
3 0.7545627376425855 0.4048 0.7595057034220533 0.3953 0.7739543726235741 0.3968 0.7826996197718631 0.4133 0.7876425855513308 0.4448 0.7880228136882129 0.4843 0.7819391634980989 0.5047999999999999 0.7697718631178707 0.5113 0.7579847908745246 0.5118 0.7526615969581749 0.5078 0.7519011406844106 0.5043 0.7549429657794677 0.4728 0.7568441064638783 0.44530000000000003 0.7564638783269961 0.4193