3 0.5201454545454545 0.4791847826086957 0.5249818181818182 0.4713586956521739 0.5287272727272727 0.46413043478260874 0.5436363636363636 0.45760869565217394 0.5542181818181818 0.4602717391304348 0.5633818181818182 0.45309782608695653 0.5694909090909092 0.4596195652173913 0.5716727272727273 0.4707065217391304 0.5690545454545455 0.4785326086956522 0.564690909090909 0.48375 0.5603272727272728 0.4935869565217391 0.5511636363636363 0.49815217391304345 0.5267272727272727 0.5014130434782609 0.5258181818181819 0.49619565217391304 0.5162181818181818 0.49619565217391304
3 0.6091272727272727 0.29331521739130434 0.6087636363636364 0.27157608695652175 0.6087636363636364 0.25907608695652173 0.6164 0.24875000000000003 0.6240363636363637 0.2395108695652174 0.6371272727272728 0.2346195652173913 0.6404000000000001 0.24005434782608698 0.6472727272727272 0.23423913043478262 0.6556363636363637 0.23750000000000002 0.6574545454545455 0.2532608695652174 0.651309090909091 0.26559782608695653 0.651309090909091 0.2786413043478261 0.6516727272727273 0.29440217391304346 0.6538545454545455 0.3020108695652174 0.6564 0.32592391304347823 0.6458545454545455 0.3020108695652174 0.6400363636363636 0.2971195652173913 0.6280363636363636 0.2916847826086957 0.6098545454545455 0.2922282608695652
3 0.4411636363636363 0.49684782608695655 0.44072727272727275 0.5607608695652174 0.46647272727272726 0.5633695652173912 0.4752 0.5633695652173912 0.48392727272727276 0.5346739130434782 0.48218181818181816 0.49945652173913047 0.4608 0.4948913043478261
3 0.41127272727272723 0.5527173913043478 0.4184727272727273 0.5561956521739131 0.44029090909090907 0.5575 0.44029090909090907 0.5157608695652174 0.44029090909090907 0.49619565217391304 0.45032727272727274 0.4948913043478261 0.46559999999999996 0.4948913043478261 0.4682181818181818 0.4830978260869565 0.4324363636363636 0.4635326086956522 0.4070909090909091 0.4478804347826087 0.39574545454545457 0.4707065217391304 0.396 0.532608695652174
3 0.35603636363636365 0.3988043478260869 0.35603636363636365 0.41755434782608697 0.36294545454545457 0.45891304347826084 0.38243636363636363 0.49836956521739134 0.3952727272727273 0.5304347826086956 0.3952727272727273 0.47500000000000003 0.40690909090909094 0.44782608695652176 0.43127272727272725 0.46249999999999997 0.4109090909090909 0.41684782608695653 0.39938181818181817 0.3931521739130435 0.3798909090909091 0.3771739130434783 0.3723636363636364 0.38565217391304346 0.3572727272727273 0.39125
3 0.48305454545454546 0.5059782608695652 0.48392727272727276 0.5320652173913044 0.49789090909090905 0.5594565217391304 0.5109818181818182 0.5509782608695651 0.5228 0.5333695652173913 0.5249818181818182 0.49619565217391304 0.5157818181818182 0.49684782608695655 0.48479999999999995 0.5014130434782609
3 0.5836727272727272 0.4449456521739131 0.5909454545454546 0.42918478260869564 0.6014909090909091 0.4188586956521739 0.6098545454545455 0.41505434782608697 0.6222181818181819 0.41505434782608697 0.6291272727272726 0.4253804347826087 0.6294909090909091 0.4340760869565218 0.6182181818181818 0.47375 0.6145818181818181 0.4449456521739131 0.6011272727272727 0.4346195652173913 0.5949454545454546 0.43516304347826085 0.5854909090909091 0.4454891304347826
3 0.6051272727272727 0.302554347826087 0.5978545454545454 0.33244565217391303 0.5894909090909092 0.4025543478260869 0.6138545454545454 0.3509239130434782 0.6284 0.3661413043478261 0.6404000000000001 0.3829891304347826 0.6473090909090908 0.38461956521739127 0.6545818181818182 0.3416847826086956 0.6545818181818182 0.3253804347826087 0.6505818181818182 0.31179347826086956 0.6444000000000001 0.30038043478260873 0.6302181818181818 0.2922282608695652 0.6138545454545454 0.2911413043478261 0.6065818181818182 0.29875
3 0.5887636363636364 0.43081521739130435 0.5887636363636364 0.40744565217391304 0.5953090909090909 0.39494565217391303 0.6011272727272727 0.3824456521739131 0.6076727272727274 0.36722826086956517 0.6149454545454546 0.34929347826086954 0.6251272727272728 0.3596195652173913 0.6353090909090909 0.3770108695652174 0.6458181818181818 0.38532608695652176 0.6450909090909092 0.39999999999999997 0.6294909090909091 0.4389673913043478 0.6305818181818181 0.4280978260869565 0.6229454545454546 0.41505434782608697 0.6054909090909091 0.41505434782608697 0.5982181818181818 0.42048913043478264 0.5894909090909092 0.43081521739130435
3 0.3553818181818182 0.3114130434782609 0.3497454545454546 0.3292391304347826 0.3497454545454546 0.3489673913043478 0.35163636363636364 0.3809239130434783 0.35603636363636365 0.39407608695652174 0.3754909090909091 0.38375 0.3811636363636363 0.37250000000000005 0.3805454545454546 0.34994565217391305 0.37272727272727274 0.3201086956521739 0.3641818181818182 0.3010869565217391
3 0.5257454545454546 0.5048369565217391 0.5250181818181818 0.5190217391304348 0.5264727272727273 0.5396195652173913 0.5406545454545455 0.5504891304347826 0.5493818181818182 0.5489130434782609 0.5610181818181819 0.5282608695652175 0.5661090909090909 0.5140760869565217 0.5650181818181818 0.4961413043478261 0.5617454545454545 0.49184782608695654 0.552290909090909 0.49728260869565216 0.5293818181818182 0.5004891304347826
3 0.46603636363636364 0.4798369565217392 0.47301818181818184 0.4726630434782609 0.4874181818181818 0.4726630434782609 0.5058181818181818 0.47336956521739126 0.516 0.47445652173913044 0.5192727272727273 0.4826086956521739 0.517090909090909 0.49293478260869567 0.5157818181818182 0.49815217391304345 0.48392727272727276 0.5020652173913043 0.4647272727272727 0.4955434782608696 0.46778181818181813 0.4857065217391305
3 0.5653818181818181 0.4885326086956522 0.5690181818181818 0.47875 0.5723636363636364 0.4668478260869566 0.5683636363636364 0.45652173913043476 0.5857454545454546 0.4461413043478261 0.5930181818181819 0.4385869565217391 0.6006545454545454 0.43478260869565216 0.6148363636363637 0.4440217391304348 0.6148363636363637 0.4526630434782609 0.616290909090909 0.47554347826086957 0.6086545454545454 0.4907065217391305 0.5981818181818181 0.5190217391304348 0.5817454545454545 0.533695652173913 0.5704727272727272 0.533695652173913 0.5671999999999999 0.5222282608695652 0.5668363636363636 0.512445652173913 0.5653818181818181 0.49125