3 0.3746443514644352 0.44549999999999995 0.37987447698744775 0.43765 0.38644351464435145 0.42985 0.3903765690376569 0.42125 0.39364016736401675 0.42045 0.4165690376569038 0.43060000000000004 0.42640167364016734 0.44865 0.42179916317991634 0.4643 0.42179916317991634 0.4729 0.41527196652719667 0.47995 0.4001673640167364 0.4807 0.38644351464435145 0.4807 0.3772384937238494 0.47840000000000005 0.37330543933054394 0.47525 0.3700418410041841 0.4682 0.3700418410041841 0.46505
3 0.30389121338912134 0.47369999999999995 0.30389121338912134 0.48774999999999996 0.3064853556485356 0.5003 0.31372384937238496 0.50815 0.3215481171548117 0.5175 0.3340167364016736 0.52455 0.3418828451882845 0.52615 0.34711297071129704 0.5144 0.3523430962343096 0.50185 0.3576150627615063 0.47840000000000005 0.33861924686192474 0.47369999999999995 0.3268200836820084 0.47055 0.30845188284518826 0.46975
3 0.5087866108786611 0.5115 0.5066945606694561 0.5365 0.5131799163179916 0.5517 0.5361924686192469 0.5547 0.5579497907949791 0.5507 0.5629707112970712 0.5337 0.5663179916317992 0.5252 0.5679916317991632 0.4927 0.5629707112970712 0.48119999999999996 0.5575313807531381 0.4742 0.551255230125523 0.4742 0.5395397489539748 0.4742 0.5311715481171548 0.4747 0.5232217573221757 0.4742 0.5127615062761506 0.47619999999999996 0.5089958158995816 0.4832 0.5085774058577406 0.48869999999999997
3 0.5764016736401674 0.4533 0.5770711297071129 0.46585 0.5810041841004184 0.4768 0.5901673640167364 0.4815 0.5967364016736402 0.4815 0.6032635983263599 0.48229999999999995 0.6209623430962343 0.4854 0.6235983263598326 0.47914999999999996 0.6294979079497908 0.46035 0.6294979079497908 0.43375 0.6294979079497908 0.41495 0.6150627615062761 0.41965 0.6071966527196653 0.42905 0.5973640167364017 0.4361 0.5764016736401674 0.4447
3 0.55836820083682 0.5512 0.5675732217573222 0.5537 0.5805439330543933 0.5537 0.5981171548117155 0.5487 0.6064853556485356 0.5397 0.6056485355648535 0.48969999999999997 0.5997907949790795 0.4857 0.5813807531380752 0.4857 0.5684100418410042 0.4857 0.5679916317991632 0.4907 0.5679916317991632 0.4997 0.5679916317991632 0.5182 0.5675732217573222 0.5252
3 0.40543933054393305 0.5167499999999999 0.40543933054393305 0.5285 0.41263598326359835 0.5386500000000001 0.4198326359832636 0.54725 0.423765690376569 0.55195 0.4401673640167364 0.5550999999999999 0.4473640167364017 0.54725 0.45523012552301256 0.541 0.4523012552301255 0.514 0.4514644351464435 0.4855 0.42426778242677826 0.48100000000000004 0.41 0.48305 0.40280334728033473 0.49405 0.40280334728033473 0.50185
3 0.622928870292887 0.48465 0.6327615062761506 0.48305 0.6458577405857742 0.47914999999999996 0.66418410041841 0.44784999999999997 0.6694560669456067 0.43455 0.6720502092050209 0.4275 0.6720502092050209 0.41025 0.6589539748953975 0.41185000000000005 0.6425941422594142 0.41340000000000005 0.6301255230125523 0.41655000000000003 0.6294979079497908 0.45799999999999996
3 0.6069037656903766 0.4917 0.6069037656903766 0.5167 0.6077405857740585 0.5287 0.6115062761506277 0.5432 0.6228033472803347 0.5332 0.6462343096234309 0.5202 0.6600418410041841 0.5077 0.6571129707112972 0.4907 0.6550209205020922 0.4857 0.65 0.4802 0.648326359832636 0.4777 0.648326359832636 0.4777 0.6232217573221757 0.48469999999999996 0.6190376569037657 0.4857 0.6085774058577406 0.4857
3 0.42309623430962345 0.46975 0.42443514644351465 0.45565 0.4303347280334728 0.44705 0.43686192468619245 0.4353 0.442092050209205 0.42515000000000003 0.45129707112970713 0.4189 0.4611297071129707 0.41965 0.47485355648535565 0.4228 0.48602510460251047 0.42825 0.49384937238493726 0.43765 0.4997489539748954 0.44549999999999995 0.4932217573221757 0.47759999999999997 0.48799163179916316 0.48465 0.4722594142259414 0.48465 0.4473640167364017 0.48465 0.4316317991631799 0.4815 0.42443514644351465 0.4807
3 0.45389121338912136 0.53005 0.4578242677824268 0.54725 0.4722594142259414 0.5550999999999999 0.4918828451882845 0.5550999999999999 0.5023849372384936 0.5550999999999999 0.505020920502092 0.5465 0.5087866108786611 0.5085000000000001 0.5092050209205021 0.4925 0.49451882845188283 0.47369999999999995 0.4886192468619247 0.48305 0.4523012552301255 0.486
3 0.2855230125523012 0.41729999999999995 0.2907949790794979 0.43375 0.29338912133891215 0.44784999999999997 0.2999581589958159 0.45880000000000004 0.32615062761506275 0.4643 0.32418410041841006 0.44939999999999997 0.3202510460251046 0.43765 0.31502092050209207 0.42435 0.30451882845188283 0.41495 0.29472803347280335 0.41495
3 0.32485355648535563 0.41965 0.3254811715481172 0.44630000000000003 0.3268200836820084 0.45725 0.33334728033472805 0.46665 0.33861924686192474 0.47445 0.34841004184100416 0.47525 0.3615481171548117 0.4768 0.36548117154811716 0.47369999999999995 0.36744769874476985 0.4682 0.3693723849372385 0.4596 0.3693723849372385 0.4447 0.3667782426778243 0.43689999999999996 0.35694560669456066 0.42515000000000003 0.3543096234309624 0.42435 0.3412133891213389 0.42045 0.3340167364016736 0.42045
3 0.35497907949790797 0.5042 0.35564853556485354 0.5222 0.3589121338912134 0.5332 0.3766108786610879 0.5363 0.39560669456066944 0.5402 0.4021338912133891 0.53085 0.40543933054393305 0.5128 0.40543933054393305 0.50185 0.40280334728033473 0.49090000000000006 0.4001673640167364 0.48385 0.3975732217573222 0.47995 0.3890376569037657 0.47759999999999997 0.3766108786610879 0.47525 0.3707112970711297 0.47369999999999995 0.3693723849372385 0.4721 0.3608786610878661 0.4768 0.3576150627615063 0.47914999999999996