3 0.16399647887323945 0.9897400000000001 0.1354225352112676 0.8815 0.12588028169014084 0.84904 0.13184859154929576 0.80304 0.1520950704225352 0.78546 0.1735211267605634 0.78546 0.1842429577464789 0.7868200000000001 0.20924295774647886 0.7787000000000001 0.21639084507042253 0.776 0.2283098591549296 0.776 0.252112676056338 0.7814 0.26640845070422536 0.76922 0.27475352112676055 0.76922 0.28903169014084507 0.7719400000000001 0.3116549295774648 0.77734 0.3188028169014085 0.82064 0.3223767605633803 0.83958 0.3223767605633803 0.8652799999999999 0.3223767605633803 0.88828 0.3176232394366197 0.91534 0.3116549295774648 0.92886 0.3104753521126761 0.94104 0.3092781690140845 0.95592 0.30690140845070424 0.98162 0.30570422535211267 0.99514 0.3035739436619718 1 0.2961443661971831 1
3 0.7975352112676056 0.5297799999999999 0.805105633802817 0.5442 0.8177816901408451 0.5514199999999999 0.8396126760563379 0.5538 0.8609154929577465 0.5536 0.8808098591549296 0.5514 0.8940140845070422 0.5528 0.9140845070422536 0.553 0.9368661971830986 0.5527799999999999 0.9649647887323944 0.5424 0.9844894366197184 0.5257200000000001 1 0.5081 1 0.32182 0.9892605633802817 0.30926 0.9809154929577464 0.2511 0.9606866197183098 0.21052 0.9368661971830986 0.18886 0.9166197183098591 0.18886 0.9023239436619718 0.20646 0.8892253521126761 0.22134 0.8654049295774648 0.2511 0.8511267605633803 0.27004 0.8284859154929577 0.29574 0.8177816901408451 0.31874 0.8106338028169014 0.33768 0.8046830985915493 0.35662 0.8011091549295775 0.37286 0.799911971830986 0.38232
3 0.0020422535211267606 0.72188 0.010369718309859154 0.7272799999999999 0.028239436619718308 0.72324 0.043714788732394365 0.72594 0.0639612676056338 0.74758 0.09253521126760564 0.7611 0.11635563380281691 0.7868200000000001 0.12112676056338027 0.80576 0.12588028169014084 0.81928 0.1270774647887324 0.83958 0.13065140845070422 0.85852 0.13422535211267606 0.8855599999999999 0.1330281690140845 0.89234 0.12588028169014084 0.91938 0.12232394366197184 0.93832 0.10920774647887324 0.96268 0.10088028169014084 0.96808 0.08301056338028169 0.96808 0.07230633802816902 0.95998 0.05443661971830986 0.95998 0.04014084507042254 0.95726 0.018714788732394367 0.95592 0.0008450704225352112 0.95592 0 0.95568 0 0.8015599999999999
3 0.5379225352112676 0.9965 0.5141021126760563 0.9275 0.5164964788732395 0.8503999999999999 0.5319718309859155 0.84092 0.5474471830985915 0.8247000000000001 0.5807922535211267 0.81792 0.5962852112676056 0.81252 0.6189084507042254 0.79898 0.6331866197183098 0.79898 0.6439084507042254 0.8071 0.6522535211267606 0.8165800000000001 0.660580985915493 0.81928 0.676056338028169 0.8128 0.6901408450704225 0.8118 0.7029929577464789 0.8164 0.7117957746478873 0.8274 0.7189260563380282 0.83686 0.7236971830985915 0.85174 0.7236971830985915 0.8815 0.7236971830985915 0.90586 0.7165492957746479 0.93698 0.7082218309859155 0.98162 0.7073591549295775 1 0.5926408450704226 1
0 0.44443661971830983 0.38466 0.43375 0.40766 0.42588028169014086 0.41788 0.4202464788732394 0.44208 0.4185739436619718 0.4562 0.4241901408450704 0.47856 0.4241901408450704 0.46514 0.4270070422535211 0.43895999999999996 0.4399295774647887 0.42169999999999996 0.45566901408450705 0.41212 0.46411971830985915 0.3936 0.46635563380281686 0.37694 0.46355633802816903 0.36678 0.4506161971830986 0.3738
0 0.5298943661971831 0.34506 0.5254049295774648 0.38274 0.5349647887323944 0.39936 0.5507042253521127 0.40126 0.5636267605633802 0.41531999999999997 0.5838732394366197 0.43448000000000003 0.5951232394366197 0.45748 0.603556338028169 0.4645 0.6091725352112676 0.4511 0.6075 0.43383999999999995 0.6046830985915492 0.4019 0.5973767605633803 0.37956 0.5838732394366197 0.36613999999999997 0.5698239436619719 0.35144 0.5551936619718311 0.34506 0.5439612676056339 0.33994
1 0.5619542253521127 0.30418 0.6170422535211267 0.35592 0.6299823943661972 0.40056 0.6316725352112676 0.44464 0.6187323943661972 0.48296 0.5973767605633803 0.51816 0.5985035211267605 0.49445999999999996 0.5951232394366197 0.45358 0.5692605633802816 0.42548 0.5450704225352113 0.40638 0.5152816901408451 0.3961 0.5090845070422536 0.37316000000000005 0.507975352112676 0.35208 0.5203345070422536 0.32583999999999996 0.5422711267605633 0.30986 0.5501408450704226 0.30668
1 0.47309859154929584 0.36096 0.4534330985915493 0.36416000000000004 0.43205985915492956 0.38524 0.4174471830985916 0.41526 0.4135035211267606 0.45230000000000004 0.4168838028169014 0.48042 0.43431338028169014 0.49894 0.43375 0.46508 0.44049295774647884 0.44144 0.45961267605633804 0.41910000000000003 0.46748239436619715 0.41078 0.47366197183098596 0.39098 0.47760563380281684 0.37054000000000004
0 0.19535211267605632 0.32077999999999995 0.17679577464788732 0.33994 0.17679577464788732 0.36678 0.18466549295774648 0.37827999999999995 0.19253521126760564 0.38722 0.19646126760563382 0.36934 0.19927816901408452 0.34634 0.20209507042253522 0.32846
0 0.8093485915492957 0.34692 0.8026056338028169 0.37245999999999996 0.8020422535211268 0.38716 0.8070950704225353 0.38780000000000003 0.8132922535211268 0.38268 0.8183450704225352 0.37374 0.8205985915492958 0.3648 0.8183450704225352 0.34882 0.8177816901408451 0.34628
3 0.9660387323943662 0.67936 0.9594190140845071 0.654 0.9585915492957747 0.6277 0.9627288732394367 0.6136 0.9685211267605633 0.5910599999999999 0.975968309859155 0.57414 0.9809330985915492 0.55912 0.9908450704225351 0.55348 0.9982922535211267 0.54784 1 0.63314 1 0.67184 0.9908450704225351 0.67184 0.9875352112676056 0.67184 0.9792781690140845 0.67184 0.975968309859155 0.67748
3 0.517112676056338 0.33272 0.507112676056338 0.36357999999999996 0.5113908450704225 0.38630000000000003 0.5185387323943661 0.39766 0.5442605633802816 0.4074 0.5656866197183099 0.42363999999999996 0.5757042253521126 0.43338 0.5942781690140845 0.45448 0.5985563380281691 0.48532 0.6 0.49994 0.5786971830985915 0.543 0.5786971830985915 0.6063999999999999 0.5799823943661971 0.6346799999999999 0.6457218309859155 0.64116 0.671443661971831 0.64116 0.6828697183098592 0.6297999999999999 0.7186091549295774 0.6297999999999999 0.7609154929577464 0.6053999999999999 0.784330985915493 0.5818 0.7972007042253522 0.52266 0.7986267605633803 0.42688 0.7986267605633803 0.38142000000000004 0.7857570422535212 0.33598 0.7686091549295775 0.30025999999999997 0.7414612676056338 0.26130000000000003 0.7171654929577466 0.24506 0.691443661971831 0.24506 0.6671478873239437 0.24506 0.6514436619718309 0.24506 0.6342957746478872 0.24831999999999999 0.61 0.25642000000000004 0.5985563380281691 0.25968 0.5714084507042253 0.28402 0.5528345070422535 0.29702 0.5414084507042253 0.31 0.5185387323943661 0.32136000000000003
3 0.8486091549295774 0.7395 0.8502640845070423 0.72258 0.8585387323943662 0.7112999999999999 0.8701056338028169 0.6991 0.8775528169014084 0.6991 0.8883098591549295 0.70286 0.8932746478873239 0.71224 0.9040140845070422 0.7150599999999999 0.9296478873239435 0.7066 0.9470246478873239 0.6944 0.9561091549295776 0.68688 0.9685211267605633 0.6802999999999999 0.9792781690140845 0.6756 0.9875352112676056 0.6727799999999999 0.9974647887323943 0.67372 1 0.6765399999999999 1 0.97596 0.9958098591549296 0.97812 0.975968309859155 0.96684 0.963556338028169 0.96026 0.9296478873239435 0.93208 0.9164260563380281 0.9067200000000001 0.9205633802816902 0.86068 0.9205633802816902 0.8231 0.9172535211267606 0.79022 0.909806338028169 0.77332 0.9023591549295774 0.7657999999999999 0.8883098591549295 0.76486 0.8692781690140845 0.76298 0.8593661971830986 0.75828 0.8502640845070423 0.74982
3 0.3497711267605634 0.98838 0.33904929577464793 0.95726 0.3307218309859155 0.93562 0.3271478873239437 0.90722 0.3271478873239437 0.88286 0.3271478873239437 0.8639199999999999 0.3271478873239437 0.8449800000000001 0.3271478873239437 0.8274 0.3354753521126761 0.80034 0.3700176056338028 0.79628 0.3854929577464789 0.80034 0.4021654929577465 0.8017000000000001 0.41646126760563384 0.8017000000000001 0.4212147887323944 0.8044 0.4367077464788733 0.80576 0.4924295774647887 0.8086 0.5164964788732395 0.82198 0.5164964788732395 0.8734 0.5117253521126761 0.94238 0.49625 0.98568 0.4920422535211268 1 0.3531866197183099 1
3 0.7256514084507043 1 0.7213204225352112 0.98026 0.7165492957746479 0.96674 0.7153697183098592 0.9451 0.7260739436619719 0.90586 0.7260739436619719 0.83686 0.7117957746478873 0.8233400000000001 0.7213204225352112 0.8071 0.7367957746478874 0.79764 0.7546654929577464 0.7868200000000001 0.768943661971831 0.77734 0.7784859154929578 0.76922 0.7927640845070423 0.76246 0.8082570422535211 0.75434 0.8261091549295775 0.73812 0.8308802816901408 0.73812 0.8439788732394367 0.74758 0.8524647887323944 0.7497999999999999 0.8595070422535211 0.7577999999999999 0.87375 0.7611 0.8975704225352112 0.76516 0.9106690140845071 0.77058 0.9189964788732394 0.81792 0.9213732394366198 0.86934 0.9142429577464788 0.93968 0.9118485915492957 0.9762000000000001 0.9094718309859156 0.99514 0.7778697183098592 1
3 0.19843309859154928 0.37332 0.19271126760563378 0.41875999999999997 0.19271126760563378 0.45772 0.19128521126760564 0.50642 0.18961267605633803 0.5296000000000001 0.20809859154929577 0.568 0.2637323943661972 0.6052000000000001 0.3373239436619718 0.6264 0.45440140845070426 0.6332000000000001 0.48538732394366196 0.61 0.4908450704225352 0.537 0.4356514084507042 0.49506 0.4356514084507042 0.48046 0.4356514084507042 0.46422 0.43994718309859154 0.44474 0.4513732394366197 0.43338 0.46137323943661973 0.42038 0.47137323943661974 0.41064 0.4785211267605634 0.38142000000000004 0.4785211267605634 0.34734 0.4642429577464789 0.31 0.4085035211267606 0.26454 0.3527640845070423 0.23208 0.3213380281690141 0.22396000000000002 0.2813204225352113 0.21746000000000001 0.27274647887323944 0.21746000000000001 0.2541725352112676 0.21746000000000001 0.22558098591549294 0.24668 0.22415492957746477 0.27266 0.22272887323943663 0.28728 0.2198767605633803 0.29863999999999996 0.2141549295774648 0.31 0.2084330985915493 0.32298000000000004
3 0.025528169014084508 0.1785 0.021232394366197185 0.21259999999999998 0.00551056338028169 0.23858000000000001 0 0.27722 0 0.44768 0.008380281690140845 0.48046 0.06778169014084508 0.5124 0.08554577464788733 0.5048 0.11554577464788732 0.51616 0.144137323943662 0.51616 0.15985915492957745 0.51616 0.18700704225352113 0.4772 0.19128521126760564 0.4009 0.20985915492957746 0.33598 0.20985915492957746 0.31812 0.22415492957746477 0.29214 0.22130281690140846 0.2824 0.18128521126760563 0.2824 0.1627112676056338 0.23208 0.11841549295774649 0.14604 0.08697183098591549 0.13954 0.07125 0.13954 0.05410211267605634 0.1509