3 0.5096212121212121 0.40485 0.515530303030303 0.38604999999999995 0.5226515151515151 0.35865 0.535719696969697 0.33675 0.5493560606060606 0.33204999999999996 0.5701136363636363 0.3344 0.5790151515151516 0.35085 0.5819696969696969 0.36729999999999996 0.5849242424242423 0.38685 0.5884848484848485 0.408 0.5908712121212122 0.42835 0.5938257575757576 0.4534 0.5938257575757576 0.4667 0.5873106060606061 0.48235 0.5629924242424242 0.48314999999999997 0.5422348484848485 0.48314999999999997 0.5327272727272727 0.48314999999999997 0.5179166666666666 0.47454999999999997 0.5125000000000001 0.4635 0.5079545454545454 0.45649999999999996 0.5114015151515151 0.4409
3 0.5534469696969697 0.48555 0.5564772727272728 0.55005 0.5602651515151515 0.5620499999999999 0.5701136363636363 0.57555 0.5757954545454546 0.58255 0.5856439393939394 0.58555 0.592840909090909 0.58405 0.5939772727272727 0.5800500000000001 0.6068560606060607 0.56005 0.6144318181818182 0.53755 0.6148106060606061 0.51205 0.6132954545454545 0.49205 0.6125378787878788 0.48205 0.6125378787878788 0.47405 0.5909469696969697 0.47255 0.5879166666666666 0.48155000000000003 0.5530681818181817 0.48355
3 0.2243181818181818 0.46905 0.2065530303030303 0.50585 0.20833333333333334 0.5262 0.21306818181818182 0.5356000000000001 0.22787878787878788 0.55125 0.24390151515151515 0.5520499999999999 0.24628787878787878 0.5497 0.2468560606060606 0.5356000000000001 0.24984848484848482 0.51525 0.24984848484848482 0.48705 0.24212121212121213 0.4902 0.22553030303030303 0.4636
3 0.6136742424242424 0.48005000000000003 0.6136742424242424 0.50005 0.615189393939394 0.52455 0.6144318181818182 0.53655 0.6144318181818182 0.5510499999999999 0.6197348484848485 0.56505 0.63375 0.58055 0.6447348484848485 0.59155 0.6583712121212121 0.59905 0.6685984848484848 0.59955 0.67125 0.56255 0.6720075757575757 0.54855 0.67125 0.52955 0.6704924242424242 0.51605 0.6685984848484848 0.50005 0.668219696969697 0.48355 0.6655681818181819 0.47354999999999997 0.6534469696969697 0.46704999999999997 0.6458712121212121 0.46104999999999996 0.6428409090909091 0.46454999999999996 0.6428409090909091 0.47354999999999997 0.637159090909091 0.47805 0.6239015151515152 0.47905000000000003
3 0.5879166666666666 0.4072 0.593219696969697 0.3892 0.5973863636363637 0.37670000000000003 0.6021212121212122 0.36335 0.6116287878787878 0.35475 0.6210984848484848 0.35475 0.635340909090909 0.36729999999999996 0.6395075757575758 0.38685 0.6412878787878789 0.3978 0.6436363636363636 0.40880000000000005 0.6442424242424243 0.42915 0.6436363636363636 0.4542 0.6424621212121213 0.46435000000000004 0.6418560606060606 0.47454999999999997 0.6359469696969696 0.47924999999999995 0.6210984848484848 0.47765 0.6098484848484849 0.47295000000000004 0.6009469696969697 0.4675 0.5944318181818182 0.46125 0.5950000000000001 0.45494999999999997
3 0.731439393939394 0.3994 0.7326136363636363 0.41350000000000003 0.7332196969696969 0.426 0.7320075757575758 0.4448 0.7302272727272727 0.45575000000000004 0.7290530303030303 0.4683 0.735 0.47375 0.748030303030303 0.47295000000000004 0.7557575757575759 0.462 0.7593181818181819 0.43855 0.7593181818181819 0.41350000000000003 0.753371212121212 0.40095 0.748030303030303 0.3884 0.74625 0.37274999999999997
3 0.38386363636363635 0.47765 0.38268939393939394 0.49255000000000004 0.39041666666666663 0.5505 0.3909848484848485 0.5638000000000001 0.3969318181818182 0.58415 0.4064015151515152 0.5943 0.41946969696969694 0.6053000000000001 0.4301515151515152 0.58415 0.44022727272727274 0.56065 0.4437878787878788 0.54265 0.4449621212121212 0.5184000000000001 0.4449621212121212 0.49570000000000003 0.4443560606060606 0.4863 0.4431818181818182 0.4816 0.4289393939393939 0.4753 0.4224242424242424 0.46515 0.4141287878787879 0.4683 0.39871212121212124 0.47454999999999997
3 0.2504166666666667 0.48469999999999996 0.24924242424242424 0.5238499999999999 0.24863636363636363 0.5364 0.24863636363636363 0.5520499999999999 0.2563636363636364 0.5622 0.27238636363636365 0.56615 0.2765151515151515 0.5497 0.2795075757575758 0.5347999999999999 0.28363636363636363 0.50975 0.28541666666666665 0.4808 0.2623106060606061 0.48
3 0.2645454545454546 0.38435 0.26109848484848486 0.40575000000000006 0.26109848484848486 0.42719999999999997 0.2602651515151515 0.461 0.26196969696969696 0.47905000000000003 0.28928030303030305 0.4802 0.30041666666666667 0.461 0.2978409090909091 0.4351 0.296969696969697 0.41365 0.2927272727272727 0.40125 0.2833333333333333 0.38435 0.2790530303030303 0.37985
3 0.36253787878787874 0.40564999999999996 0.3643181818181818 0.4127 0.3631060606060606 0.4432 0.3631060606060606 0.4628 0.36727272727272725 0.47064999999999996 0.3761742424242424 0.47454999999999997 0.39515151515151514 0.47454999999999997 0.3981060606060606 0.47454999999999997 0.41234848484848485 0.4675 0.4176893939393939 0.45655 0.41946969696969694 0.4158 0.4200378787878788 0.39545 0.4153030303030303 0.36884999999999996 0.4046212121212121 0.35710000000000003 0.389810606060606 0.35710000000000003 0.38446969696969696 0.361 0.37143939393939396 0.36965000000000003
3 0.2243939393939394 0.40465 0.22181818181818183 0.42605 0.2243939393939394 0.45425 0.23208333333333334 0.47115 0.24147727272727273 0.49145000000000005 0.26109848484848486 0.47454999999999997 0.26196969696969696 0.44525 0.26196969696969696 0.4193 0.254280303030303 0.4069 0.24147727272727273 0.3979 0.23462121212121212 0.3945
3 0.28541666666666665 0.48395000000000005 0.2795075757575758 0.54655 0.28246212121212116 0.5622 0.28659090909090906 0.5739500000000001 0.29848484848484846 0.5826 0.30083333333333334 0.58335 0.31268939393939393 0.5716 0.3221969696969697 0.5559499999999999 0.32636363636363636 0.54345 0.3281439393939394 0.5246500000000001 0.32871212121212123 0.5082 0.32871212121212123 0.49645000000000006 0.3281439393939394 0.4894 0.3174621212121212 0.48395000000000005 0.30143939393939395 0.47924999999999995
3 0.7049621212121213 0.48155000000000003 0.7053409090909091 0.48905 0.7068560606060607 0.49855 0.7091287878787879 0.50905 0.7114015151515152 0.52055 0.7114015151515152 0.53305 0.7110227272727273 0.54205 0.7129166666666666 0.55005 0.72125 0.5570499999999999 0.7295833333333334 0.55955 0.7333712121212121 0.54805 0.7352651515151516 0.52855 0.736780303030303 0.50705 0.736780303030303 0.49155 0.736780303030303 0.48005000000000003 0.7364015151515151 0.47755000000000003 0.7257954545454546 0.47805
3 0.33166666666666667 0.4855 0.32988636363636364 0.50975 0.3269318181818182 0.55985 0.33166666666666667 0.5739500000000001 0.35481060606060605 0.59665 0.36727272727272725 0.58495 0.3797348484848485 0.5638000000000001 0.389810606060606 0.54815 0.38268939393939394 0.49645000000000006 0.3773484848484849 0.48469999999999996 0.3589772727272727 0.46905 0.3364393939393939 0.4808
3 0.7023484848484848 0.3978 0.7005681818181818 0.4127 0.7000000000000001 0.42755000000000004 0.698219696969697 0.4401 0.698219696969697 0.4573 0.7005681818181818 0.4753 0.7065151515151515 0.47924999999999995 0.7243181818181819 0.47924999999999995 0.7248863636363636 0.47609999999999997 0.7308333333333333 0.4573 0.7326136363636363 0.44244999999999995 0.7337878787878788 0.42835 0.7320075757575758 0.41505000000000003 0.7290530303030303 0.3994 0.7243181818181819 0.37905 0.7219318181818182 0.3759 0.7213257575757576 0.3759 0.7160227272727273 0.37905 0.7100757575757576 0.3845
3 0.44507575757575757 0.484 0.4443560606060606 0.51995 0.44393939393939397 0.5435 0.4514772727272727 0.5505 0.4568181818181818 0.5638000000000001 0.4681060606060606 0.5732 0.4740151515151515 0.5732 0.48530303030303035 0.56455 0.4918181818181818 0.5520499999999999 0.4971590909090909 0.53795 0.4971590909090909 0.5168 0.4959848484848485 0.49570000000000003 0.4947727272727273 0.47924999999999995 0.4821969696969697 0.4805 0.45268939393939395 0.48395000000000005
3 0.43250000000000005 0.3563 0.42481060606060606 0.3665 0.42124999999999996 0.38295 0.42124999999999996 0.39625 0.4200378787878788 0.45655 0.4206439393939394 0.46435000000000004 0.42954545454545456 0.4753 0.4479166666666667 0.48314999999999997 0.47234848484848485 0.48100000000000004 0.49053030303030304 0.47850000000000004 0.49772727272727274 0.47850000000000004 0.5036742424242424 0.46435000000000004 0.5101893939393939 0.44715000000000005 0.5101893939393939 0.42445 0.5078409090909091 0.3994 0.5054545454545455 0.38604999999999995 0.4977651515151515 0.36415 0.4888636363636364 0.3493 0.4793560606060606 0.34064999999999995 0.4698863636363636 0.33909999999999996 0.45325757575757575 0.33990000000000004 0.4467424242424242 0.34299999999999997 0.43666666666666665 0.35005000000000003
3 0.4954545454545455 0.4805 0.49772727272727274 0.5415 0.5034469696969697 0.55305 0.5110227272727272 0.56305 0.5231439393939394 0.5690500000000001 0.5288257575757577 0.5700500000000001 0.5360227272727273 0.57055 0.539810606060606 0.5660499999999999 0.5489015151515151 0.55955 0.5534469696969697 0.55055 0.5542045454545454 0.53355 0.5549621212121212 0.51955 0.5542045454545454 0.50255 0.5538257575757576 0.48255000000000003 0.53375 0.48305 0.5166666666666667 0.474 0.5128787878787879 0.465 0.5083333333333333 0.4575 0.5015530303030303 0.46905
3 0.6448484848484849 0.40564999999999996 0.6442424242424243 0.4401 0.6448484848484849 0.45104999999999995 0.6471969696969697 0.46125 0.6584848484848485 0.46985 0.6732954545454546 0.47609999999999997 0.6810227272727273 0.48235 0.696439393939394 0.48 0.6976136363636363 0.4636 0.6993939393939393 0.4487 0.7005681818181818 0.41975 0.7005681818181818 0.3994 0.7005681818181818 0.38215000000000005 0.696439393939394 0.35635 0.6893181818181818 0.3383 0.6857575757575757 0.33125 0.6709469696969697 0.3297 0.6602651515151515 0.3383 0.650189393939394 0.36335 0.6471969696969697 0.37979999999999997
3 0.6667045454545454 0.47655000000000003 0.6689772727272728 0.48405000000000004 0.6693560606060607 0.49055 0.6685984848484848 0.49655 0.6727651515151516 0.5325500000000001 0.6727651515151516 0.53405 0.6746590909090909 0.5520499999999999 0.680719696969697 0.57355 0.6882954545454546 0.57655 0.6920833333333334 0.57705 0.7015530303030303 0.57555 0.7060984848484848 0.56505 0.7102651515151515 0.53405 0.7106439393939394 0.5165500000000001 0.7076136363636364 0.5035499999999999 0.7049621212121213 0.48605 0.7019318181818182 0.47805 0.6970075757575758 0.47855 0.6822348484848485 0.48205 0.6746590909090909 0.47555
3 0.30553030303030304 0.3697 0.29954545454545456 0.39565 0.29613636363636364 0.43055 0.30041666666666667 0.46215000000000006 0.30553030303030304 0.47905000000000003 0.32943181818181816 0.48245 0.3371212121212121 0.47905000000000003 0.356780303030303 0.47115 0.3610227272727273 0.46549999999999997 0.36359848484848484 0.44634999999999997 0.36359848484848484 0.4103 0.35848484848484846 0.39 0.35333333333333333 0.3697 0.34053030303030307 0.34149999999999997 0.3268939393939394 0.3404 0.313219696969697 0.3494