3 0.6441269841269841 0.6464375 0.6575238095238095 0.6088125 0.6652698412698412 0.5894999999999999 0.6772698412698412 0.5783125 0.6843174603174603 0.5713125 0.6906666666666667 0.5810625 0.6984126984126984 0.5964375000000001 0.7054603174603175 0.6088125 0.7146349206349206 0.627 0.7098412698412698 0.6481250000000001 0.6998095238095238 0.651875 0.6568253968253969 0.650625
3 0.2723492063492064 0.3486875 0.2794285714285714 0.384625 0.28044444444444444 0.40862499999999996 0.28349206349206346 0.44262499999999994 0.2855238095238095 0.45862499999999995 0.3028571428571429 0.460625 0.32095238095238093 0.46687500000000004 0.3312063492063492 0.460625 0.3393333333333333 0.440625 0.3352698412698413 0.3726875 0.319047619047619 0.3286875 0.3027936507936508 0.2986875 0.29060317460317464 0.3006875 0.28146031746031747 0.3126875
3 0.23273015873015873 0.384625 0.24187301587301588 0.432625 0.25 0.464625 0.26015873015873014 0.49456249999999996 0.26625396825396824 0.5225625 0.2742857142857143 0.52 0.28146031746031747 0.48656249999999995 0.28349206349206346 0.472625 0.2824761904761905 0.456625 0.2794285714285714 0.41662499999999997 0.28044444444444444 0.378625 0.27536507936507937 0.3466875 0.26117460317460317 0.3426875 0.2439047619047619 0.3506875
3 0.3450793650793651 0.6637500000000001 0.3476190476190476 0.618125 0.35644444444444445 0.5894375000000001 0.3663174603174603 0.57875 0.3713968253968254 0.5760625 0.37787301587301586 0.5726875 0.39180952380952383 0.5700000000000001 0.40199999999999997 0.5700000000000001 0.4101587301587301 0.569375 0.415936507936508 0.5726875 0.4166349206349207 0.58275 0.4149206349206349 0.5954375 0.4125396825396825 0.6570625
3 0.4615238095238095 0.3563125 0.458 0.3771875 0.458 0.40356249999999994 0.458 0.42437500000000006 0.458 0.45337500000000003 0.4664761904761905 0.48125 0.4671746031746032 0.48125 0.4763174603174603 0.48262499999999997 0.48479365079365083 0.47975 0.4897142857142857 0.47975 0.5041269841269842 0.47750000000000004 0.5207619047619048 0.4769375 0.5348571428571428 0.4743125 0.5454285714285715 0.47000000000000003 0.5517777777777778 0.4618125 0.5595238095238095 0.44643750000000004 0.5672698412698413 0.4186875 0.5700952380952381 0.3674375 0.567968253968254 0.33968750000000003 0.5616507936507936 0.3160625 0.5538730158730159 0.2966875 0.5242857142857144 0.28275 0.5214603174603174 0.28125 0.49819047619047624 0.284 0.49819047619047624 0.284 0.48339682539682544 0.29943749999999997 0.4664761904761905 0.3258125
3 0.6807936507936507 0.35481250000000003 0.6807936507936507 0.3771875 0.6814920634920635 0.3910625 0.7040634920634921 0.4618125 0.7061587301587301 0.47850000000000004 0.7294285714285714 0.5033125 0.737904761904762 0.51025 0.7449523809523809 0.4993125 0.7603174603174603 0.465625 0.7647619047619048 0.43562500000000004 0.7597460317460317 0.40493750000000006 0.7597460317460317 0.40493750000000006
3 0.4122222222222222 0.6590625 0.4152380952380953 0.6 0.42206349206349203 0.57675 0.46184126984126983 0.573375 0.4761269841269841 0.57875 0.47987301587301584 0.600125 0.48123809523809524 0.6523749999999999
3 0.3339047619047619 0.309125 0.3367301587301587 0.37025 0.33955555555555555 0.43131250000000004 0.3437777777777778 0.4603125 0.3522539682539682 0.48125 0.3815873015873016 0.48250000000000004 0.4015873015873016 0.4756875 0.42907936507936506 0.4728125 0.44107936507936507 0.4576875 0.4467301587301587 0.41587500000000005 0.4453015873015873 0.3605 0.4396825396825397 0.3271875 0.43333333333333335 0.3006875 0.41780952380952385 0.2881875 0.4044126984126984 0.28275 0.3874920634920635 0.27999999999999997 0.36847619047619046 0.2770625 0.35434920634920636 0.27999999999999997 0.33955555555555555 0.29512499999999997
3 0.48253968253968255 0.651875 0.48463492063492064 0.6075 0.4876825396825397 0.579375 0.49041269841269836 0.5760625 0.49447619047619046 0.5720625 0.5393650793650794 0.5706875 0.5471746031746032 0.58075 0.5516190476190476 0.592125 0.5546666666666666 0.6523749999999999
3 0.6145079365079364 0.304875 0.5975873015873017 0.3284375 0.5898412698412698 0.347875 0.5764444444444445 0.374375 0.5736190476190476 0.40199999999999997 0.5736190476190476 0.4285 0.5827936507936509 0.45075000000000004 0.5940634920634921 0.45893750000000005 0.6187301587301588 0.46587500000000004 0.6399047619047619 0.46587500000000004 0.6483492063492063 0.45487500000000003 0.6553968253968253 0.43949999999999995 0.661047619047619 0.42006249999999995 0.6652698412698412 0.38537499999999997 0.6645714285714286 0.3605 0.6617460317460317 0.3381875 0.661047619047619 0.3311875
3 0.2939047619047619 0.6523749999999999 0.3017142857142857 0.6235625 0.30307936507936506 0.61825 0.31631746031746033 0.58075 0.3204126984126984 0.5720625 0.32552380952380955 0.5726875 0.3306031746031746 0.5746875 0.33876190476190476 0.58475 0.3435238095238095 0.5974999999999999 0.34555555555555556 0.618875 0.3448888888888889 0.635625 0.3448888888888889 0.654375 0.3448888888888889 0.662375 0.314984126984127 0.6677500000000001 0.3017142857142857 0.662375
3 0.5553015873015873 0.653375 0.5524761904761905 0.5936874999999999 0.5595238095238095 0.5783125 0.5595238095238095 0.5783125 0.5686984126984127 0.570125 0.5940634920634921 0.5756249999999999 0.5940634920634921 0.5756249999999999 0.6138095238095238 0.5783125 0.6194603174603175 0.58525 0.6243809523809524 0.5921875 0.6286031746031746 0.600625 0.6321269841269841 0.6185625 0.6328571428571428 0.6228125 0.6349523809523809 0.6408750000000001 0.6356507936507936 0.6478125