3 0.4088 0.5947540983606557 0.42058181818181817 0.639344262295082 0.44414545454545457 0.641311475409836 0.47730909090909085 0.641311475409836 0.4781818181818182 0.6275409836065574 0.4808 0.6019672131147541 0.4816727272727273 0.5855737704918033 0.4808 0.5763934426229509 0.47294545454545456 0.5836065573770491 0.43323636363636364 0.5914754098360655 0.4092363636363637 0.5914754098360655
3 0.4205090909090909 0.4039890710382514 0.39574545454545457 0.46032786885245897 0.3890181818181818 0.4930601092896175 0.3874909090909091 0.5403825136612022 0.3905090909090909 0.5595628415300546 0.39952727272727273 0.59 0.4475272727272727 0.5888524590163935 0.47454545454545455 0.5843715846994535 0.4910181818181818 0.5618032786885246 0.4925454545454545 0.5212021857923497 0.49629090909090906 0.49191256830601093 0.49552727272727276 0.4614754098360656 0.4917818181818182 0.4412021857923497 0.4865454545454546 0.4287978142076503 0.48054545454545455 0.4220218579234973
3 0.5990545454545455 0.5619672131147542 0.5994909090909092 0.5639344262295082 0.6117090909090909 0.5711475409836065 0.6012363636363637 0.6255737704918033 0.6034181818181819 0.6334426229508197 0.6086545454545454 0.6334426229508197 0.6287272727272728 0.6295081967213115 0.6317818181818182 0.6203278688524589 0.6339636363636364 0.6019672131147541 0.6370181818181818 0.5862295081967214 0.6392 0.5678688524590164 0.6392 0.5613114754098361 0.6339636363636364 0.5626229508196721
3 0.34901818181818184 0.5678688524590164 0.35309090909090907 0.5491803278688525 0.38 0.539344262295082 0.3858181818181818 0.5371584699453552 0.39236363636363636 0.5677595628415301 0.40007272727272725 0.5901639344262295 0.4083636363636364 0.5954098360655737 0.4114181818181818 0.6059016393442622 0.4162181818181818 0.6255737704918033 0.4188363636363637 0.641311475409836 0.3717090909090909 0.620983606557377 0.3429090909090909 0.6091803278688525 0.3468363636363636 0.5888524590163935
3 0.6659636363636363 0.43868852459016394 0.6674909090909091 0.4150273224043716 0.672 0.39021857923497266 0.6809818181818182 0.37781420765027324 0.6869818181818181 0.3744262295081967 0.7020000000000001 0.36879781420765023 0.7087272727272728 0.3766666666666667 0.7109818181818183 0.39021857923497266 0.714 0.4251912568306011 0.714 0.43868852459016394 0.7169818181818182 0.47704918032786886 0.7177454545454546 0.5040983606557377 0.714 0.52775956284153 0.7034909090909092 0.5379234972677596 0.6952363636363637 0.5401639344262295 0.6764727272727272 0.5333879781420765 0.6659636363636363 0.5209836065573771
3 0.30665454545454546 0.5908743169398907 0.30887272727272724 0.568360655737705 0.31265454545454546 0.5514207650273224 0.32087272727272725 0.539016393442623 0.3269090909090909 0.5333879781420765 0.3344 0.5289071038251366 0.3449090909090909 0.5289071038251366 0.34716363636363634 0.534535519125683 0.34865454545454544 0.5446448087431695 0.3493818181818182 0.5604371584699454 0.3478909090909091 0.5750819672131148 0.34716363636363634 0.5874863387978142 0.3449090909090909 0.6021857923497268 0.3449090909090909 0.6156830601092896
3 0.5947272727272728 0.47136612021857927 0.5969454545454546 0.523224043715847 0.5962181818181819 0.5604371584699454 0.6157090909090909 0.5615846994535519 0.6367272727272727 0.5615846994535519 0.6599636363636364 0.543551912568306 0.6667272727272727 0.5221311475409836 0.6644727272727272 0.4454644808743169 0.6607272727272727 0.43191256830601094 0.6562181818181818 0.41950819672131145 0.6449818181818182 0.40038251366120214 0.6254545454545455 0.3936065573770492 0.6067272727272727 0.40710382513661203 0.5999636363636364 0.4262841530054645
3 0.2781818181818182 0.4038251366120219 0.2757454545454545 0.4490710382513662 0.2772363636363636 0.4704918032786885 0.27123636363636366 0.49191256830601093 0.27949090909090907 0.5144808743169399 0.28549090909090913 0.5527868852459016 0.3064727272727273 0.5482513661202185 0.32974545454545456 0.5257377049180327 0.3454909090909091 0.49868852459016394 0.34850909090909094 0.4761202185792349 0.3454909090909091 0.44683060109289613 0.3425090909090909 0.39043715846994537 0.2824727272727273 0.3859562841530054
3 0.5357818181818182 0.6144262295081967 0.5349090909090909 0.6281967213114754 0.5392727272727273 0.64 0.5597818181818182 0.6419672131147541 0.5763636363636364 0.6426229508196721 0.5951272727272727 0.639344262295082 0.5990545454545455 0.6301639344262294 0.6090909090909091 0.579672131147541 0.6104 0.5691803278688524 0.594690909090909 0.5672131147540983 0.5898909090909091 0.5836065573770491 0.5798545454545455 0.6006557377049181
3 0.6413818181818182 0.5606557377049181 0.6357090909090909 0.6032786885245902 0.6370181818181818 0.6078688524590163 0.6483636363636364 0.6150819672131148 0.6645090909090909 0.6026229508196721 0.6985454545454545 0.5777049180327869 0.6985454545454545 0.5652459016393443 0.6985454545454545 0.5475409836065573 0.6941818181818182 0.5416393442622951 0.6767272727272727 0.5337704918032787 0.6679999999999999 0.5232786885245901 0.6627636363636363 0.5416393442622951
3 0.5112727272727272 0.4310382513661202 0.49701818181818186 0.46934426229508197 0.49629090909090906 0.489672131147541 0.4925454545454545 0.5708196721311475 0.5008 0.6001092896174863 0.5142909090909091 0.6102732240437159 0.5435636363636364 0.6114207650273225 0.5698181818181818 0.605792349726776 0.5818181818181818 0.5978688524590163 0.5915636363636364 0.5742076502732241 0.5968 0.5426229508196722 0.5915636363636364 0.4817486338797814 0.5915636363636364 0.4580874316939891 0.5870545454545455 0.4355191256830601 0.5802909090909092 0.41300546448087433
3 0.7162545454545455 0.4037704918032787 0.7185090909090909 0.3924590163934426 0.7282545454545455 0.3800546448087432 0.7432363636363636 0.37896174863387977 0.756 0.38120218579234977 0.762 0.4116393442622951 0.762 0.44770491803278695 0.756 0.47590163934426233 0.744 0.5007103825136612 0.738 0.4950819672131147 0.7289818181818182 0.4860655737704918 0.7177454545454546 0.4871584699453552
3 0.695490909090909 0.5429508196721311 0.6998545454545455 0.5481967213114753 0.6998545454545455 0.5777049180327869 0.7107636363636364 0.5698360655737705 0.7251636363636363 0.5567213114754098 0.7391272727272727 0.5383606557377049 0.7443636363636363 0.5298360655737705 0.7491636363636364 0.519344262295082 0.7491636363636364 0.519344262295082 0.7417454545454545 0.5036065573770492 0.7304 0.48721311475409834 0.7199272727272726 0.48918032786885246 0.7199272727272726 0.49901639344262294 0.714690909090909 0.5272131147540984
3 0.22847272727272727 0.39836065573770496 0.22920000000000001 0.46032786885245897 0.24047272727272725 0.5212021857923497 0.2644727272727273 0.4997814207650273 0.2772363636363636 0.46934426229508197 0.2756363636363636 0.44590163934426225 0.2792727272727273 0.3879781420765027 0.2539636363636364 0.39043715846994537 0.24123636363636364 0.39043715846994537
3 0.4856 0.5737704918032787 0.4792727272727273 0.6382513661202186 0.49054545454545456 0.6426229508196721 0.5152727272727272 0.641311475409836 0.5340363636363636 0.64 0.5331636363636364 0.6150819672131148 0.5318545454545455 0.6104918032786886 0.5183272727272727 0.6118032786885246 0.5017454545454545 0.6019672131147541 0.4908363636363636 0.5698360655737705
3 0.3462545454545454 0.42650273224043717 0.34850909090909094 0.4817486338797814 0.35 0.5144808743169399 0.3514909090909091 0.5449180327868852 0.3597454545454546 0.5437704918032787 0.38225454545454546 0.5347540983606557 0.38825454545454546 0.467103825136612 0.38 0.4412021857923497 0.37174545454545455 0.4310382513661202