3 0.6391946308724832 0.3384023668639053 0.631510067114094 0.3654437869822485 0.6213087248322148 0.4669230769230769 0.6213087248322148 0.49171597633136094 0.6270469798657718 0.5142603550295858 0.6481543624161074 0.5379289940828402 0.6820469798657718 0.5458579881656804 0.7133557046979866 0.5334319526627219 0.7216778523489933 0.5199408284023669 0.7248657718120806 0.4950887573964497 0.7235906040268456 0.46467455621301773 0.7229530201342281 0.43988165680473373 0.7184899328859061 0.3981656804733728 0.708255033557047 0.35195266272189346 0.6909395973154363 0.31005917159763313 0.6609395973154363 0.31023668639053253
3 0.5873489932885906 0.5695266272189349 0.5893288590604027 0.6371597633136095 0.6040268456375839 0.6698816568047337 0.6232214765100671 0.7070414201183431 0.6340939597315437 0.7239644970414201 0.6507046979865772 0.7228402366863905 0.6756375838926174 0.6924260355029586 0.6871476510067115 0.6123668639053255 0.6871476510067115 0.6033136094674556 0.6826845637583893 0.5413609467455621 0.6494295302013423 0.5436094674556213 0.6282550335570469 0.5176923076923077 0.6213087248322148 0.5018934911242603 0.618724832214765 0.5424852071005918 0.6136241610738256 0.5593491124260355
3 0.6839597315436241 0.5503550295857988 0.6852348993288591 0.5976923076923077 0.7024832214765101 0.6427810650887573 0.7255033557046979 0.6957988165680473 0.7421140939597316 0.7059171597633136 0.7562080536912752 0.6236094674556213 0.7542617449664429 0.5762721893491124 0.7542617449664429 0.5424852071005918 0.751006711409396 0.522189349112426 0.7261409395973154 0.49059171597633133 0.7255033557046979 0.5097633136094675 0.7171476510067114 0.5311834319526627 0.6890604026845638 0.5424852071005918
3 0.8783221476510067 0.34177514792899405 0.8603355704697987 0.38349112426035503 0.8572147651006711 0.4365088757396449 0.877013422818792 0.45455621301775145 0.8885234899328858 0.4579289940828402 0.9000335570469798 0.41846153846153844 0.9038926174496644 0.3880473372781065 0.9051677852348994 0.36431952662721895 0.9051677852348994 0.3406508875739645 0.9045302013422819 0.3361538461538462
3 0.29268456375838925 0.5379289940828402 0.2984228187919463 0.6168639053254438 0.301006711409396 0.6507100591715976 0.315 0.7025443786982248 0.3291275167785235 0.7318343195266273 0.34701342281879194 0.7453846153846154 0.3508724832214765 0.7442603550295858 0.3642953020134228 0.7092899408284024 0.3732214765100671 0.6788757396449704 0.37963087248322147 0.6450295857988166 0.38154362416107385 0.6179881656804733 0.3802684563758389 0.6067455621301776 0.36238255033557043 0.6089940828402367 0.33422818791946307 0.5920710059171598 0.3188926174496644 0.5684023668639053 0.3041946308724832 0.5233136094674556 0.3041946308724832 0.4996449704142012
3 0.3201677852348993 0.36207100591715974 0.315 0.4297041420118343 0.3029194630872483 0.48272189349112427 0.30355704697986574 0.5142603550295858 0.3201677852348993 0.5672781065088758 0.33359060402684565 0.5898224852071007 0.3597986577181208 0.6078698224852072 0.43268456375838926 0.5954437869822485 0.44291946308724833 0.552603550295858 0.44738255033557045 0.516508875739645 0.44802013422818787 0.4702958579881657 0.44291946308724833 0.44437869822485204 0.4116107382550335 0.3767455621301775 0.38922818791946306 0.3316568047337278 0.3559060402684564 0.328284023668639 0.34063758389261745 0.33952662721893495
3 0.13986577181208054 0.3214792899408284 0.14114093959731544 0.4049112426035503 0.1437248322147651 0.46467455621301773 0.1571476510067114 0.5041420118343195 0.18016778523489932 0.5447337278106509 0.1916778523489933 0.535680473372781 0.19677852348993288 0.50301775147929 0.20446308724832216 0.4782248520710059 0.2089261744966443 0.4635502958579882 0.21211409395973155 0.4455029585798817 0.2140268456375839 0.3891715976331361 0.19677852348993288 0.3609467455621302 0.19104026845637584 0.3361538461538462 0.1871812080536913 0.3214792899408284
3 0.7223154362416108 0.4308284023668639 0.7242281879194631 0.44999999999999996 0.7248657718120806 0.4702958579881657 0.7274161073825504 0.4894674556213018 0.7408389261744966 0.5086390532544378 0.758758389261745 0.5323076923076923 0.780503355704698 0.5266863905325444 0.7913422818791946 0.510887573964497 0.8003020134228188 0.4894674556213018 0.8015771812080537 0.4680473372781065 0.8041610738255033 0.43201183431952667 0.8054362416107382 0.4173372781065089 0.8054362416107382 0.34633136094674555 0.7956375838926174 0.30946745562130173 0.7741610738255034 0.31005917159763313 0.7580536912751678 0.33278106508875743 0.7402013422818793 0.3598224852071006
3 0.8425167785234899 0.3406508875739645 0.8220469798657718 0.3767455621301775 0.8060738255033557 0.4071597633136095 0.8022147651006711 0.44662721893491125 0.809261744966443 0.4736686390532544 0.829731543624161 0.4985207100591716 0.8527181208053691 0.4894674556213018 0.8546644295302014 0.4669230769230769 0.8603355704697987 0.3857396449704142 0.8584899328859061 0.3316568047337278
3 0.4812751677852349 0.5943195266272189 0.48446308724832216 0.6247337278106508 0.5017449664429531 0.6653254437869822 0.5100671140939598 0.6867455621301776 0.5145302013422819 0.7205917159763313 0.5298657718120806 0.7476331360946745 0.5362751677852349 0.7498816568047337 0.5484228187919463 0.7420118343195267 0.5675838926174496 0.7092899408284024 0.5669463087248322 0.6743786982248521 0.569496644295302 0.619112426035503 0.5714429530201341 0.6010650887573964 0.5714429530201341 0.5740236686390533
3 0.10214765100671142 0.33727810650887574 0.11040268456375839 0.4117159763313609 0.10728187919463086 0.46917159763313615 0.12580536912751678 0.5018934911242603 0.13604026845637585 0.48159763313609466 0.14181208053691274 0.4635502958579882 0.140503355704698 0.3823668639053255
3 0.2159731543624161 0.5345562130177515 0.20701342281879193 0.6089940828402367 0.2076510067114094 0.6507100591715976 0.20956375838926175 0.6755029585798816 0.22553691275167784 0.6991715976331361 0.23895973154362413 0.6946745562130178 0.2536241610738255 0.6721301775147929 0.28308724832214766 0.6236094674556213 0.29268456375838925 0.6044970414201183 0.29268456375838925 0.588698224852071 0.29013422818791945 0.5413609467455621 0.2709395973154362 0.5593491124260355 0.2587919463087249 0.5593491124260355
3 0.1571476510067114 0.5063905325443787 0.15778523489932886 0.5740236686390533 0.1571476510067114 0.619112426035503 0.16738255033557048 0.6326627218934912 0.1878187919463087 0.6179881656804733 0.19486577181208053 0.5853254437869823 0.19932885906040268 0.5559763313609467 0.20201342281879195 0.501775147928994 0.20124161073825503 0.49396449704142015 0.192248322147651 0.5311834319526627 0.18271812080536914 0.5458579881656804
3 0.4486912751677853 0.5210650887573964 0.4704026845637584 0.5244378698224852 0.47489932885906044 0.5785207100591716 0.4806375838926174 0.602189349112426 0.4806375838926174 0.6168639053254438 0.46785234899328854 0.6394082840236687 0.4653020134228188 0.6901183431952662 0.4640268456375839 0.7092899408284024 0.45818791946308723 0.7363905325443787 0.437751677852349 0.7645562130177516 0.4224496644295302 0.7498816568047337 0.3956040268456376 0.6980473372781065 0.39177852348993286 0.655207100591716 0.3943288590604027 0.602189349112426 0.4307046979865772 0.5965680473372781 0.44546979865771813 0.552603550295858
3 0.7548993288590604 0.5311834319526627 0.7593959731543625 0.5706508875739645 0.7721812080536913 0.6101183431952663 0.8086241610738255 0.6270414201183432 0.8086241610738255 0.5695266272189349 0.8086241610738255 0.5481065088757396 0.8098993288590604 0.5300591715976332 0.8060738255033557 0.50301775147929 0.8028523489932886 0.4883431952662722 0.7932885906040269 0.5063905325443787 0.7830536912751678 0.527810650887574
3 0.4659395973154362 0.46579881656804734 0.49023489932885905 0.4162130177514793 0.5017449664429531 0.38461538461538464 0.540738255033557 0.33278106508875743 0.5739261744966443 0.33278106508875743 0.5880536912751678 0.3485798816568047 0.6021140939597316 0.3925443786982249 0.6104362416107383 0.42520710059171596 0.6180872483221477 0.47597633136094675 0.618724832214765 0.49739644970414204 0.6193624161073825 0.5210650887573964 0.6155369127516779 0.5593491124260355 0.5528859060402684 0.5762721893491124 0.5093959731543625 0.5830769230769232 0.48382550335570473 0.5920710059171598 0.47489932885906044 0.5830769230769232
3 0.8047986577181209 0.47142011834319525 0.8073489932885907 0.5018934911242603 0.8182214765100672 0.5559763313609467 0.8335570469798658 0.5807692307692308 0.8603355704697987 0.5762721893491124 0.8565771812080537 0.5447337278106509 0.8553020134228188 0.5233136094674556 0.8533221476510067 0.4883431952662722 0.8284563758389262 0.4996449704142012
3 0.2197986577181208 0.34177514792899405 0.2159731543624161 0.38686390532544374 0.2114765100671141 0.4556804733727811 0.20187919463087248 0.48721893491124263 0.2089261744966443 0.510887573964497 0.217248322147651 0.535680473372781 0.2556040268456376 0.5604733727810651 0.2709395973154362 0.5616568047337278 0.2837248322147651 0.5447337278106509 0.29395973154362415 0.5266863905325444 0.3016442953020134 0.49396449704142015 0.301006711409396 0.4669230769230769 0.2984228187919463 0.45112426035502956 0.2958724832214765 0.44325443786982244 0.28053691275167786 0.4128402366863905 0.2740604026845638 0.38686390532544374 0.2728523489932886 0.34177514792899405 0.2658389261744966 0.328284023668639 0.24536912751677853 0.3294082840236687