3 0.6556690140845071 0.4931638418079096 0.6334154929577465 0.5203954802259887 0.6416197183098592 0.5391525423728813 0.6416197183098592 0.5918079096045198 0.6445422535211268 0.6349717514124293 0.6451056338028169 0.6368926553672316 0.7019014084507043 0.644406779661017 0.707781690140845 0.600225988700565 0.7083450704225351 0.573954802259887 0.7048591549295775 0.5335593220338983 0.7042605633802816 0.5203954802259887 0.6972183098591549 0.502542372881356 0.6884507042253522 0.4875141242937853 0.6749999999999999 0.4790395480225989
3 0.426056338028169 0.5146892655367231 0.42088028169014086 0.5448022598870057 0.42556338028169016 0.6406214689265537 0.4366901408450704 0.6650847457627118 0.45249999999999996 0.6791525423728814 0.4788380281690141 0.6829378531073446 0.4946478873239436 0.6688135593220339 0.5046126760563381 0.6218644067796609 0.49933098591549296 0.5466666666666667 0.49873239436619715 0.5194350282485876 0.4899647887323944 0.5147457627118645
3 0.31197183098591547 0.341864406779661 0.31137323943661976 0.40576271186440677 0.3178169014084507 0.4414689265536723 0.3236971830985916 0.4630508474576271 0.3412323943661972 0.4809039548022599 0.37052816901408453 0.48841807909604523 0.3816549295774648 0.481864406779661 0.38809859154929577 0.47248587570621464 0.3933450704225352 0.4611864406779661 0.39394366197183095 0.35689265536723164
3 0.3201760563380282 0.4611864406779661 0.30728873239436616 0.48 0.295 0.5194350282485876 0.29088028169014085 0.5589265536723165 0.28855633802816905 0.5851977401129943 0.29031690140845073 0.6143502824858756 0.29556338028169016 0.6397175141242938 0.3008450704225352 0.6547457627118645 0.3219366197183099 0.6641242937853107 0.34007042253521125 0.6500564971751412 0.34943661971830986 0.6359322033898305 0.36056338028169016 0.6152542372881357 0.3570422535211268 0.5927118644067796 0.3588028169014085 0.5438983050847458 0.3611619718309859 0.5175706214689265
3 0.8289788732394366 0.38790960451977397 0.8500352112676056 0.43491525423728816 0.8658450704225352 0.4555367231638418 0.8740492957746478 0.4142372881355932 0.8670422535211267 0.39259887005649713 0.8564788732394366 0.3672316384180791 0.8500352112676056 0.34937853107344635
3 0.6995774647887324 0.3522033898305085 0.7025 0.384180790960452 0.7001760563380282 0.4245762711864407 0.714225352112676 0.4461581920903955 0.7264084507042254 0.4632768361581921 0.7434859154929577 0.4583615819209039 0.7505281690140845 0.4471186440677966 0.7552112676056337 0.430225988700565 0.7604577464788732 0.4067231638418079 0.762218309859155 0.38508474576271184 0.7639788732394366 0.3559887005649717 0.7651408450704226 0.3249717514124294 0.7651408450704226 0.32124293785310737 0.720669014084507 0.32124293785310737
3 0.7651408450704226 0.3315819209039548 0.7633802816901409 0.39355932203389826 0.7786267605633803 0.42548022598870056 0.7955985915492957 0.411412429378531 0.8020422535211268 0.4067231638418079 0.8154929577464789 0.3954237288135593 0.8154929577464789 0.3870056497175141 0.8184154929577465 0.36067796610169495 0.8166901408450704 0.316497175141243 0.8149295774647888 0.3014689265536723 0.7862323943661972 0.30898305084745764
3 0.7247535211267606 0.46779661016949153 0.7112676056338029 0.5128813559322034 0.7054225352112676 0.5316384180790961 0.7112676056338029 0.573954802259887 0.721830985915493 0.5955367231638418 0.7311971830985915 0.6190395480225989 0.7516901408450704 0.6284180790960452 0.7675 0.6209039548022599 0.7809507042253521 0.6105649717514124 0.7920774647887323 0.5945762711864406 0.7762676056338028 0.5514124293785311 0.7704225352112677 0.5288135593220339 0.7675 0.5128813559322034 0.7592957746478872 0.4922033898305085 0.7528521126760563 0.48372881355932207
3 0.5017605633802817 0.5090395480225989 0.49933098591549296 0.5448022598870057 0.5028169014084507 0.5983050847457627 0.5051760563380282 0.6255932203389831 0.5104577464788732 0.6537853107344632 0.5204225352112677 0.6669491525423729 0.563169014084507 0.6650847457627118 0.571338028169014 0.6058757062146892 0.5672535211267605 0.5128813559322034
3 0.5046126760563381 0.36254237288135593 0.5075352112676056 0.4753107344632768 0.512218309859155 0.4903389830508475 0.5211267605633803 0.5073446327683616 0.5707746478873239 0.5146892655367231 0.5929577464788732 0.5073446327683616 0.6095070422535211 0.5050847457627119 0.6222887323943661 0.502542372881356 0.6269718309859155 0.4640112994350282 0.6263732394366197 0.42361581920903957 0.6269718309859155 0.39355932203389826 0.6211267605633803 0.36819209039548023 0.6211267605633803 0.3531638418079096
3 0.7774295774647887 0.42644067796610174 0.7657394366197183 0.40485875706214686 0.7581338028169015 0.4123728813559322 0.7510915492957747 0.4452542372881356 0.7440845070422535 0.4602824858757062 0.7278169014084507 0.4661016949152542 0.7575352112676056 0.4875141242937853 0.7669014084507043 0.5100564971751412 0.7774295774647887 0.5532768361581921 0.7991197183098591 0.5880225988700565 0.8166901408450704 0.5880225988700565 0.8172535211267605 0.5616949152542373 0.8184154929577465 0.5363841807909604 0.8102464788732395 0.5222598870056497 0.8032042253521128 0.47813559322033894 0.7979225352112677 0.46497175141242936 0.780387323943662 0.42361581920903957
3 0.20014084507042254 0.39734463276836157 0.1790492957746479 0.4414689265536723 0.1790492957746479 0.48 0.18669014084507043 0.5316384180790961 0.19253521126760564 0.5466666666666667 0.19605633802816902 0.4997175141242938 0.22999999999999998 0.42644067796610174 0.2382042253521127 0.41796610169491527 0.2376056338028169 0.4085875706214689 0.2264788732394366 0.41514124293785315 0.20422535211267606 0.41045197740113
3 0.780281690140845 0.423728813559322 0.8008802816901408 0.47062146892655365 0.8137323943661972 0.526045197740113 0.8236971830985915 0.5532768361581921 0.8359859154929578 0.5494915254237288 0.8523943661971831 0.5194350282485876 0.8617605633802817 0.48937853107344637 0.8611619718309859 0.4630508474576271 0.8517957746478874 0.4405084745762712 0.8283802816901408 0.39073446327683614 0.8201760563380281 0.389774011299435 0.8149295774647888 0.39734463276836157
3 0.23584507042253522 0.4189265536723164 0.19485915492957748 0.4997175141242938 0.19369718309859155 0.5335593220338983 0.1930985915492958 0.5729943502824859 0.20306338028169016 0.5758192090395481 0.21066901408450703 0.5711299435028249 0.2206338028169014 0.5561016949152543 0.2591549295774648 0.45367231638418076 0.25693661971830983 0.4329943502824859 0.2452112676056338 0.4142372881355932
3 0.3915492957746479 0.5067796610169492 0.36514084507042255 0.5101694915254237 0.3588028169014085 0.5429378531073445 0.3576408450704225 0.5861581920903954 0.36232394366197185 0.6274576271186441 0.36408450704225354 0.6415819209039548 0.37052816901408453 0.6584745762711864 0.38985915492957746 0.671638418079096 0.41795774647887324 0.6500564971751412 0.4261267605633803 0.6406214689265537 0.42320422535211266 0.5683050847457627 0.42088028169014086 0.5382485875706214 0.4261267605633803 0.5128813559322034
3 0.2545774647887324 0.4630508474576271 0.22415492957746477 0.5551412429378532 0.22707746478873236 0.6265536723163843 0.2458098591549296 0.6397175141242938 0.2651408450704225 0.6472316384180791 0.28035211267605636 0.6162146892655367 0.28503521126760567 0.5908474576271187 0.28619718309859155 0.5720338983050848 0.2979225352112676 0.504406779661017 0.2721478873239437 0.4658757062146892
3 0.18841549295774648 0.32310734463276836 0.19661971830985916 0.37666666666666665 0.20482394366197185 0.40954802259887 0.2264788732394366 0.4170621468926553 0.24172535211267607 0.40485875706214686 0.25341549295774646 0.3588135593220339 0.2504929577464789 0.3240677966101695
3 0.629330985915493 0.3672316384180791 0.6275704225352112 0.40011299435028247 0.6269718309859155 0.4640112994350282 0.6340140845070422 0.4733898305084746 0.6410211267605634 0.48372881355932207 0.6626760563380282 0.4903389830508475 0.6802464788732394 0.47248587570621464 0.6884507042253522 0.4658757062146892 0.6978169014084508 0.4518079096045198 0.7019014084507043 0.39638418079096044 0.7013380281690141 0.37384180790960453 0.7001760563380282 0.3616384180790961 0.6978169014084508 0.3334463276836158 0.6978169014084508 0.32875706214689265 0.6556690140845071 0.3277966101694915 0.6404225352112676 0.34468926553672313
3 0.5672535211267605 0.5137853107344633 0.5742605633802818 0.6143502824858756 0.5871478873239436 0.6453107344632768 0.604718309859155 0.6678531073446328 0.6234507042253521 0.6612994350282486 0.6328169014084507 0.6490960451977401 0.6369366197183098 0.6274576271186441 0.6410211267605634 0.6020903954802259 0.6426056338028169 0.5429378531073445 0.6341549295774648 0.5220338983050847 0.6316901408450705 0.5101694915254237 0.6146830985915492 0.5062711864406779
3 0.814330985915493 0.3109039548022599 0.8190140845070423 0.36350282485875707 0.8219366197183099 0.38790960451977397 0.8266197183098591 0.38790960451977397 0.8483098591549295 0.35033898305084743 0.8494718309859155 0.3315819209039548 0.8494718309859155 0.316497175141243
3 0.39394366197183095 0.3559887005649717 0.39394366197183095 0.4743502824858757 0.4056338028169014 0.5090395480225989 0.4292253521126761 0.5152542372881356 0.48644366197183103 0.5128813559322034 0.4999295774647887 0.5035028248587571 0.5057746478873238 0.49124293785310735 0.5057746478873238 0.4630508474576271 0.5052816901408451 0.36553672316384184
3 0.2504929577464789 0.341864406779661 0.25401408450704227 0.35689265536723164 0.2469718309859155 0.38508474576271184 0.276830985915493 0.4433333333333333 0.2944014084507042 0.4442937853107345 0.3108098591549296 0.40485875706214686 0.31197183098591547 0.3390960451977401
3 0.1527112676056338 0.3184180790960452 0.1620774647887324 0.36067796610169495 0.17320422535211266 0.3794915254237288 0.18257042253521127 0.39355932203389826 0.19661971830985916 0.38508474576271184 0.19429577464788733 0.3644632768361582 0.18841549295774648 0.32310734463276836