3 0.8489818181818182 0.32202185792349725 0.8624727272727273 0.29633879781420763 0.8750909090909091 0.2746994535519126 0.9002909090909091 0.2246448087431694 0.9192 0.27606557377049185 0.9228000000000001 0.35857923497267763 0.9164727272727273 0.4627322404371585 0.9029818181818181 0.5263387978142076 0.8867636363636364 0.5939344262295082 0.8651636363636364 0.6007103825136613 0.8435636363636363 0.5804371584699454 0.8381818181818181 0.5777049180327869 0.8552727272727272 0.5587978142076503 0.8687636363636364 0.5060109289617486 0.8588727272727272 0.42081967213114757
3 0.7652363636363636 0.6223497267759562 0.7697454545454546 0.7021857923497268 0.7751636363636363 0.7928415300546449 0.8021454545454546 0.8537158469945355 0.8300727272727273 0.8604371584699454 0.8381818181818181 0.8320765027322405 0.8408727272727273 0.7806557377049181 0.8417818181818182 0.5831147540983607 0.8327636363636364 0.5763934426229509 0.8174545454545455 0.6007103825136613
3 0.11796363636363635 0.6372677595628415 0.1134909090909091 0.7495081967213114 0.1134909090909091 0.822568306010929 0.13327272727272726 0.8780327868852459 0.1729090909090909 0.9104918032786885 0.2134181818181818 0.8834426229508197 0.2269090909090909 0.8591256830601093 0.24399999999999997 0.8293442622950821 0.2512 0.8090710382513662 0.2629090909090909 0.7684699453551912 0.2692 0.7427868852459016 0.27643636363636365 0.6602185792349726 0.27643636363636365 0.6493989071038252 0.2305090909090909 0.619672131147541 0.2008 0.5628415300546448
3 0.580690909090909 0.41672131147540986 0.5942181818181818 0.3774863387978142 0.6176 0.34775956284153003 0.6419272727272727 0.3233879781420765 0.6707272727272727 0.2895628415300547 0.6959272727272727 0.27737704918032785 0.7211272727272727 0.29360655737704916 0.7427272727272727 0.34775956284153003 0.7562545454545454 0.3978142076502732 0.7652363636363636 0.5006010928961748 0.7643636363636364 0.5492896174863388 0.7607272727272727 0.6034426229508197 0.7607272727272727 0.6507650273224044 0.7472363636363637 0.69 0.6968363636363636 0.6994535519125683 0.6590181818181818 0.7048633879781421 0.6058909090909091 0.703551912568306 0.596909090909091 0.6859562841530055 0.6005090909090909 0.6426775956284153
3 0.27730909090909095 0.6548087431693989 0.27192727272727274 0.738688524590164 0.27552727272727273 0.767103825136612 0.29083636363636367 0.8279781420765028 0.2953090909090909 0.8577595628415301 0.30072727272727273 0.8929508196721311 0.32232727272727274 0.9159016393442624 0.3367272727272727 0.9172677595628416 0.36912727272727275 0.913224043715847 0.39345454545454545 0.8712568306010929 0.41414545454545454 0.8036612021857923 0.4222545454545455 0.7576502732240438 0.42676363636363635 0.7278688524590163 0.42767272727272726 0.7021857923497268 0.40603636363636364 0.6791803278688525 0.3799272727272727 0.6223497267759562 0.35563636363636364 0.6372677595628415 0.3205454545454546 0.6521311475409837
3 0.7562545454545454 0.3856284153005464 0.7616363636363636 0.44786885245901636 0.7643636363636364 0.4951912568306011 0.7643636363636364 0.6223497267759562 0.8147636363636364 0.6047540983606557 0.8606545454545454 0.542568306010929 0.8687636363636364 0.5060109289617486 0.8453818181818181 0.32202185792349725 0.8183636363636364 0.2246448087431694 0.8030545454545455 0.23005464480874319 0.7823636363636364 0.3098360655737705
3 0.6770181818181819 0.7170491803278688 0.6770181818181819 0.7968852459016394 0.6968363636363636 0.8699453551912568 0.7355272727272728 0.9050819672131147 0.7562545454545454 0.8685792349726775 0.7688363636363637 0.815792349726776 0.7706545454545455 0.7765573770491804 0.7634545454545454 0.6521311475409837 0.7454545454545455 0.69 0.6752363636363636 0.7062295081967214
3 0.5725818181818182 0.711639344262295 0.5761818181818181 0.7887431693989071 0.580690909090909 0.8415300546448088 0.5950909090909091 0.8685792349726775 0.6104 0.8848087431693988 0.6239272727272728 0.8861748633879781 0.632909090909091 0.8848087431693988 0.6410181818181818 0.8793989071038252 0.65 0.8618032786885247 0.6662181818181818 0.8253005464480875 0.6770181818181819 0.794153005464481 0.6779272727272727 0.7846994535519125 0.6752363636363636 0.7062295081967214 0.6050181818181818 0.7008196721311475 0.596909090909091 0.6873224043715848
3 0.0036363636363636364 0.5371584699453552 0.013563636363636363 0.5330601092896174 0.024363636363636365 0.542568306010929 0.055854545454545455 0.6074863387978142 0.10447272727272727 0.6453551912568306 0.1170909090909091 0.6791803278688525 0.11076363636363637 0.7738797814207651 0.06938181818181817 0.8185245901639344 0.000036363636363636364 0.864535519125683 0 0.8644262295081967 0 0.5417486338797814
3 0.4276363636363636 0.7251366120218579 0.43305454545454547 0.7846994535519125 0.4519636363636364 0.8374863387978142 0.4582545454545454 0.8848087431693988 0.47716363636363635 0.9321311475409837 0.49156363636363637 0.921311475409836 0.5149818181818182 0.8996721311475409 0.524 0.8726229508196721 0.5518909090909091 0.8049726775956284 0.5545818181818182 0.7968852459016394 0.5607272727272727 0.7601092896174864 0.5689818181818181 0.7251912568306011 0.5671999999999999 0.7143715846994535 0.4807636363636364 0.726502732240437 0.43018181818181817 0.6967213114754098
3 0.41865454545454545 0.33825136612021856 0.3952363636363636 0.42081967213114757 0.3880363636363636 0.4532786885245902 0.38443636363636363 0.4979234972677596 0.3835636363636364 0.6237158469945355 0.40800000000000003 0.6819672131147541 0.4798545454545455 0.726502732240437 0.5653818181818181 0.7130054644808742 0.596909090909091 0.6859562841530055 0.6022909090909091 0.641311475409836 0.596909090909091 0.5885245901639344 0.5905454545454546 0.5278688524590164 0.5843636363636363 0.4655737704918033 0.5833818181818182 0.42754098360655735 0.5681090909090909 0.3774863387978142 0.542 0.3166120218579235 0.5276 0.30038251366120217 0.5095636363636363 0.29770491803278687 0.5023636363636363 0.29360655737704916 0.4384727272727273 0.3017486338797814
3 0.2818181818181818 0.2273224043715847 0.24399999999999997 0.2801092896174863 0.2296 0.35043715846994533 0.1945090909090909 0.466775956284153 0.1945090909090909 0.5168306010928961 0.1998909090909091 0.5546994535519126 0.21159999999999998 0.5818032786885245 0.22869090909090908 0.6155737704918033 0.24760000000000001 0.6304918032786885 0.28363636363636363 0.6521311475409837 0.3376363636363636 0.6467213114754098 0.35654545454545455 0.6359016393442624 0.38534545454545455 0.6142622950819672 0.38443636363636363 0.5601092896174863 0.38443636363636363 0.45191256830601095 0.3772363636363636 0.42349726775956287 0.36374545454545454 0.34234972677595626 0.32323636363636365 0.26114754098360654
3 0.06036363636363637 0.2665573770491803 0.025236363636363637 0.3531693989071038 0.019854545454545455 0.4180874316939891 0.024363636363636365 0.5357923497267759 0.05945454545454546 0.6047540983606557 0.10447272727272727 0.6426775956284153 0.1396 0.6223497267759562 0.1972 0.5655191256830601 0.1936 0.45191256830601095 0.1936 0.4180874316939891 0.13596363636363637 0.3071584699453552 0.10716363636363636 0.26792349726775955