3 0.30482 0.16419306184012067 0.30482 0.2007239819004525 0.3108 0.22880844645550527 0.3302 0.23785822021116138 0.355 0.2333333333333333 0.373 0.2244343891402715 0.38 0.2119155354449472 0.36798000000000003 0.20529411764705885 0.36278 0.19419306184012067 0.36019999999999996 0.1804977375565611 0.35586 0.17070889894419308 0.34722000000000003 0.15962292609351433 0.33856 0.1517948717948718 0.32558 0.1478733031674208 0.31088 0.15244343891402715
3 0.51412 0.2206636500754148 0.51462 0.23463046757164405 0.51462 0.2584162895927602 0.51462 0.26861236802413274 0.51762 0.28182503770739065 0.5281399999999999 0.28785822021116136 0.5516599999999999 0.28823529411764703 0.5922200000000001 0.285972850678733 0.59872 0.2795625942684766 0.58772 0.26407239819004524 0.5777 0.23199095022624436 0.5732 0.2255656108597285 0.5687000000000001 0.2206636500754148 0.55368 0.21536953242835594
3 0.44804 0.2244343891402715 0.44654000000000005 0.2497285067873303 0.45004 0.26748114630467573 0.45254 0.2742684766214178 0.46056 0.28295625942684766 0.48458 0.2874811463046757 0.5011 0.28785822021116136 0.50762 0.28031674208144797 0.50912 0.2701206636500754 0.51462 0.2569079939668175 0.51562 0.2365158371040724 0.51562 0.2259426847662142 0.51262 0.2195324283559578 0.48058 0.22141779788838614 0.46206 0.22217194570135748
3 0.38095999999999997 0.13547511312217195 0.35846 0.16809954751131223 0.35932 0.1804977375565611 0.36278 0.1955052790346908 0.36712 0.2039819004524887 0.37316000000000005 0.20855203619909504 0.3896 0.21312217194570138 0.43977999999999995 0.21312217194570138 0.4564 0.2085972850678733 0.4572 0.19155354449472098 0.45882 0.17266968325791857 0.45622 0.15766214177978885 0.45276 0.14135746606334842 0.44583999999999996 0.13156862745098039 0.4268 0.12438914027149321 0.4147 0.1230920060331825 0.40518 0.12177978883861236 0.38788 0.12570135746606334
3 0.58478 0.1996229260935143 0.60712 0.20396681749622925 0.6126 0.21372549019607842 0.6254 0.22579185520361988 0.6416000000000001 0.2259426847662142 0.652 0.21085972850678736 0.65326 0.19690799396681752 0.65398 0.18331825037707392 0.6547000000000001 0.16918552036199094 0.64822 0.1561236802413273 0.6439 0.1463499245852187 0.62154 0.13981900452488688 0.6129 0.14906485671191552 0.62082 0.16211161387631975 0.6266 0.17352941176470588 0.6266 0.18331825037707392 0.61578 0.18929110105580693 0.5804600000000001 0.19690799396681752
3 0.55484 0.12438914027149321 0.54618 0.15048265460030166 0.54446 0.15766214177978885 0.5531 0.1817948717948718 0.58166 0.1955052790346908 0.61452 0.1902865761689291 0.62578 0.18114630467571644 0.62578 0.17070889894419308 0.61798 0.16223227752639519 0.6119199999999999 0.14918552036199095 0.59376 0.12895927601809956 0.58684 0.12048265460030165 0.57474 0.1146003016591252
3 0.27336 0.2490950226244344 0.26830000000000004 0.2795475113122172 0.27768 0.2828054298642534 0.30507999999999996 0.2871493212669683 0.32958 0.2893212669683258 0.32958 0.28009049773755657 0.32598 0.2681297134238311 0.3231 0.2567119155354449 0.3231 0.24855203619909502 0.3267 0.2403921568627451 0.31516000000000005 0.2338763197586727 0.29642 0.2355052790346908 0.28632 0.2371342383107089
3 0.3887 0.22788838612368026 0.39158 0.23441930618401205 0.39662000000000003 0.2523529411764706 0.39806 0.26704374057315233 0.40022 0.282262443438914 0.42906 0.2909653092006033 0.46077999999999997 0.28497737556561087 0.45142000000000004 0.2735595776772247 0.44636000000000003 0.25018099547511313 0.44780000000000003 0.24147812971342383 0.44926 0.22408748114630467 0.44926 0.22028657616892913 0.43772000000000005 0.21974358974358973 0.40672 0.22354449472096533
3 0.63026 0.24294117647058822 0.63328 0.23802413273001508 0.64578 0.23500754147812972 0.6587999999999999 0.23726998491704374 0.6678200000000001 0.2497285067873303 0.67232 0.2595475113122172 0.67432 0.27087481146304676 0.6738200000000001 0.2784313725490196 0.6688200000000001 0.284841628959276 0.63126 0.2897435897435897 0.63176 0.2784313725490196 0.63428 0.2546455505279035
3 0.23562 0.21180995475113124 0.25032 0.24704374057315232 0.27196 0.24704374057315232 0.29704 0.2307390648567119 0.30742 0.21767722473604825 0.30395999999999995 0.188974358974359 0.28146 0.17592760180995476 0.27282 0.17135746606334842 0.25898000000000004 0.17788838612368024 0.24946000000000002 0.188974358974359 0.24168 0.19941176470588237
3 0.32598 0.24147812971342383 0.32526 0.2567119155354449 0.32886000000000004 0.27247360482654603 0.3339 0.2876923076923077 0.37356 0.2898793363499246 0.39518000000000003 0.2893212669683258 0.39662000000000003 0.2713876319758673 0.39733999999999997 0.2561689291101056 0.39374000000000003 0.2355052790346908 0.38726 0.23170437405731525 0.3649 0.2284313725490196
3 0.5932200000000001 0.21273001508295625 0.5822 0.2217948717948718 0.5787 0.22707390648567122 0.5767 0.2353846153846154 0.5862200000000001 0.2561538461538462 0.5922200000000001 0.26823529411764707 0.60074 0.2788084464555053 0.59672 0.2852187028657617 0.61926 0.2874811463046757 0.63126 0.2863499245852187 0.63226 0.26256410256410256 0.63278 0.25502262443438917 0.62826 0.24369532428355956 0.62476 0.23425339366515838 0.62076 0.22631975867269988 0.61024 0.21612368024132728 0.60374 0.21046757164404223
3 0.45448 0.15962292609351433 0.45968000000000003 0.1720211161387632 0.4566 0.20829562594268475 0.4606 0.21644042232277527 0.46746 0.22159879336349922 0.494 0.22081447963800907 0.5444 0.21644042232277527 0.5531 0.20594268476621416 0.55396 0.1870286576168929 0.5505 0.1752790346907994 0.54272 0.15701357466063348 0.5357999999999999 0.14265460030165913 0.52888 0.13417797888386124 0.50726 0.12374057315233787 0.48907999999999996 0.12374057315233787 0.48216000000000003 0.1263499245852187 0.4666 0.14004524886877828