3 0.8904065040650406 0.2830120481927711 0.9398780487804879 0.3083734939759036 0.9620325203252033 0.2764457831325301 0.9683739837398374 0.23138554216867468 0.9760162601626016 0.13180722891566266 0.9747154471544716 0.10174698795180723 0.9626829268292683 0.09325301204819278 0.9423983739837399 0.09981927710843373 0.9227642276422764 0.13740963855421687 0.9011788617886178 0.16186746987951808 0.8935772357723577 0.2708433734939759
3 0.8935772357723577 0.2980722891566265 0.9081707317073171 0.4070481927710843 0.9569918699186991 0.4606024096385542 0.9817073170731707 0.4615060240963855 0.9975609756097561 0.42771084337349397 0.993739837398374 0.37512048192771086 0.9848780487804878 0.33566265060240963 0.9772764227642277 0.3046385542168675 0.9671138211382113 0.281144578313253 0.9626829268292683 0.27740963855421685 0.9398780487804879 0.3074698795180723 0.8935772357723577 0.2868072289156626
3 0.4686991869918699 0.3740963855421687 0.4770731707317073 0.3957831325301205 0.4948373983739838 0.4427108433734939 0.5265447154471544 0.4821686746987952 0.5708943089430895 0.4887951807228916 0.5759756097560975 0.47843373493975905 0.5861382113821139 0.41457831325301203 0.5861382113821139 0.3318674698795181 0.5252845528455284 0.32813253012048194 0.4865853658536585 0.3093373493975904 0.46991869918699186 0.3006024096385542
3 0.0884959349593496 0.05566265060240964 0.0884959349593496 0.09704819277108434 0.09861788617886179 0.1402409638554217 0.10304878048780489 0.28771084337349395 0.11130081300813008 0.2933734939759036 0.13158536585365851 0.2980722891566265 0.16837398373983742 0.2858433734939759 0.17341463414634145 0.2623493975903614 0.1696341463414634 0.24548192771084337 0.16203252032520324 0.19566265060240962 0.15886178861788616 0.15716867469879517 0.15695121951219512 0.13740963855421687 0.15186991869918698 0.11957831325301206 0.1404471544715447 0.09981927710843373 0.12146341463414634 0.08012048192771085 0.11195121951219512 0.062289156626506026
3 0.6995934959349593 0.30662650602409636 0.7135365853658536 0.3939156626506024 0.7439837398373984 0.44554216867469876 0.7851626016260163 0.49722891566265065 0.8048373983739838 0.48313253012048196 0.8023170731707318 0.3957831325301205 0.8060975609756098 0.3684939759036145 0.8041869918699187 0.3224698795180723 0.8010162601626016 0.29993975903614456 0.7870731707317074 0.28397590361445785
3 0.283739837398374 0.12518072289156626 0.29516260162601626 0.2492168674698795 0.3091056910569106 0.2952409638554217 0.36056910569105693 0.3216867469879518 0.4339837398373984 0.3159036144578313 0.45426829268292684 0.2933734939759036 0.46422764227642277 0.2746987951807229 0.46585365853658534 0.21144578313253012 0.4650406504065041 0.16927710843373495 0.45678861788617886 0.1355421686746988 0.44410569105691056 0.09608433734939759 0.42321138211382114 0.06602409638554217 0.3971951219512195 0.05096385542168675 0.371869918699187 0.03313253012048193 0.34841463414634144 0.03216867469879518 0.3243089430894309 0.04349397590361446 0.3059349593495935 0.0594578313253012
3 0.8010162601626016 0.29620481927710846 0.8093495934959349 0.38373493975903616 0.8523983739837399 0.4333734939759036 0.8834552845528456 0.4746987951807229 0.8986585365853659 0.4756024096385542 0.9113414634146342 0.4183132530120482 0.8910569105691056 0.28957831325301203 0.8834552845528456 0.29240963855421687 0.8226016260162602 0.3036746987951807 0.7902439024390244 0.2819277108433735
3 0.5867479674796748 0.33843373493975903 0.5854878048780487 0.41548192771084336 0.6495121951219512 0.45777108433734937 0.6939024390243902 0.44837349397590365 0.7129268292682926 0.41078313253012044 0.7116260162601626 0.3778915662650602 0.7002439024390243 0.3093373493975904 0.6457317073170732 0.27927710843373493 0.6336585365853659 0.27927710843373493 0.6178048780487805 0.31216867469879517 0.5854878048780487 0.3309638554216867
3 0.697560975609756 0.11746987951807229 0.6628455284552845 0.15150602409638553 0.6565040650406504 0.1627710843373494 0.6489024390243903 0.23042168674698796 0.6476016260162601 0.27740963855421685 0.6959349593495935 0.3096385542168675 0.7089430894308943 0.30180722891566264 0.7832926829268293 0.2868072289156626 0.7928048780487805 0.20319277108433734 0.7908943089430894 0.12987951807228915 0.7819918699186992 0.1130120481927711 0.7680487804878049 0.09795180722891567 0.7401626016260163 0.09795180722891567 0.7135365853658536 0.10451807228915663
3 0.03943089430894309 0.08 0.04829268292682927 0.16740963855421687 0.0533739837398374 0.21343373493975903 0.06792682926829269 0.26506024096385544 0.07552845528455283 0.29048192771084336 0.10215447154471545 0.2810843373493976 0.09963414634146342 0.22373493975903616 0.09902439024390243 0.18710843373493974 0.09711382113821139 0.14012048192771084 0.08886178861788617 0.0969277108433735 0.07552845528455283 0.08186746987951807 0.054634146341463415 0.06499999999999999
3 0.35853658536585364 0.32349397590361445 0.36044715447154474 0.3863855421686747 0.3667886178861789 0.41734939759036144 0.39910569105691057 0.4812650602409639 0.41878048780487803 0.49253012048192774 0.43841463414634146 0.47843373493975905 0.45109756097560977 0.4371084337349398 0.4574390243902439 0.4023493975903615 0.46186991869918703 0.3572289156626506 0.46186991869918703 0.2764457831325301 0.45869918699186996 0.2905421686746988 0.43142276422764225 0.3187349397590361
3 0.10939024390243902 0.29993975903614456 0.10560975609756097 0.34126506024096387 0.10560975609756097 0.3591566265060241 0.10747967479674797 0.3929518072289157 0.11638211382113821 0.4493373493975904 0.13727642276422766 0.40795180722891566 0.1486991869918699 0.3863855421686747 0.16264227642276421 0.3684939759036145 0.17280487804878047 0.34879518072289156 0.17597560975609755 0.2858433734939759 0.13158536585365851 0.29993975903614456 0.11321138211382115 0.2952409638554217
3 0.46630081300813003 0.1674698795180723 0.464390243902439 0.27927710843373493 0.4758130081300813 0.3046385542168675 0.5271544715447155 0.32626506024096386 0.5823170731707317 0.3309638554216867 0.6165447154471544 0.31403614457831325 0.6330487804878049 0.274578313253012 0.641260162601626 0.23325301204819276 0.6463414634146342 0.19 0.6482520325203251 0.13457831325301206 0.6469918699186992 0.09608433734939759 0.6254471544715448 0.06036144578313253 0.595 0.04909638554216868 0.5658536585365853 0.04536144578313253 0.5563414634146342 0.047228915662650604 0.5309756097560976 0.06132530120481928 0.505609756097561 0.08855421686746988 0.4783739837398374 0.12614457831325301
3 0.06121951219512195 0.2736144578313253 0.054878048780487805 0.3168674698795181 0.049796747967479675 0.3525301204819277 0.05361788617886179 0.3807228915662651 0.09544715447154471 0.38451807228915663 0.10569105691056911 0.3795180722891566 0.10609756097560977 0.32831325301204817 0.10609756097560977 0.30542168674698794 0.10369918699186992 0.2933734939759036 0.1 0.28012048192771083 0.07560975609756099 0.29156626506024097 0.06373983739837398 0.25765060240963855
3 0.25646341463414635 0.2971084337349398 0.25585365853658537 0.4136144578313253 0.2602845528455285 0.44367469879518073 0.2780487804878049 0.4512048192771085 0.3091056910569106 0.45403614457831326 0.3401626016260163 0.4446385542168675 0.34268292682926826 0.4399397590361446 0.35284552845528455 0.40891566265060236 0.36044715447154474 0.378855421686747 0.35772357723577236 0.3180722891566265 0.3103658536585366 0.29620481927710846 0.29516260162601626 0.2501807228915663 0.27231707317073167 0.274578313253012
3 0.16646341463414635 0.1110843373493976 0.1575609756097561 0.14867469879518072 0.16898373983739837 0.23512048192771084 0.18166666666666667 0.272710843373494 0.22983739837398373 0.2971084337349398 0.26089430894308946 0.29240963855421687 0.2729674796747968 0.27174698795180724 0.2945121951219512 0.2492168674698795 0.283739837398374 0.13373493975903614 0.2583739837398374 0.09795180722891567 0.24569105691056908 0.09795180722891567 0.2051219512195122 0.09981927710843373 0.18101626016260164 0.10174698795180723
3 0.17658536585365853 0.2868072289156626 0.1740650406504065 0.3816867469879518 0.17788617886178862 0.41457831325301203 0.18483739837398375 0.4324096385542169 0.195 0.42957831325301205 0.20638211382113822 0.4117469879518072 0.24060975609756097 0.3769879518072289 0.24126016260162603 0.3760240963855422 0.24378048780487804 0.2971084337349398 0.2330081300813008 0.2980722891566265 0.18166666666666667 0.2736144578313253
3 0.7883333333333333 0.2830120481927711 0.8226016260162602 0.30090361445783137 0.8834552845528456 0.29427710843373495 0.8942276422764227 0.26987951807228916 0.9011788617886178 0.14493975903614456 0.902479674796748 0.07542168674698795 0.8884959349593495 0.04536144578313253 0.8447560975609756 0.09234939759036144 0.814349593495935 0.13180722891566266 0.7921544715447154 0.1580722891566265 0.7934959349593496 0.20963855421686745 0.7845528455284553 0.27831325301204823