3 0.3005647840531561 0.3061 0.2870764119601329 0.35345 0.2816943521594685 0.3778 0.2790033222591362 0.42515000000000003 0.27810631229235877 0.44815 0.30504983388704315 0.44275 0.3320265780730897 0.45354999999999995 0.34219269102990035 0.4775 0.3508970099667774 0.4752 0.3679734219269103 0.45765 0.3706644518272425 0.45085000000000003 0.3706644518272425 0.4211 0.3697674418604651 0.3846 0.3652823920265781 0.3616 0.3554152823920266 0.34130000000000005 0.3482059800664452 0.32775 0.3356146179401993 0.31425000000000003 0.3230232558139535 0.30205
3 0.6328239202657807 0.4874 0.6440863787375416 0.57645 0.6545514950166114 0.62495 0.6762790697674419 0.6711499999999999 0.690531561461794 0.7061 0.704750830564784 0.7106 0.719734219269103 0.71625 0.7227242524916944 0.6531 0.733953488372093 0.5945 0.7414617940199336 0.5652 0.7421926910299004 0.46485 0.7324584717607974 0.45354999999999995 0.6927574750830565 0.45020000000000004 0.6845182724252491 0.44905 0.632093023255814 0.48064999999999997
3 0.5693355481727574 0.31829999999999997 0.5495681063122924 0.43465000000000004 0.5495681063122924 0.47655000000000003 0.5621262458471761 0.48605 0.59 0.48064999999999997 0.6250498338870432 0.4752 0.6349501661129568 0.4752 0.6502325581395348 0.46845 0.6897674418604651 0.44815 0.6897674418604651 0.44815 0.6870764119601329 0.41840000000000005 0.6825913621262458 0.3873 0.6735880398671097 0.3521 0.6646179401993356 0.33045 0.6448504983388704 0.298 0.6358471760797342 0.2899 0.6178737541528239 0.2858 0.5873089700996678 0.29125
3 0.7421926910299004 0.46145 0.7406976744186046 0.5753 0.7976411960132891 0.7071999999999999 0.8215946843853821 0.72075 0.836578073089701 0.69935 0.8261129568106312 0.6159 0.8208637873754153 0.4964 0.7916279069767442 0.44345 0.7789036544850498 0.39045 0.7691694352159468 0.40850000000000003 0.7414617940199336 0.44455
3 0.3441860465116279 0.48 0.3467109634551495 0.5539000000000001 0.353421926910299 0.6396000000000001 0.3549501661129568 0.6981999999999999 0.3699003322259136 0.71625 0.3923920265780731 0.7264 0.40661129568106313 0.69145 0.42159468438538206 0.6486 0.42910299003322255 0.62605 0.43807308970099673 0.6024 0.4433222591362126 0.4964 0.43508305647840534 0.47609999999999997 0.3751495016611296 0.4592 0.3646843853820598 0.4592
3 0.8677740863787375 0.47655000000000003 0.9135880398671097 0.5848 0.9351827242524917 0.60645 0.9333887043189368 0.5347500000000001 0.91 0.48605 0.9064119601328903 0.4414 0.8857475083056479 0.436 0.873156146179402 0.4157 0.8704651162790698 0.4549 0.8623588039867109 0.47385
3 0.12348837209302325 0.3007 0.08395348837209302 0.4035 0.08574750830564784 0.45765 0.10192691029900332 0.49685 0.11129568106312292 0.494 0.13322259136212625 0.489 0.1418604651162791 0.48100000000000004 0.16395348837209303 0.4522 0.16485049833887042 0.44815 0.17830564784053157 0.36565 0.17561461794019934 0.33995 0.15764119601328905 0.3129
3 0.20079734219269102 0.31155 0.17920265780730896 0.35615 0.16485049833887042 0.45354999999999995 0.17202657807308971 0.4901 0.17561461794019934 0.50225 0.18461794019933556 0.48605 0.1972093023255814 0.4779 0.23674418604651165 0.48064999999999997 0.2511295681063123 0.48469999999999996 0.2601328903654485 0.49145000000000005 0.27179401993355484 0.45899999999999996 0.27810631229235877 0.44275 0.27810631229235877 0.40485 0.2790033222591362 0.36700000000000005 0.25830564784053156 0.344 0.24395348837209305 0.32909999999999995 0.23315614617940203 0.31829999999999997
3 0.9028239202657807 0.25875 0.8758471760797342 0.2926 0.8713621262458471 0.31015 0.8713621262458471 0.344 0.8722591362126246 0.3981 0.8785382059800665 0.42245 0.8911295681063124 0.4387 0.9333887043189368 0.44545 0.9459468438538207 0.4414 0.9486710963455149 0.41165 0.9495681063122924 0.37105 0.9495681063122924 0.32775 0.9414617940199336 0.31829999999999997 0.9342857142857144 0.30879999999999996
3 0.5444518272425249 0.49305 0.5451827242524917 0.5866 0.5556810631229235 0.65875 0.5766445182724252 0.71175 0.5998671096345515 0.7095 0.621594684385382 0.68805 0.6291029900332227 0.6531 0.6335880398671097 0.59 0.636578073089701 0.5663 0.6335880398671097 0.484 0.6245847176079734 0.47275 0.5646843853820598 0.48515 0.5451827242524917 0.47950000000000004
3 0.2590697674418605 0.4919 0.24255813953488373 0.546 0.23883720930232558 0.62605 0.2358471760797342 0.6981999999999999 0.2358471760797342 0.7343000000000001 0.24780730897009967 0.74555 0.26803986710963457 0.74105 0.2845182724252492 0.71735 0.29877076411960135 0.6981999999999999 0.33996677740863784 0.599 0.34445182724252493 0.5629 0.34445182724252493 0.5404 0.34219269102990035 0.47950000000000004 0.33222591362126247 0.455 0.3047508305647841 0.44005000000000005 0.27704318936877076 0.44795
3 0.40395348837209305 0.30879999999999996 0.3742857142857143 0.43329999999999996 0.3724916943521595 0.46035 0.3778737541528239 0.46035 0.43631229235880403 0.47385 0.4551827242524917 0.48605 0.48485049833887045 0.47385 0.5199003322259137 0.4779 0.5172093023255814 0.44545 0.51 0.4103 0.5046179401993355 0.36700000000000005 0.5028239202657807 0.33725 0.49023255813953487 0.31829999999999997 0.4740531561461794 0.30205 0.4551827242524917 0.29395 0.43631229235880403 0.29664999999999997
3 0.9073089700996678 0.44815 0.9108970099667775 0.48605 0.9324916943521595 0.5347500000000001 0.9405647840531562 0.5415 0.9855149501661129 0.55505 0.99 0.51715 0.981029900332226 0.48605 0.9738205980066446 0.45765 0.9666445182724251 0.43195 0.9594352159468439 0.41975 0.9522591362126246 0.41435 0.9441528239202658 0.44409999999999994 0.9073089700996678 0.44409999999999994
3 0.17126245847176078 0.50735 0.1660797342192691 0.55355 0.1567109634551495 0.58015 0.13322259136212625 0.631 0.13222591362126246 0.6515000000000001 0.1379734219269103 0.6709499999999999 0.14421926910299002 0.7077500000000001 0.16398671096345516 0.72265 0.17438538205980067 0.7101000000000001 0.21079734219269103 0.66155 0.2191362126245847 0.64515 0.23837209302325582 0.6334000000000001 0.24096345514950165 0.54725 0.25813953488372093 0.49405 0.25136212624584714 0.48619999999999997 0.23784053156146182 0.4815 0.19727574750830565 0.47914999999999996 0.18478405315614618 0.48774999999999996
3 0.10209302325581396 0.5003 0.0859468438538206 0.57625 0.08179401993355483 0.63105 0.0901328903654485 0.6553 0.09843853820598006 0.6545000000000001 0.1286046511627907 0.6373 0.13754152823920265 0.616 0.14883720930232558 0.5965 0.1660797342192691 0.5504 0.17126245847176078 0.50815 0.166578073089701 0.4964 0.15564784053156147 0.49479999999999996 0.14109634551495015 0.48855 0.13069767441860466 0.48855 0.11767441860465117 0.49090000000000006
3 0.8497674418604652 0.2439 0.8156146179401993 0.28175 0.7994352159468439 0.30475 0.7778737541528239 0.35479999999999995 0.7805647840531561 0.38865 0.7922591362126246 0.44275 0.8228239202657807 0.4982 0.8407973421926911 0.47924999999999995 0.8542857142857142 0.47385 0.8641528239202658 0.47115 0.8713621262458471 0.4495 0.873156146179402 0.43055 0.8704651162790698 0.39135 0.8686710963455151 0.34804999999999997 0.8695681063122924 0.32775
3 0.446312292358804 0.49865000000000004 0.446312292358804 0.60575 0.4583056478405315 0.68355 0.4740199335548173 0.7297499999999999 0.4882724252491694 0.73315 0.52421926910299 0.6903 0.5324584717607974 0.6204 0.5414617940199336 0.59675 0.5414617940199336 0.58435 0.5421926910299003 0.5494 0.5421926910299003 0.48965000000000003 0.5257142857142857 0.47609999999999997 0.49053156146179405 0.475 0.44481727574750823 0.4885
3 0.8210299003322259 0.4955 0.8282059800664452 0.61725 0.8641528239202658 0.647 0.8983388704318936 0.7132999999999999 0.9108970099667775 0.71195 0.9207973421926912 0.6768000000000001 0.9216943521594685 0.6605500000000001 0.916312292358804 0.58885 0.8704651162790698 0.4779 0.8569767441860465 0.4752 0.8399003322259136 0.48200000000000004
3 0.6996677740863787 0.3034 0.6879734219269104 0.38325000000000004 0.6870764119601329 0.41840000000000005 0.693388704318937 0.4414 0.6969767441860465 0.4495 0.7329235880398671 0.4522 0.7410299003322259 0.46035 0.7395348837209302 0.445 0.7670764119601329 0.41435 0.7742857142857142 0.3954 0.7751827242524917 0.37105 0.7733887043189368 0.3345 0.7634883720930232 0.31425000000000003 0.7446179401993356 0.2953 0.7365116279069768 0.28855000000000003 0.7203322259136212 0.28445 0.7077740863787375 0.28175