3 0.5607272727272727 0.1521311475409836 0.5579999999999999 0.19557377049180327 0.5922181818181819 0.2481967213114754 0.6219272727272728 0.2481967213114754 0.6516363636363636 0.22923497267759566 0.6730909090909091 0.1983606557377049 0.676 0.17814207650273226 0.6669090909090909 0.1628415300546448 0.6523636363636364 0.14262295081967213 0.6381454545454546 0.12508196721311476 0.6246181818181819 0.11967213114754098 0.6102181818181819 0.11426229508196721 0.6021090909090909 0.11032786885245903
3 0.7767636363636364 0.8542622950819673 0.7677818181818181 0.8718032786885246 0.7614545454545455 0.9057923497267759 0.7650545454545454 0.936775956284153 0.7794545454545454 0.9760109289617487 0.8025454545454545 1 0.8037454545454545 1 0.847890909090909 0.9827322404371585 0.8992 0.9610928961748634 0.8982909090909091 0.923224043715847 0.9001090909090909 0.8501639344262296 0.8884 0.8124590163934426 0.8766909090909091 0.8001092896174863 0.8677090909090909 0.796174863387978 0.8605090909090909 0.7946994535519126 0.8442909090909091 0.8151366120218578 0.7848727272727273 0.8379781420765027
3 0.30952727272727276 0.23601092896174863 0.30505454545454547 0.1886338797814208 0.30683636363636363 0.16158469945355192 0.3230545454545455 0.1426775956284153 0.3419636363636364 0.12371584699453553 0.36174545454545454 0.1291256830601093 0.3824727272727273 0.15076502732240438 0.3941818181818182 0.1643169398907104 0.4022545454545455 0.17240437158469946 0.4148727272727273 0.19677595628415298 0.40858181818181816 0.22786885245901642 0.40858181818181816 0.23601092896174863 0.38065454545454547 0.28349726775956285 0.34465454545454544 0.28743169398907104 0.33654545454545454 0.28743169398907104 0.32756363636363633 0.2807650273224044
3 0.12029090909090909 0.9752459016393442 0.11490909090909092 0.9427868852459016 0.1041090909090909 0.8940983606557378 0.10949090909090908 0.8469945355191257 0.1257090909090909 0.8193989071038251 0.1473090909090909 0.806448087431694 0.16890909090909093 0.8275409836065574 0.18945454545454546 0.8340437158469945 0.24021818181818183 0.8648633879781421 0.2682909090909091 0.8940983606557378 0.2672 0.9297814207650273 0.25316363636363637 0.955792349726776 0.24130909090909092 0.9785245901639343 0.2250909090909091 0.9947540983606556 0.21807272727272728 1 0.1297090909090909 1
3 0.6885454545454546 0.183224043715847 0.6768363636363636 0.19557377049180327 0.6723272727272727 0.20486338797814208 0.6417454545454545 0.23327868852459016 0.6408363636363636 0.2576502732240437 0.6579272727272728 0.3212021857923497 0.6840363636363637 0.35234972677595633 0.7029454545454545 0.3618032786885246 0.7200727272727273 0.35502732240437157 0.7317454545454545 0.34153005464480873 0.7362545454545455 0.2726775956284153 0.7362545454545455 0.2414207650273224 0.7308727272727273 0.22109289617486338 0.7209454545454546 0.20218579234972678
3 0.6813454545454546 0.3631693989071038 0.6615272727272726 0.39426229508196725 0.6543272727272728 0.41863387978142075 0.6534545454545454 0.4402732240437158 0.6606545454545455 0.47830601092896174 0.6813454545454546 0.4999453551912568 0.6948363636363637 0.5092896174863388 0.7281454545454545 0.503879781420765 0.7578545454545454 0.49846994535519124 0.7767636363636364 0.47557377049180327 0.7785818181818183 0.45382513661202184 0.7767636363636364 0.42010928961748634 0.7695636363636363 0.3795081967213115 0.7605818181818181 0.3618032786885246 0.7452727272727272 0.35234972677595633 0.7335636363636363 0.34153005464480873 0.7209454545454546 0.35775956284153004 0.7038545454545455 0.3631693989071038 0.6885454545454546 0.35775956284153004
3 0.1808 0.6245901639344262 0.17432727272727272 0.6132240437158469 0.1678181818181818 0.5742622950819672 0.1678181818181818 0.5483060109289618 0.17 0.5304371584699453 0.1916 0.4996174863387979 0.20887272727272727 0.49311475409836064 0.2283272727272727 0.5190710382513661 0.30178181818181815 0.5337158469945356 0.30069090909090906 0.5515300546448088 0.2953090909090909 0.5807650273224044 0.2909818181818182 0.6148633879781421 0.28665454545454544 0.6230054644808743 0.2682909090909091 0.6489617486338798 0.2564 0.6538251366120219 0.2423636363636364 0.6570491803278689 0.2358909090909091 0.6619672131147541
3 0.21050909090909092 0.47950819672131145 0.2051272727272727 0.4362295081967213 0.2114181818181818 0.36868852459016394 0.22941818181818183 0.3631693989071038 0.2438181818181818 0.3672131147540984 0.30683636363636363 0.39426229508196725 0.3239636363636364 0.41322404371584703 0.3266545454545455 0.41743169398907104 0.33385454545454546 0.46327868852459014 0.32483636363636365 0.47409836065573774 0.3059636363636364 0.5053551912568306 0.29512727272727274 0.5119672131147541 0.2762545454545455 0.5255191256830601 0.22672727272727272 0.5161748633879781 0.2114181818181818 0.49573770491803276
3 0.49050909090909084 0.01819672131147541 0.49050909090909084 0.0655191256830601 0.49770909090909093 0.09262295081967213 0.5130181818181818 0.1426775956284153 0.5301090909090909 0.17928961748633881 0.5425454545454546 0.18469945355191256 0.5589090909090909 0.15349726775956285 0.5904363636363636 0.11967213114754098 0.612909090909091 0.09530054644808744 0.612909090909091 0.0655191256830601 0.612909090909091 0.03579234972677595 0.6075272727272727 0.02360655737704918 0.5985090909090909 0.01819672131147541 0.5832727272727273 0.01530054644808743 0.5643272727272727 0.011420765027322404 0.555309090909091 0.007377049180327869 0.4949818181818182 0.0007650273224043717
3 0.36534545454545453 0.12371584699453553 0.3563636363636364 0.05349726775956284 0.3644727272727273 0.03174863387978142 0.3905818181818182 0.01819672131147541 0.40585454545454547 0.014153005464480874 0.42836363636363634 0.011420765027322404 0.44189090909090906 0.0034426229508196723 0.46618181818181814 0.0007650273224043717 0.4733818181818182 0.03579234972677595 0.4752 0.07639344262295082 0.4652727272727273 0.11032786885245903 0.45898181818181816 0.13185792349726774 0.44727272727272727 0.15617486338797812 0.4355636363636364 0.17928961748633881 0.4202909090909091 0.1901639344262295
3 0.13218181818181818 0.8096721311475409 0.12461818181818184 0.7804371584699453 0.11490909090909092 0.7220218579234973 0.11923636363636363 0.663551912568306 0.13327272727272726 0.6359562841530054 0.16025454545454546 0.6245901639344262 0.21643636363636365 0.6473224043715846 0.2737090909090909 0.6765573770491803 0.2845090909090909 0.7220218579234973 0.2801818181818182 0.7544808743169399 0.27152727272727273 0.7739344262295081 0.2672 0.806448087431694 0.2521090909090909 0.8469945355191257 0.23374545454545456 0.858360655737705 0.2121090909090909 0.8437704918032787 0.2024 0.8437704918032787 0.16352727272727272 0.8259016393442622 0.1473090909090909 0.8031693989071038
3 0.7209454545454546 0.4999453551912568 0.6867636363636365 0.5539344262295082 0.6921454545454545 0.5782513661202185 0.7047636363636364 0.6149180327868853 0.7272727272727273 0.6296721311475411 0.7488727272727272 0.6350819672131147 0.7911636363636363 0.6230601092896174 0.815490909090909 0.61224043715847 0.8118909090909091 0.580983606557377 0.8181818181818182 0.5512021857923497 0.8163636363636364 0.5146994535519126 0.8082909090909091 0.49846994535519124 0.7938909090909091 0.48639344262295087 0.7830545454545454 0.47557377049180327 0.7560727272727272 0.5011475409836065
3 0.7407636363636364 0.6418579234972678 0.7173454545454546 0.693224043715847 0.7146545454545454 0.7298907103825136 0.7290545454545455 0.7744262295081967 0.7434545454545454 0.8178688524590163 0.7461454545454546 0.8217486338797814 0.7605818181818181 0.8407103825136611 0.8055636363636364 0.8271584699453552 0.8433818181818182 0.8136612021857924 0.8577818181818181 0.7934972677595629 0.8658909090909092 0.7662841530054644 0.8632 0.7298907103825136 0.8694909090909091 0.6947540983606557 0.8649818181818182 0.6661748633879782 0.8523999999999999 0.6257377049180328 0.8433818181818182 0.61224043715847 0.8344 0.6068306010928961 0.8289818181818182 0.6107103825136613 0.8163636363636364 0.6134426229508197
3 0.23483636363636362 0.3618032786885246 0.2321090909090909 0.29972677595628416 0.2384363636363636 0.25491803278688524 0.25374545454545455 0.21978142076502732 0.2726545454545455 0.20218579234972678 0.2906545454545455 0.2184153005464481 0.32574545454545456 0.2807650273224044 0.3302545454545454 0.3239344262295082 0.32843636363636364 0.34153005464480873 0.31494545454545453 0.37409836065573765 0.3014545454545455 0.38617486338797813