3 0.7796727272727273 0.3374863387978142 0.7786181818181819 0.38289617486338795 0.7864363636363637 0.4039890710382514 0.7947636363636363 0.4314207650273224 0.8057090909090909 0.43295081967213117 0.8161454545454545 0.4274863387978142 0.8307272727272726 0.4001092896174863 0.8312363636363637 0.37896174863387977 0.8296727272727272 0.3038251366120219 0.8249818181818181 0.2991256830601093
3 0.8548363636363637 0.16415300546448086 0.8386181818181818 0.17229508196721313 0.8260000000000001 0.22098360655737703 0.8242181818181818 0.27103825136612025 0.844 0.2967213114754098 0.8521090909090909 0.2845901639344262 0.8656363636363636 0.26289617486338795 0.8719272727272728 0.2534426229508197 0.8773090909090909 0.22234972677595627 0.8800363636363636 0.1817486338797814 0.8800363636363636 0.1709289617486339
3 0.3974909090909091 0.20202185792349725 0.4127272727272727 0.2540983606557377 0.4170909090909091 0.24426229508196723 0.42901818181818185 0.22639344262295083 0.42 0.1871584699453552
3 0.41134545454545457 0.2568306010928962 0.4129090909090909 0.3257377049180328 0.4254181818181818 0.3437158469945355 0.43425454545454545 0.3241530054644809 0.43530909090909087 0.30617486338797817 0.43425454545454545 0.2873770491803279 0.428 0.23098360655737707
3 0.4262909090909091 0.19120218579234974 0.4308 0.2358469945355191 0.4370909090909091 0.30491803278688523 0.4774545454545455 0.3005464480874317 0.48218181818181816 0.2573770491803279 0.4650181818181818 0.1777049180327869 0.4551272727272727 0.16688524590163933
3 0.5595272727272728 0.18311475409836064 0.5451272727272727 0.25207650273224047 0.5442545454545454 0.3034972677595628 0.5559272727272727 0.3495081967213115 0.5703272727272728 0.3657377049180328 0.6153454545454545 0.3657377049180328 0.6495636363636363 0.3562841530054645 0.6504727272727272 0.33464480874316943 0.6504727272727272 0.27371584699453555 0.6504727272727272 0.2426229508196721 0.6423636363636364 0.1939344262295082 0.6405818181818181 0.18038251366120217
3 0.8836363636363637 0.18038251366120217 0.8791272727272726 0.24666666666666667 0.8998181818181817 0.2480327868852459 0.9052363636363636 0.23043715846994536 0.9097454545454545 0.2007103825136612 0.9079999999999999 0.1830601092896175
3 0.8312363636363637 0.29677595628415304 0.8343636363636363 0.3359016393442623 0.8416727272727274 0.3593989071038251 0.8531272727272727 0.3711475409836066 0.8692727272727273 0.35857923497267763 0.8796727272727273 0.3413661202185792 0.8786545454545455 0.3178688524590164 0.8776 0.3014754098360656 0.8687636363636364 0.2591803278688525 0.8442545454545454 0.29677595628415304 0.8307272727272726 0.2810928961748634
3 0.7291272727272727 0.3726775956284153 0.7353818181818181 0.41027322404371586 0.7452727272727272 0.44081967213114753 0.7577818181818181 0.43846994535519124 0.7656 0.4282513661202186 0.7739272727272728 0.3914754098360656 0.7786181818181819 0.35469945355191257 0.7749818181818182 0.35 0.7635272727272727 0.3484153005464481 0.7577818181818181 0.3484153005464481 0.7541454545454545 0.35 0.7348727272727272 0.36327868852459017
3 0.8708363636363636 0.2615300546448087 0.8828 0.3257377049180328 0.8937454545454545 0.3312021857923497 0.912 0.28420765027322403 0.9041818181818182 0.23726775956284155 0.8979272727272728 0.2505464480874317 0.8739636363636364 0.24901639344262294
3 0.6603636363636364 0.3601092896174864 0.6645090909090909 0.4149726775956284 0.6676363636363636 0.43846994535519124 0.6827636363636364 0.45409836065573767 0.6942181818181818 0.4525683060109289 0.7051636363636363 0.4462841530054645 0.7103636363636363 0.4392349726775956 0.7166181818181818 0.4180874316939891 0.7181818181818181 0.3977595628415301 0.7202545454545455 0.3797267759562841 0.718690909090909 0.36879781420765023 0.6848363636363637 0.36956284153005464
3 0.5462545454545454 0.3492349726775956 0.5462545454545454 0.40868852459016397 0.5603272727272728 0.4556830601092896 0.5978545454545454 0.4180874316939891 0.5978545454545454 0.3711475409836066 0.5936727272727272 0.3672131147540984 0.5728363636363636 0.36797814207650276 0.5561818181818181 0.35234972677595633
3 0.4884363636363636 0.20612021857923496 0.48392727272727276 0.24125683060109288 0.48392727272727276 0.2804918032786885 0.4893090909090909 0.30890710382513664 0.5127272727272727 0.34005464480874315 0.552 0.33934426229508197 0.5432727272727272 0.2983606557377049 0.5450909090909091 0.266120218579235 0.5388363636363637 0.2358469945355191 0.5334181818181818 0.21420765027322405 0.5271272727272728 0.19797814207650272 0.5199272727272727 0.19120218579234974 0.5136363636363637 0.18579234972677597 0.5055272727272727 0.1871584699453552 0.5010181818181818 0.18989071038251365
3 0.48479999999999995 0.3085245901639344 0.4873818181818182 0.4016393442622951 0.4957454545454546 0.41420765027322404 0.5155272727272727 0.4157377049180328 0.5285454545454545 0.3977595628415301 0.5321818181818182 0.3883606557377049 0.5347999999999999 0.33901639344262297 0.5144727272727272 0.3413661202185792
3 0.4378909090909091 0.30300546448087434 0.4405090909090909 0.36956284153005464 0.4556 0.39382513661202184 0.4644727272727273 0.3907103825136612 0.4832363636363636 0.3531147540983607 0.48374545454545453 0.3178688524590164 0.4842545454545454 0.30300546448087434
3 0.7701818181818182 0.1817486338797814 0.7612000000000001 0.22098360655737703 0.7576 0.29267759562841533 0.7576 0.3251366120218579 0.76 0.3448087431693989 0.7803636363636364 0.3366120218579235 0.8251272727272727 0.2967213114754098 0.8260000000000001 0.2791803278688525 0.8260000000000001 0.23994535519125681 0.8224 0.19934426229508195 0.8188 0.1817486338797814 0.8062181818181818 0.16956284153005466 0.7890909090909091 0.17497267759562843
3 0.6009818181818182 0.3758469945355191 0.6025454545454545 0.39306010928961754 0.6103272727272727 0.4180874316939891 0.6134545454545454 0.45098360655737707 0.6207636363636364 0.46196721311475414 0.6348363636363636 0.4525683060109289 0.6546181818181819 0.40557377049180326 0.6541090909090909 0.37819672131147536 0.6494545454545454 0.35792349726775957 0.6093090909090909 0.3672131147540984 0.5978545454545454 0.36797814207650276
3 0.6675636363636364 0.19797814207650272 0.6495636363636363 0.24125683060109288 0.6531636363636364 0.3305464480874317 0.6585454545454545 0.3612021857923497 0.6825454545454545 0.3655737704918033 0.7288 0.36710382513661205 0.753090909090909 0.3495081967213115 0.7557818181818182 0.31568306010928965 0.7576 0.25480874316939894 0.7602909090909091 0.21284153005464482 0.7485818181818182 0.18311475409836064 0.7377818181818181 0.17497267759562843 0.7080727272727273 0.17497267759562843 0.6936727272727272 0.17633879781420767 0.6927636363636364 0.1777049180327869