3 0.1442181818181818 0.5915300546448088 0.13941818181818183 0.686120218579235 0.14941818181818184 0.7252459016393442 0.15723636363636365 0.6919672131147541 0.1693818181818182 0.6548087431693989 0.17374545454545454 0.6417486338797814 0.17981818181818182 0.6137158469945355 0.18196363636363636 0.5915300546448088 0.17981818181818182 0.5758469945355191 0.17243636363636364 0.573879781420765 0.1706909090909091 0.5700000000000001
3 0.31872727272727275 0.573879781420765 0.3248 0.6351912568306011 0.3361090909090909 0.6841530054644809 0.33956363636363635 0.7017486338797814 0.3517090909090909 0.7291803278688525 0.37821818181818184 0.7389617486338798 0.39254545454545453 0.716120218579235 0.4016363636363636 0.686120218579235 0.4081818181818182 0.6573770491803278 0.4125090909090909 0.6326229508196721 0.4125090909090909 0.6084699453551913 0.4125090909090909 0.5921857923497268 0.4125090909090909 0.572568306010929 0.34 0.5719125683060109 0.3200363636363637 0.5667213114754098
3 0.8253818181818181 0.5223497267759563 0.8352727272727273 0.5409836065573771 0.8461818181818181 0.5841530054644809 0.8561818181818182 0.6006557377049181 0.8605454545454546 0.6149726775956285 0.877890909090909 0.6541530054644809 0.8865818181818181 0.6802185792349728 0.9009090909090909 0.6965573770491803 0.9082909090909091 0.6939344262295082 0.9126545454545454 0.6626229508196722 0.9139272727272728 0.6195628415300546 0.9134909090909091 0.5804371584699454 0.9134909090909091 0.5562841530054644 0.9134909090909091 0.5216939890710383 0.9117818181818182 0.5106010928961748 0.9082909090909091 0.49038251366120217 0.8944000000000001 0.4877595628415301 0.8835636363636363 0.4877595628415301 0.8826909090909091 0.4877595628415301 0.8570545454545454 0.5060655737704918 0.8231999999999999 0.51775956284153
3 0.14850909090909092 0.41551912568306015 0.14850909090909092 0.49125683060109293 0.1728 0.5737704918032787 0.21152727272727273 0.5792349726775956 0.26730909090909094 0.5480874316939891 0.27814545454545453 0.526448087431694 0.28083636363636366 0.4777595628415301 0.2556363636363636 0.3830601092896175 0.2268 0.3072677595628415 0.21239999999999998 0.28295081967213115 0.19261818181818183 0.2748087431693989 0.1809090909090909 0.2748087431693989 0.1809090909090909 0.2748087431693989
3 0.7453454545454545 0.31 0.7426545454545455 0.3316393442622951 0.7372363636363637 0.36546448087431693 0.7210545454545454 0.3965573770491803 0.7102545454545455 0.4141530054644809 0.7138545454545454 0.46284153005464485 0.7183272727272727 0.5007650273224044 0.7318545454545454 0.5156284153005465 0.7606545454545455 0.533224043715847 0.7786545454545455 0.5467213114754098 0.7867636363636364 0.5426775956284153 0.8119636363636363 0.5210382513661201 0.8227636363636364 0.4831693989071038 0.8236727272727272 0.45879781420765026 0.8245818181818182 0.42092896174863387 0.8227636363636364 0.41010928961748633 0.8119636363636363 0.3776502732240437 0.8074545454545455 0.3478688524590164 0.8038545454545455 0.316775956284153 0.8029818181818181 0.2789071038251366 0.7930545454545455 0.24775956284153008 0.7822545454545454 0.2423497267759563 0.7705454545454545 0.2559016393442623
3 0.847090909090909 0.33704918032786885 0.8398909090909091 0.35464480874316945 0.8250909090909091 0.3945355191256831 0.8290909090909091 0.4168852459016394 0.8227636363636364 0.4737158469945355 0.8182545454545455 0.4939890710382514 0.8191636363636364 0.5169945355191257 0.8461818181818181 0.5102185792349727 0.8533818181818182 0.5088524590163934 0.8821818181818182 0.4831693989071038 0.8857818181818182 0.4533879781420765 0.8804000000000001 0.41956284153005463 0.8776727272727273 0.39114754098360655 0.8768 0.36683060109289617 0.8650909090909091 0.3356830601092896
3 0.5013818181818182 0.2789071038251366 0.47796363636363637 0.303224043715847 0.4581818181818182 0.37491803278688524 0.45098181818181815 0.46153005464480873 0.45098181818181815 0.5210382513661201 0.4869818181818181 0.5426775956284153 0.5887272727272728 0.5278688524590164 0.5912727272727273 0.4737704918032787 0.5725090909090909 0.3072677595628415 0.5554181818181818 0.2789071038251366 0.5392 0.2721311475409836
3 0.037418181818181816 0.6130601092896175 0.030036363636363635 0.6424043715846994 0.03436363636363636 0.6854644808743169 0.05130909090909091 0.7069945355191256 0.06 0.7030601092896175 0.06996363636363635 0.6919672131147541 0.0804 0.6782513661202186 0.08778181818181818 0.6593442622950819 0.09167272727272728 0.6371584699453552 0.08821818181818182 0.6058469945355192
3 0.024254545454545456 0.512896174863388 0.03778181818181819 0.4453005464480874 0.06658181818181817 0.49535519125683064 0.07469090909090909 0.5454098360655738 0.09178181818181817 0.5670491803278689 0.11607272727272729 0.5805464480874317 0.08727272727272728 0.6062841530054645 0.05578181818181818 0.610327868852459 0.038654545454545455 0.610327868852459 0.035963636363636364 0.5765027322404371 0.03327272727272727 0.5562295081967213
3 0.5132363636363636 0.541912568306011 0.5106181818181817 0.6339344262295082 0.5240727272727272 0.6926229508196722 0.5301454545454545 0.7219672131147541 0.5514181818181818 0.7428415300546448 0.5800727272727273 0.7383060109289619 0.5887636363636364 0.7010928961748635 0.597890909090909 0.6652459016393443 0.5992 0.6189071038251367 0.6013454545454545 0.5810928961748634 0.6000727272727273 0.5458469945355191 0.5996363636363636 0.5360655737704918 0.5965818181818182 0.5288524590163934
3 0.9360727272727273 0.5340983606557377 0.9629818181818182 0.5980327868852459 0.9647272727272728 0.630655737704918 0.9699272727272727 0.6424043715846994 0.9842545454545455 0.6228415300546448 0.9903636363636364 0.6091256830601093 0.9968727272727272 0.5797814207650273 0.9981818181818182 0.5138797814207651 0.9638545454545454 0.5184153005464481 0.9408727272727273 0.5269398907103825 0.9278181818181819 0.5262841530054645
3 0.7797818181818181 0.5523497267759563 0.7789090909090909 0.5608196721311475 0.7815272727272727 0.5830054644808743 0.7850181818181818 0.6097814207650274 0.7884727272727273 0.6358469945355191 0.7958545454545455 0.6593442622950819 0.8193090909090909 0.6978688524590163 0.8405818181818182 0.7213114754098361 0.8484 0.7076502732240437 0.8488363636363636 0.6645901639344263 0.8475272727272727 0.6156284153005465 0.8457818181818182 0.5960655737704917 0.8431636363636363 0.573879781420765 0.8384 0.5556284153005465 0.8349090909090909 0.5399453551912569 0.8301454545454545 0.5249726775956284 0.8158181818181818 0.5184153005464481
3 0.24101818181818183 0.5680327868852459 0.24101818181818183 0.6743715846994536 0.24363636363636362 0.7063387978142076 0.2575272727272727 0.7402732240437159 0.2774909090909091 0.7669945355191258 0.28356363636363635 0.7683060109289617 0.3078909090909091 0.7343715846994535 0.31265454545454546 0.7089617486338798 0.3200363636363637 0.661311475409836 0.32134545454545455 0.6313114754098361 0.32178181818181817 0.6117486338797814 0.3165454545454545 0.5765027322404371 0.31221818181818184 0.5627868852459016 0.3057090909090909 0.5556284153005465 0.294 0.543879781420765 0.2853090909090909 0.5406010928961749 0.2757454545454545 0.5406010928961749 0.27443636363636364 0.5406010928961749 0.2614181818181818 0.5530054644808743
3 0.600909090909091 0.5347540983606557 0.6026545454545454 0.605191256830601 0.6035272727272727 0.6456830601092896 0.6113454545454545 0.6678142076502732 0.6304363636363637 0.7004371584699454 0.6573454545454546 0.7187431693989071 0.6664727272727273 0.7128415300546448 0.6686545454545454 0.6821857923497268 0.6769090909090909 0.6515300546448087 0.6829818181818181 0.6267213114754098 0.6903636363636363 0.5940983606557377 0.6912363636363636 0.5667213114754098 0.6912363636363636 0.5445355191256831 0.6912363636363636 0.5334426229508197 0.6460727272727272 0.5347540983606557 0.5944 0.5165027322404372
3 0.6933818181818182 0.5412568306010929 0.6899272727272727 0.6019672131147541 0.6912363636363636 0.63 0.7342181818181818 0.7369945355191257 0.7754545454545455 0.7604918032786885 0.7824 0.7343715846994535 0.7867272727272727 0.6932786885245902 0.7876 0.6456830601092896 0.7850181818181818 0.6078142076502733 0.7754545454545455 0.5647540983606557 0.7693818181818183 0.5510382513661203 0.7585090909090909 0.5406010928961749 0.7485454545454545 0.5288524590163934 0.7424363636363636 0.5243169398907104 0.7224727272727273 0.512568306010929 0.7168363636363636 0.5008196721311475 0.7125090909090909 0.4968852459016394
3 0.4476727272727273 0.5288524590163934 0.4194545454545454 0.5712568306010929 0.4177090909090909 0.6149726775956285 0.4316 0.6782513661202186 0.4437818181818182 0.7200546448087433 0.45938181818181817 0.7350273224043715 0.4646181818181818 0.7402732240437159 0.4941090909090909 0.7200546448087433 0.49978181818181816 0.6815300546448088 0.5101818181818182 0.6078142076502733 0.5106181818181817 0.5797814207650273 0.5114909090909091 0.5510382513661203 0.5094545454545454 0.539344262295082 0.49021818181818183 0.5445355191256831 0.45072727272727275 0.5236612021857924
3 0.3330545454545455 0.32081967213114754 0.30421818181818183 0.4277049180327869 0.2997454545454546 0.5034426229508197 0.30872727272727274 0.5386338797814207 0.3231272727272727 0.5670491803278689 0.35465454545454544 0.5710928961748634 0.4158545454545455 0.5710928961748634 0.4491636363636364 0.5278142076502732 0.4437818181818182 0.47912568306010933 0.4410545454545455 0.43579234972677594 0.43567272727272727 0.3776502732240437 0.43025454545454545 0.35060109289617486 0.42665454545454545 0.32759562841530054 0.40865454545454544 0.29240437158469945 0.3960727272727273 0.2802185792349727 0.37174545454545455 0.2775409836065574 0.36454545454545456 0.2802185792349727 0.3429090909090909 0.2967213114754098
3 0.17850909090909092 0.5765027322404371 0.18327272727272725 0.5908743169398907 0.17938181818181817 0.6339344262295082 0.17807272727272727 0.6521857923497267 0.18283636363636363 0.6945901639344262 0.18632727272727273 0.717431693989071 0.20454545454545456 0.7493989071038251 0.2076 0.747431693989071 0.21498181818181816 0.7285245901639343 0.22367272727272727 0.7030601092896175 0.2345090909090909 0.6808743169398906 0.24058181818181817 0.6652459016393443 0.24145454545454548 0.6489071038251366 0.24058181818181817 0.5654098360655737 0.21236363636363637 0.5817486338797814
3 0.06298181818181818 0.4899453551912568 0.06567272727272727 0.42366120218579234 0.09447272727272728 0.4533879781420765 0.108 0.4696174863387978 0.1152 0.4939890710382514 0.11967272727272726 0.5169945355191257 0.12509090909090909 0.5359016393442623 0.12509090909090909 0.5534972677595629 0.11967272727272726 0.5629508196721311 0.1152 0.5670491803278689 0.09898181818181817 0.5697267759562842 0.07378181818181818 0.5399999999999999
3 0.108 0.4439344262295082 0.11247272727272727 0.38169398907103824 0.1466909090909091 0.42092896174863387 0.1449090909090909 0.49535519125683064 0.1701090909090909 0.568360655737705 0.1476 0.5859562841530055 0.13858181818181817 0.588688524590164 0.1322909090909091 0.5562295081967213 0.126 0.541311475409836 0.10349090909090909 0.45879781420765026
3 0.9614181818181817 0.37901639344262295 0.9524000000000001 0.38846994535519125 0.9524000000000001 0.4141530054644809 0.949709090909091 0.4655737704918033 0.9398181818181818 0.5007650273224044 0.9362181818181817 0.512896174863388 0.9181818181818182 0.4980327868852459 0.9092 0.4980327868852459 0.9145818181818182 0.512896174863388 0.9236000000000001 0.5224043715846994 0.9362181818181817 0.5224043715846994 0.9425090909090909 0.5237158469945355 0.9614181818181817 0.5156284153005465 0.9722181818181819 0.5142622950819672 0.9875272727272727 0.5048087431693988 0.9866181818181818 0.4696174863387978 0.9839272727272727 0.44797814207650277 0.9775999999999999 0.43174863387978146
3 0.9156727272727273 0.5340983606557377 0.9187272727272727 0.6084699453551913 0.9473818181818181 0.6437158469945355 0.9660363636363637 0.6351912568306011 0.9612727272727274 0.5967213114754099 0.9534545454545454 0.5712568306010929 0.9421454545454545 0.5484699453551913 0.9343272727272727 0.5380327868852459 0.9208727272727273 0.5354098360655738
3 0.9217818181818183 0.31404371584699453 0.9046909090909091 0.3424590163934426 0.8912 0.380327868852459 0.8848727272727273 0.41956284153005463 0.8866909090909091 0.4547540983606557 0.8866909090909091 0.46693989071038255 0.8920727272727272 0.4885792349726776 0.8974909090909091 0.4885792349726776 0.9164 0.4899453551912568 0.9326181818181819 0.512896174863388 0.9442909090909091 0.48180327868852457 0.9478909090909091 0.45612021857923496 0.9523636363636363 0.4049180327868852 0.949709090909091 0.3560109289617487 0.9289818181818181 0.2951366120218579
3 0.5959272727272727 0.4277049180327869 0.6031272727272727 0.37087431693989076 0.6202181818181818 0.3194535519125683 0.6382181818181818 0.28562841530054645 0.6670181818181818 0.2775409836065574 0.6805454545454546 0.28295081967213115 0.6904363636363636 0.29918032786885246 0.7039272727272727 0.351912568306011 0.7084363636363636 0.39524590163934425 0.7102545454545455 0.4371584699453552 0.7102545454545455 0.49666666666666665 0.6958545454545455 0.5278142076502732 0.6724363636363636 0.533224043715847 0.6463272727272728 0.5345901639344263 0.6148 0.5210382513661201 0.5950181818181818 0.5156284153005465 0.5923272727272727 0.5115846994535519
3 0.11687272727272728 0.5810928961748634 0.08821818181818182 0.6058469945355192 0.09167272727272728 0.6443715846994535 0.08647272727272727 0.6697814207650273 0.08167272727272727 0.6828415300546448 0.08429090909090908 0.7089617486338798 0.09079999999999999 0.7278688524590163 0.10338181818181819 0.7330601092896175 0.11250909090909092 0.7304918032786886 0.12639999999999998 0.7141530054644809 0.1377090909090909 0.6919672131147541 0.14072727272727273 0.6737158469945356 0.14509090909090908 0.5895628415300547 0.1377090909090909 0.5889071038251366 0.13334545454545454 0.5582513661202185 0.12509090909090909 0.5392896174863387 0.12509090909090909 0.5516939890710382 0.11814545454545455 0.5654098360655737 0.09774545454545454 0.5706557377049181