3 0.49102666666666667 0.5336000000000001 0.49211999999999995 0.54714 0.49756 0.5536599999999999 0.4990133333333333 0.55644 0.5026266666666667 0.56072 0.50444 0.5688799999999999 0.50444 0.5846399999999999 0.5124133333333334 0.5885 0.5185733333333333 0.58736 0.5251066666666666 0.58628 0.5258266666666667 0.57596 0.5265466666666667 0.56236 0.5265466666666667 0.54822 0.5269199999999999 0.53952 0.5283599999999999 0.53028 0.5283599999999999 0.52376 0.5236533333333333 0.52104 0.51532 0.52322 0.5048 0.52376 0.4993733333333333 0.52598 0.4932133333333334 0.52762
3 0.3297466666666667 0.5243 0.3337333333333333 0.53626 0.3359066666666667 0.54006 0.35113333333333335 0.5536599999999999 0.35294666666666663 0.55644 0.36164 0.5618200000000001 0.3768666666666666 0.56344 0.3877333333333334 0.5591 0.39281333333333335 0.5531200000000001 0.3960666666666667 0.5488200000000001 0.39613333333333334 0.5406 0.3895466666666667 0.52974 0.3881333333333334 0.5076 0.38226666666666664 0.502 0.37432 0.49983999999999995 0.3714266666666667 0.50146 0.3659866666666667 0.50636 0.35729333333333335 0.4993 0.35584 0.49332 0.3507733333333333 0.49060000000000004 0.34242666666666666 0.4982
3 0.42688000000000004 0.55806 0.4286933333333333 0.5667000000000001 0.4286933333333333 0.57486 0.4315866666666667 0.58194 0.4315866666666667 0.58194 0.44427999999999995 0.58302 0.4533333333333333 0.58356 0.46421333333333337 0.58356 0.46674666666666664 0.58194 0.46674666666666664 0.5802999999999999 0.46819999999999995 0.56404 0.46856000000000003 0.55644 0.46784 0.54986 0.46813333333333335 0.5402 0.46240000000000003 0.5373600000000001 0.45732 0.53844 0.45043999999999995 0.54062 0.44609333333333334 0.54006 0.4424666666666667 0.5417000000000001
3 0.52764 0.5444199999999999 0.5258266666666667 0.5825199999999999 0.5283599999999999 0.5846399999999999 0.5363333333333333 0.5841000000000001 0.5468533333333333 0.5802999999999999 0.5584533333333332 0.57704 0.5653333333333334 0.57214 0.5729333333333333 0.5668 0.5718666666666666 0.5548 0.56316 0.54388 0.5461199999999999 0.54062 0.5421333333333334 0.54062 0.53344 0.54006 0.5316266666666667 0.54062
3 0.5747599999999999 0.45906 0.5787466666666666 0.45036000000000004 0.5827333333333333 0.4471 0.5910666666666666 0.43894 0.59796 0.43568 0.6023066666666667 0.43568 0.6066533333333334 0.43732 0.6142666666666666 0.44226 0.6207866666666666 0.45906 0.6225999999999999 0.46776 0.6265866666666666 0.47918 0.6258666666666667 0.49060000000000004 0.6211466666666667 0.5101600000000001 0.6189733333333334 0.5124 0.61644 0.50202 0.6102799999999999 0.48734 0.5957733333333333 0.48408 0.5849066666666667 0.46558
3 0.46198666666666666 0.34366 0.46198666666666666 0.36722000000000005 0.46198666666666666 0.38444 0.46168 0.39486 0.46168 0.4003 0.46227999999999997 0.408 0.46681333333333336 0.41752 0.47256000000000004 0.4225 0.4822666666666667 0.42060000000000003 0.49133333333333334 0.4184 0.49973333333333336 0.4176 0.5151466666666666 0.41616000000000003 0.5178533333333333 0.41118 0.52028 0.40528 0.5193733333333332 0.3926 0.5193733333333332 0.37086 0.5196666666666667 0.35725999999999997 0.5184666666666667 0.34502 0.5130266666666666 0.3396 0.5000399999999999 0.33777999999999997 0.4695333333333333 0.33914
3 0.46856000000000003 0.55202 0.46856000000000003 0.57812 0.4703733333333333 0.5846399999999999 0.4754533333333333 0.589 0.48668 0.589 0.49973333333333336 0.589 0.5019066666666667 0.5885 0.503 0.5792200000000001 0.503 0.5683400000000001 0.5004533333333333 0.55806 0.49610666666666664 0.5536599999999999 0.4932133333333334 0.55202 0.49030666666666667 0.55148
3 0.3127066666666667 0.45633999999999997 0.31525333333333333 0.45416 0.3181466666666667 0.45254 0.32612 0.452 0.3282933333333333 0.45308 0.33301333333333333 0.45633999999999997 0.3398933333333333 0.4651 0.34497333333333335 0.46668 0.3580133333333333 0.47537999999999997 0.37033333333333335 0.48678 0.37251999999999996 0.4993 0.3699733333333334 0.50202 0.36526666666666663 0.50418 0.3580133333333333 0.4993 0.35656000000000004 0.49113999999999997 0.35294666666666663 0.49006 0.35003999999999996 0.49168 0.34352 0.49766000000000005 0.3359066666666667 0.50962 0.3297466666666667 0.5226799999999999 0.3290266666666667 0.52598 0.32612 0.52376 0.32067999999999997 0.5194 0.31778666666666666 0.5167 0.30908 0.50478 0.30437333333333333 0.49168 0.30437333333333333 0.48516000000000004 0.3050933333333333 0.47864 0.30690666666666666 0.4727
3 0.5598933333333334 0.51076 0.5591733333333333 0.50316 0.5591733333333333 0.49168 0.557 0.47428 0.557 0.46994 0.5595333333333333 0.4645 0.56352 0.46124 0.5660533333333334 0.4607 0.5722266666666667 0.46016 0.5747599999999999 0.4607 0.57548 0.4607 0.5849066666666667 0.46558 0.5881733333333333 0.47156 0.5928800000000001 0.47918 0.59796 0.48569999999999997 0.6088266666666666 0.48624 0.6095466666666667 0.48734 0.61716 0.50636 0.6178933333333334 0.51288 0.6168 0.51886 0.6131733333333333 0.5270199999999999 0.6088266666666666 0.53464 0.6023066666666667 0.5455 0.5961466666666667 0.5525800000000001 0.5881733333333333 0.55856 0.5878 0.54122 0.5841866666666666 0.52158 0.5772933333333333 0.51076 0.5660533333333334 0.51076 0.5602533333333334 0.51398
3 0.5788666666666666 0.33914 0.5761466666666667 0.3482 0.5758533333333333 0.35228 0.5758533333333333 0.35998 0.5764533333333333 0.36722000000000005 0.5770533333333333 0.37401999999999996 0.5770533333333333 0.38444 0.5761466666666667 0.39396 0.5764533333333333 0.40076 0.5776666666666667 0.40528 0.5809866666666667 0.408 0.5815866666666667 0.408 0.5855199999999999 0.40438 0.58944 0.40076 0.5933733333333333 0.40302 0.5982 0.39848 0.6024266666666667 0.39532 0.6057333333333333 0.38939999999999997 0.6081333333333334 0.379 0.6102799999999999 0.37357999999999997 0.6102799999999999 0.36451999999999996 0.6093733333333333 0.34594 0.6078666666666667 0.33868 0.6012266666666667 0.33552 0.59276 0.33552 0.5834 0.33552
3 0.5226933333333333 0.33914 0.5205733333333333 0.34232 0.5199733333333334 0.34638 0.5199733333333334 0.35364 0.5196666666666667 0.38762 0.52028 0.40302 0.5220933333333333 0.40756 0.5257066666666667 0.40982 0.52752 0.41162 0.52904 0.41208 0.53356 0.41254 0.5341733333333333 0.41526 0.5386666666666666 0.4162 0.5456533333333333 0.41888 0.5456533333333333 0.41888 0.5528933333333333 0.42204 0.5616533333333333 0.4225 0.5625600000000001 0.42204 0.5710133333333334 0.41706 0.5744 0.4108 0.5749466666666666 0.39894 0.5758533333333333 0.38942 0.5761466666666667 0.38218 0.5764533333333333 0.37627999999999995 0.5767599999999999 0.36542 0.5728266666666667 0.34276 0.5722266666666667 0.34186 0.5686 0.33914
3 0.3692533333333333 0.34502 0.3644266666666667 0.35046 0.35929333333333335 0.35772000000000004 0.35958666666666667 0.36496 0.3608 0.37266000000000005 0.3632133333333334 0.37945999999999996 0.36684 0.38716 0.3698666666666666 0.39396 0.37168 0.3994 0.3780133333333333 0.40392 0.38104 0.40392 0.3861733333333333 0.40438 0.3956 0.4006 0.4021733333333333 0.3935 0.40308 0.39214 0.40641333333333335 0.38444 0.40732 0.37764 0.40913333333333335 0.35998 0.40913333333333335 0.35046 0.40913333333333335 0.34322 0.40066666666666667 0.33868 0.37710666666666665 0.3405
3 0.54576 0.54062 0.5656933333333333 0.54496 0.5722266666666667 0.55474 0.5747599999999999 0.5688799999999999 0.5849066666666667 0.56568 0.58636 0.56128 0.58744 0.5536599999999999 0.58744 0.5417000000000001 0.5856266666666667 0.53192 0.5841866666666666 0.52376 0.582 0.51838 0.57584 0.51288 0.5718533333333333 0.5124 0.5653333333333334 0.5124 0.56316 0.51342 0.5559066666666667 0.51886 0.5530133333333334 0.52212
3 0.3808533333333333 0.56236 0.4011466666666667 0.56616 0.41890666666666665 0.57432 0.42797333333333337 0.5754 0.42724 0.56508 0.42688000000000004 0.5574600000000001 0.42688000000000004 0.55584 0.4239866666666667 0.55202 0.42 0.55148 0.41564 0.54986 0.41165333333333337 0.54822 0.4062266666666667 0.5455
3 0.40973333333333334 0.34004 0.40973333333333334 0.36088 0.40732 0.37674 0.40641333333333335 0.384 0.40610666666666667 0.39124000000000003 0.4067066666666666 0.39532 0.40913333333333335 0.39984 0.41486666666666666 0.40756 0.41486666666666666 0.4089 0.4194 0.41208 0.4224 0.4126 0.4248266666666667 0.41616000000000003 0.42966666666666664 0.41662 0.4363066666666667 0.41662 0.4477866666666666 0.41978 0.4483866666666667 0.41978 0.4520133333333333 0.41842 0.4544 0.4166 0.458 0.4126 0.4592 0.4048 0.46168 0.38942 0.46168 0.37176 0.46168 0.3482 0.4601733333333333 0.34096