3 0.7383166666666667 0.611585518102372 0.7350583333333334 0.6084893882646691 0.730175 0.609812734082397 0.7350583333333334 0.6357677902621723 0.7383166666666667 0.656167290886392 0.741125 0.6765667915106117 0.75045 0.6821098626716604 0.7593333333333334 0.6814357053682897 0.7683583333333334 0.6787765293383271 0.7767999999999999 0.6750062421972534 0.7809416666666666 0.6716853932584269 0.7772416666666667 0.6486267166042446 0.7704333333333333 0.6217977528089887 0.7639166666666667 0.6104868913857678 0.7565166666666667 0.608039950062422 0.7479333333333333 0.6071535580524344
3 0.322025 0.414769038701623 0.31229999999999997 0.41873907615480654 0.297275 0.43132334581772785 0.29815833333333336 0.4783270911360799 0.3052333333333333 0.5021722846441947 0.316725 0.5120973782771535 0.3242333333333333 0.5365917602996255 0.33175000000000004 0.539250936329588 0.3419166666666667 0.5365917602996255 0.349425 0.5306367041198502 0.35429166666666667 0.5120973782771535 0.3516333333333333 0.4597877652933833 0.33925833333333333 0.4445568039950062
3 0.415725 0.4438951310861423 0.3998083333333333 0.4352933832709114 0.3839 0.41344569288389516 0.37020000000000003 0.4061548064918851 0.35959166666666664 0.41278401997503117 0.35385 0.44588014981273405 0.352525 0.47237203495630464 0.3534083333333333 0.516729088639201 0.35517499999999996 0.5412359550561797 0.3618 0.5418976279650437 0.37064166666666665 0.5465293383270912 0.3927416666666667 0.5412359550561797 0.407325 0.5379275905118601 0.4144 0.5260049937578027 0.41528333333333334 0.516729088639201 0.41407499999999997 0.4953932584269663
0 0.5784083333333334 0.5111610486891386 0.5729916666666667 0.5197752808988764 0.5722416666666668 0.521023720349563 0.5686583333333334 0.522521847690387 0.5663250000000001 0.5222721598002497 0.564825 0.5250187265917603 0.5684083333333334 0.5257677902621722 0.5693250000000001 0.525892634207241 0.573075 0.523645443196005 0.5836583333333333 0.5203995006242197 0.589575 0.5154057428214731 0.5887416666666667 0.5124094881398252 0.5869083333333333 0.510661672908864 0.5842416666666667 0.5091635455680399 0.581575 0.5090387016229713 0.5804083333333333 0.5091635455680399
3 0.697925 0.40556803995006246 0.6864083333333334 0.41099875156054927 0.6763916666666666 0.4253682896379526 0.6714916666666666 0.4352684144818976 0.672775 0.4716729088639201 0.672775 0.4895505617977528 0.6717083333333332 0.5083895131086142 0.6719166666666666 0.5272284644194757 0.6857749999999999 0.5368164794007491 0.6966416666666667 0.5447940074906367 0.7036749999999999 0.5483021223470662 0.7092166666666666 0.5473533083645443 0.7147583333333334 0.5297877652933833 0.7235 0.4978526841448189 0.7277583333333333 0.4716729088639201 0.7273333333333333 0.4343071161048689 0.7254166666666667 0.42696629213483145 0.7128416666666666 0.41099875156054927
3 0.6390083333333333 0.5697378277153559 0.6328666666666667 0.5628339575530587 0.62545 0.5632209737827715 0.6193166666666666 0.5678152309612984 0.6111333333333333 0.5789263420724096 0.6095916666666666 0.5869787765293384 0.6116416666666666 0.6134082397003745 0.6121500000000001 0.6318102372034956 0.61855 0.6475156054931336 0.6272416666666667 0.6670536828963795 0.6300583333333334 0.6827715355805243 0.6525666666666667 0.6800873907615481 0.6732833333333333 0.6789388264669164 0.684025 0.6785518102372035 0.68275 0.6268289637952559 0.6809583333333333 0.6111111111111112 0.6791666666666667 0.5992384519350812 0.673025 0.5869787765293384 0.6656083333333334 0.5747191011235956 0.6589583333333333 0.5727965043695381
3 0.35030833333333333 0.5683770287141073 0.3397 0.5644069912609239 0.3313083333333333 0.5637453183520599 0.31053333333333333 0.58625468164794 0.30611666666666665 0.5988389513108614 0.3021333333333333 0.6273033707865169 0.29241666666666666 0.6670411985018726 0.2884333333333333 0.6869038701622971 0.297275 0.6921972534332086 0.322025 0.6974906367041199 0.32865833333333333 0.6948439450686642 0.3379333333333333 0.6670411985018726 0.3445666666666667 0.6365792759051185 0.3463333333333333 0.6147315855181024 0.3481 0.58625468164794 0.35473333333333334 0.5750062421972534
3 0.4083 0.5624469413233458 0.40319166666666667 0.5716479400749064 0.4008833333333333 0.5908114856429463 0.4008833333333333 0.6145692883895131 0.4037 0.6367915106117353 0.4037 0.6689762796504369 0.41060833333333335 0.6785518102372035 0.41060833333333335 0.6915855181023721 0.41520833333333335 0.7042322097378277 0.44129999999999997 0.7046067415730337 0.44922500000000004 0.7042322097378277 0.45510833333333334 0.6850686641697877 0.46073333333333333 0.6735705368289637 0.4656 0.6456054931335831 0.46610833333333335 0.6375530586766542 0.46610833333333335 0.6218476903870163 0.46508333333333335 0.595792759051186 0.46201666666666663 0.5731835205992509 0.46048333333333336 0.5597752808988764 0.45025 0.5551685393258426 0.4397666666666667 0.5551685393258426 0.42236666666666667 0.5578526841448189
3 0.30788333333333334 0.5902247191011236 0.3021333333333333 0.5816229712858926 0.29285833333333333 0.578976279650437 0.28136666666666665 0.578976279650437 0.275175 0.5895630461922596 0.26456666666666667 0.6114232209737828 0.2557333333333333 0.6451810237203495 0.24689166666666665 0.6743196004993758 0.24733333333333335 0.6835955056179774 0.27385 0.6869038701622971 0.2866666666666667 0.6749812734082397 0.294625 0.6557802746566791 0.30435 0.6087640449438202
3 0.37373333333333336 0.563083645443196 0.36578333333333335 0.5624219725343321 0.3560583333333333 0.5703620474406992 0.3472166666666667 0.5895630461922596 0.3450083333333333 0.6511485642946317 0.3489833333333333 0.6915355805243445 0.35517499999999996 0.703458177278402 0.3803666666666667 0.704119850187266 0.39009166666666667 0.6789513108614232 0.3980416666666666 0.6630586766541823 0.39936666666666665 0.5968539325842697 0.402025 0.5776529338327091 0.39671666666666666 0.5637453183520599 0.390975 0.5597752808988764 0.382575 0.5577902621722847
3 0.32158333333333333 0.5293133583021223 0.31229999999999997 0.5293133583021223 0.29285833333333333 0.5491760299625468 0.28136666666666665 0.5518227215980025 0.275175 0.539250936329588 0.27031666666666665 0.4876029962546816 0.26765833333333333 0.47171036204744066 0.28092500000000004 0.44786516853932584 0.2902 0.461772784019975 0.29506666666666664 0.4664169787765294 0.29815833333333336 0.4842946317103621 0.30301666666666666 0.4995131086142322 0.31229999999999997 0.508789013732834 0.31981666666666664 0.5160674157303371
3 0.54275 0.3854556803995006 0.5286833333333333 0.3975905118601748 0.5173916666666667 0.4177028714107366 0.5129166666666667 0.44293383270911363 0.5124833333333334 0.4885892634207241 0.5120583333333334 0.5157303370786517 0.5120583333333334 0.5374531835205992 0.5216500000000001 0.5387265917602996 0.52805 0.5310611735330837 0.53615 0.5237203495630461 0.5463749999999999 0.532334581772784 0.5630000000000001 0.5320224719101123 0.5729166666666666 0.5238451935081149 0.5834166666666667 0.5204744069912609 0.5896416666666667 0.5157303370786517 0.6028583333333333 0.5173283395755306 0.6096833333333334 0.5249937578027466 0.6094666666666667 0.46017478152309615 0.6073333333333333 0.4263295880149813 0.6032833333333334 0.405892634207241 0.5986 0.39375780274656674 0.5830416666666667 0.3816229712858926 0.5659833333333333 0.38066167290886394 0.5627916666666667 0.38258426966292136
3 0.6290749999999999 0.3918476903870162 0.6171416666666667 0.40461922596754063 0.6075499999999999 0.42440699126092385 0.61075 0.46815230961298376 0.6105333333333334 0.5096629213483146 0.6113833333333333 0.5278651685393259 0.6252416666666666 0.5364918851435706 0.6408 0.5447940074906367 0.6550833333333334 0.5371285892634208 0.6599833333333334 0.5265917602996255 0.6685083333333334 0.523083645443196 0.673625 0.49210986267166046 0.6714916666666666 0.4352684144818976 0.67 0.41898876404494384 0.6682916666666667 0.4094007490636704 0.6537999999999999 0.39790262172284646
3 0.7029333333333333 0.5974032459425718 0.6955333333333333 0.5958426966292134 0.6857666666666666 0.6011735330836455 0.6807333333333333 0.6071535580524344 0.6825083333333333 0.6191260923845193 0.685175 0.6368664169787766 0.6873916666666666 0.6481772784019976 0.6995333333333333 0.6725717852684145 0.7042666666666667 0.6787765293383271 0.7381666666666666 0.6814357053682897 0.7393500000000001 0.6739076154806491 0.7362416666666667 0.6435205992509364 0.7326916666666666 0.6266666666666666 0.7288416666666667 0.608039950062422 0.7138916666666666 0.5980649188514358
3 0.739275 0.4499625468164794 0.7286166666666667 0.4684769038701623 0.7256333333333334 0.48891385767790263 0.7200916666666667 0.5144569288389513 0.7164666666666667 0.5294631710362048 0.7256333333333334 0.5348938826466916 0.7343666666666667 0.5492634207240948 0.7428916666666667 0.5582022471910112 0.7520583333333334 0.5572409488139826 0.7586666666666666 0.547665418227216 0.7631416666666666 0.5237203495630461 0.76805 0.4988139825218477 0.7650583333333334 0.49147315855181023 0.7586666666666666 0.47837702871410737 0.7501416666666666 0.46496878901373284
3 0.5113833333333333 0.5578526841448189 0.49245000000000005 0.5574656679151061 0.4796666666666667 0.5574656679151061 0.47531666666666667 0.5601498127340824 0.4725 0.5793133583021223 0.47352500000000003 0.5869787765293384 0.47352500000000003 0.6218476903870163 0.47531666666666667 0.6329588014981273 0.4737833333333333 0.6463670411985019 0.47838333333333327 0.6639950062421973 0.4860583333333333 0.6965667915106117 0.4916833333333333 0.7069038701622972 0.5231416666666666 0.7011610486891385 0.5308166666666667 0.6808489388264669 0.5372083333333333 0.661310861423221 0.5367 0.6218476903870163 0.5382333333333333 0.5877403245942572 0.5374666666666666 0.5735580524344569 0.5336333333333333 0.5612983770287141 0.5321 0.5597752808988764 0.52545 0.5563171036204744
3 0.5474416666666666 0.5574656679151061 0.5430916666666668 0.5632209737827715 0.5415583333333334 0.5720349563046192 0.5413083333333334 0.6011485642946317 0.5413083333333334 0.6505867665418227 0.5441166666666667 0.6659051186017478 0.5571583333333333 0.6927340823970037 0.559975 0.6957927590511861 0.5906666666666667 0.6866042446941324 0.6006416666666666 0.6854556803995006 0.6039666666666667 0.6570911360799002 0.6093416666666667 0.6356429463171036 0.6093416666666667 0.6072784019975032 0.6088250000000001 0.5846816479400749 0.606525 0.5735580524344569 0.6032000000000001 0.5655181023720349 0.5975750000000001 0.5632209737827715 0.5914333333333334 0.5597752808988764 0.58555 0.5574656679151061
3 0.4537833333333333 0.39584269662921345 0.43087499999999995 0.41072409488139827 0.4178916666666667 0.43817727840199755 0.41407499999999997 0.4953932584269663 0.417125 0.5388639200998752 0.43927499999999997 0.5422971285892634 0.464475 0.5400124843945069 0.4876666666666667 0.5540574282147316 0.503425 0.558314606741573 0.5103 0.5491635455680399 0.5125916666666667 0.5182771535580524 0.5118250000000001 0.4404744069912609 0.508775 0.40614232209737827 0.5011333333333333 0.39813982521847696 0.4843333333333334 0.38897627965043696 0.4652416666666666 0.38325842696629214