0 0.8296041666666666 0.5896874999999999 0.8155833333333333 0.59134375 0.8011666666666667 0.59028125 0.7946875 0.5891875 0.8076458333333334 0.607 0.8134166666666667 0.625375 0.8220624999999999 0.6523125000000001 0.8191666666666666 0.7106874999999999 0.8220624999999999 0.72628125 0.8260208333333333 0.7284375 0.8350208333333333 0.7209375 0.8418541666666666 0.7046875 0.8461666666666667 0.68259375 0.8494166666666667 0.66209375 0.8415 0.654 0.8346458333333333 0.6405000000000001 0.8346458333333333 0.6264375 0.8335833333333333 0.6161875 0.8303333333333334 0.60646875
0 0.8163541666666667 0.5364687499999999 0.8013541666666666 0.5192812499999999 0.7928333333333334 0.51334375 0.7796875 0.517375 0.7651041666666667 0.5208437499999999 0.7574166666666666 0.52334375 0.7580208333333334 0.5286562499999999 0.7651041666666667 0.53240625 0.7817708333333333 0.5283125 0.7955208333333333 0.52490625 0.8096875 0.5349062499999999
0 0.48374999999999996 0.37821875 0.48333333333333334 0.371625 0.48083333333333333 0.36884375 0.478125 0.3725625 0.47583333333333333 0.37853125 0.47708333333333336 0.38225 0.48062499999999997 0.38446875 0.4825 0.384125
0 0.481875 0.3940625 0.4720833333333333 0.39468749999999997 0.46625 0.39875 0.46020833333333333 0.40625 0.455 0.4096875 0.451875 0.41281249999999997 0.4514583333333333 0.421875 0.45916666666666667 0.421875 0.4675 0.4190625 0.47270833333333334 0.4175 0.475625 0.4096875 0.4795833333333333 0.403125
1 0.4843958333333333 0.328125 0.4780833333333333 0.333625 0.46177083333333335 0.3570625 0.454125 0.3665625 0.45079166666666665 0.42396874999999995 0.4591041666666667 0.42596875 0.47675 0.42546875 0.47908333333333336 0.41150000000000003 0.48239583333333336 0.398 0.49272916666666666 0.38453125 0.495375 0.3680625 0.497375 0.34659375 0.49604166666666666 0.33659374999999997 0.4907291666666667 0.331125
3 0.5011666666666666 0.30846874999999996 0.4745416666666667 0.33590624999999996 0.45391666666666663 0.366875 0.44958333333333333 0.43125 0.45258333333333334 0.44475 0.4625625 0.45371875 0.476875 0.45421875 0.484875 0.45771875 0.4941875 0.46421875 0.5051666666666667 0.46421875 0.5105 0.4731875 0.5221458333333333 0.47868750000000004 0.5381250000000001 0.47768750000000004 0.5454375 0.4686875 0.56275 0.46821875 0.587375 0.46171875 0.6006874999999999 0.45371875 0.6036874999999999 0.43674999999999997 0.6000208333333333 0.38484375000000004 0.592375 0.33790624999999996 0.5773958333333333 0.30993750000000003 0.55875 0.29446875 0.5414375 0.28896875 0.5224791666666666 0.29096875
0 0.7304999999999999 0.34471875 0.7373958333333334 0.42340625000000004 0.7160208333333333 0.437875 0.7208333333333333 0.45443749999999994 0.7477083333333333 0.4725 0.7657083333333333 0.47824999999999995 0.778125 0.47515625000000006 0.7919166666666667 0.45443749999999994 0.8140000000000001 0.44203125 0.8250416666666667 0.43581250000000005 0.8450624999999999 0.4058125 0.8561041666666667 0.38921875 0.8637083333333333 0.37784375 0.8643958333333334 0.371625 0.8650833333333333 0.32609374999999996 0.8554166666666667 0.27640625 0.8436875 0.2774375 0.8361041666666666 0.2991875 0.8222916666666666 0.33334375 0.8112499999999999 0.3623125 0.7946875 0.37784375 0.7684583333333334 0.371625 0.7422291666666666 0.348875
0 0.12835416666666666 0.575 0.1254375 0.5696875 0.1223125 0.5709375 0.12085416666666667 0.5753125 0.12252083333333334 0.578125 0.12689583333333332 0.58125 0.12814583333333332 0.5806250000000001
3 0.7272708333333333 0.34253125 0.7370208333333333 0.42856249999999996 0.715375 0.4350625 0.718625 0.47728125 0.7207708333333334 0.51784375 0.7359375 0.54384375 0.7689583333333334 0.5315624999999999 0.7956249999999999 0.5246875 0.8311666666666666 0.5535625 0.8625624999999999 0.5649375 0.879875 0.54221875 0.8842083333333334 0.45453124999999994 0.8636458333333333 0.376625 0.8625624999999999 0.362 0.8647083333333333 0.3263125 0.8549791666666666 0.27271875 0.8420000000000001 0.28084375 0.8235833333333333 0.3246875 0.8116875 0.36524999999999996 0.7900416666666668 0.376625 0.7683958333333333 0.370125 0.7510833333333333 0.35390625 0.7272708333333333 0.33603125
3 0.6515208333333333 0.5454687500000001 0.6360416666666667 0.5659375 0.6363541666666667 0.59090625 0.6385208333333333 0.6136250000000001 0.6287916666666666 0.72078125 0.6396041666666666 0.7775937500000001 0.6601666666666667 0.7954687500000001 0.67425 0.83278125 0.7110416666666667 0.883125 0.7261875 0.90096875 0.7662291666666667 0.8522812500000001 0.7727291666666667 0.77434375 0.7618958333333333 0.6801875 0.7370208333333333 0.62175 0.7177083333333333 0.575 0.6948124999999999 0.5649375 0.6802083333333333 0.5496875 0.6566666666666666 0.5459375
3 0.5811666666666666 0.5454687500000001 0.5606041666666666 0.5584374999999999 0.547625 0.6168750000000001 0.5714375 0.7808437500000001 0.5920000000000001 0.8198124999999999 0.6168750000000001 0.8019375 0.626625 0.75975 0.629875 0.70778125 0.6385208333333333 0.610375 0.6342083333333334 0.58278125 0.6316666666666666 0.5646875 0.6108333333333333 0.5475 0.5975 0.54375
3 0.7218541666666667 0.5746875 0.74675 0.64121875 0.7608125 0.6753125 0.7683958333333333 0.7175312500000001 0.7867916666666667 0.72078125 0.8051875000000001 0.7305312500000001 0.8290000000000001 0.763 0.8200000000000001 0.7203125 0.8203541666666666 0.65096875 0.8106041666666666 0.612 0.7900416666666668 0.58765625 0.7640625 0.58928125 0.7424166666666667 0.58765625 0.7251041666666667 0.5730625
3 0.7987083333333334 0.58603125 0.8181875000000001 0.58603125 0.8376666666666667 0.58115625 0.8722916666666667 0.610375 0.8722916666666667 0.66884375 0.8679583333333334 0.70615625 0.8614791666666667 0.735375 0.8560625000000001 0.76621875 0.8420000000000001 0.78409375 0.8290000000000001 0.7565000000000001 0.8185416666666666 0.7190624999999999 0.8189583333333333 0.6443749999999999 0.80875 0.6096874999999999 0.7922916666666667 0.589375
0 0.03204166666666667 0.50928125 0.02814583333333333 0.537625 0.027854166666666666 0.55740625 0.03054166666666667 0.57228125 0.04225 0.566875 0.04675 0.55653125 0.04704166666666666 0.53178125 0.041041666666666664 0.5223125 0.03804166666666667 0.5178125
0 0.6287916666666666 0.7224062499999999 0.6428541666666666 0.77434375 0.6590833333333334 0.78896875 0.6590833333333334 0.7305312500000001 0.6385208333333333 0.72078125 0.6428541666666666 0.66721875 0.6342083333333334 0.639625 0.629875 0.72565625
3 0.4058541666666667 0.53896875 0.39177083333333335 0.5470625 0.4004375 0.60715625 0.3982708333333333 0.7045312499999999 0.43181250000000004 0.7386250000000001 0.4502083333333333 0.73215625 0.4642916666666667 0.71428125 0.4826875 0.6558437500000001 0.48702083333333335 0.58440625 0.48702083333333335 0.5681875 0.468625 0.53409375 0.4328958333333333 0.53571875 0.40691666666666665 0.53571875
3 0.29654166666666665 0.53734375 0.291125 0.5519375 0.29654166666666665 0.72565625 0.32358333333333333 0.74025 0.3560625 0.7191562499999999 0.3874375 0.70615625 0.39177083333333335 0.7013125 0.3874375 0.6558437500000001 0.3993541666666667 0.6055312500000001 0.3982708333333333 0.58115625 0.39285416666666667 0.5454687500000001 0.370125 0.54221875 0.36039583333333336 0.5454687500000001 0.3225208333333333 0.5275937500000001 0.2987083333333333 0.5324687499999999
3 0.11147916666666666 0.4220625 0.059520833333333335 0.4220625 0.035708333333333335 0.46753125000000006 0.0238125 0.5065000000000001 0.0238125 0.53896875 0.0238125 0.5633125 0.029229166666666664 0.6136250000000001 0.055187499999999994 0.64284375 0.09522916666666667 0.64284375 0.12987500000000002 0.6574687499999999 0.15691666666666665 0.65421875 0.18072916666666666 0.5616875 0.19264583333333332 0.48862500000000003 0.20129166666666667 0.44643750000000004 0.16883333333333334 0.4480625 0.14502083333333332 0.44643750000000004 0.13635416666666667 0.44643750000000004 0.12979166666666667 0.4221875
3 0.21320833333333333 0.53409375 0.19264583333333332 0.5779375 0.1764166666666667 0.73215625 0.1764166666666667 0.78409375 0.1753333333333333 0.8165625000000001 0.20995833333333333 0.7970625 0.23810416666666667 0.75325 0.2565 0.7224062499999999 0.28354166666666664 0.71103125 0.29762500000000003 0.7029375 0.294375 0.6331249999999999 0.2922083333333333 0.5503125 0.281375 0.52921875 0.23377083333333332 0.5454687500000001 0.21754166666666666 0.53409375
3 0.4935 0.52596875 0.48702083333333335 0.53896875 0.48160416666666667 0.5454687500000001 0.49024999999999996 0.5714375 0.4826875 0.64934375 0.5216458333333333 0.6866875 0.5573541666666666 0.72078125 0.5519583333333333 0.66884375 0.547625 0.64121875 0.5562708333333333 0.5763125 0.5627708333333333 0.5584374999999999 0.5562708333333333 0.5470625 0.547625 0.52596875 0.531375 0.52109375 0.49674999999999997 0.52109375
3 0.20345833333333332 0.22890625 0.18289583333333334 0.26621875 0.17099999999999999 0.30843750000000003 0.16233333333333333 0.37174999999999997 0.17099999999999999 0.389625 0.18397916666666667 0.389625 0.1883125 0.375 0.208875 0.383125 0.22185416666666666 0.38475000000000004 0.23377083333333332 0.383125 0.24566666666666667 0.36524999999999996 0.2565 0.362 0.2554166666666667 0.34090625 0.23702083333333332 0.3133125 0.24025 0.27596875 0.2359375 0.25325000000000003 0.2196875 0.23053125 0.202375 0.22728125000000002
3 0.34739583333333335 0.26621875 0.31277083333333333 0.28734375 0.2922083333333333 0.3214375 0.2748958333333333 0.35228125 0.2705625 0.41071875 0.28245833333333337 0.4220625 0.3062708333333333 0.42368750000000005 0.3398333333333333 0.46428125 0.37554166666666666 0.47565625 0.41775 0.47078125000000004 0.43072916666666666 0.41884375 0.4220833333333333 0.389625 0.41991666666666666 0.360375 0.4004375 0.3133125 0.38635416666666667 0.3003125 0.366875 0.28246875 0.34631249999999997 0.26784375
3 0.6352916666666667 0.3003125 0.6136458333333333 0.35715625 0.6190416666666666 0.4334375 0.6623333333333333 0.45453124999999994 0.7370208333333333 0.42856249999999996 0.7283541666666667 0.34253125 0.7132083333333333 0.27271875 0.7002083333333334 0.2435 0.6666666666666666 0.251625 0.6439374999999999 0.27921874999999996 0.6342083333333334 0.29221875
0 0.08335416666666666 0.46312499999999995 0.07127083333333334 0.4684375 0.0623125 0.47625 0.06064583333333333 0.48218750000000005 0.06272916666666667 0.48531250000000004 0.0729375 0.4828125 0.08377083333333334 0.47906250000000006 0.0891875 0.47750000000000004 0.09335416666666667 0.471875 0.09272916666666667 0.46624999999999994 0.0891875 0.46281249999999996