3 0.9960421545667447 0.20448763250883392 0.977751756440281 0.24992932862190814 0.9691334894613582 0.25968197879858657 0.9755971896955503 0.29053003533568905 0.964847775175644 0.4999293286219081 0.9831381733021077 0.5746289752650177 0.9928103044496487 0.6103180212014134 1 0.6187632508833922 1 0.29791519434628977 0.9992740046838408 0.20286219081272083
3 0.7184543325526932 0.13791519434628977 0.6840281030444965 0.17038869257950529 0.6560421545667448 0.23696113074204947 0.647447306791569 0.24830388692579503 0.6528337236533958 0.38303886925795055 0.6506791569086651 0.45448763250883395 0.6592740046838407 0.5730035335689045 0.6797189695550352 0.6541696113074205 0.7162997658079625 0.7142049469964664 0.769016393442623 0.7450530035335688 0.8292740046838408 0.7369611307420495 0.9002810304449649 0.6736395759717314 0.9347072599531616 0.5892226148409894 0.964847775175644 0.4804593639575972 0.9723653395784543 0.3895406360424028 0.977751756440281 0.29703180212014135 0.964847775175644 0.24830388692579503 0.9110538641686182 0.1476678445229682 0.8776814988290398 0.12819787985865724 0.8454098360655737 0.11031802120141343 0.7916159250585479 0.11031802120141343 0.7216861826697892 0.13628975265017668
0 0.6380562060889929 0.3911660777385159 0.6306323185011709 0.41455830388692577 0.6259250585480093 0.4333922261484099 0.6282669789227165 0.458303886925795 0.6303044496487119 0.4847703180212014 0.6360421545667446 0.5025795053003533 0.6441217798594848 0.5168197879858657 0.6518735362997659 0.5051236749116608 0.6471662763466042 0.44915194346289755 0.6485011709601874 0.40946996466431096 0.6464871194379391 0.3896113074204947 0.6414285714285713 0.3819787985865724
0 0.38892271662763467 0.8736395759717315 0.38447306791569086 0.867279151943463 0.3788524590163935 0.8609187279151943 0.3767447306791569 0.8640989399293286 0.3788524590163935 0.8708127208480565 0.3837704918032787 0.8757597173144877 0.38587822014051526 0.876113074204947
0 0.40508196721311474 0.8319434628975265 0.4032084309133489 0.8421908127208481 0.3999297423887588 0.8464310954063604 0.3999297423887588 0.8524381625441696 0.4076580796252927 0.8510247349823322 0.4116393442622951 0.8460777385159011 0.4128103044496487 0.838303886925795 0.40976580796252926 0.8301766784452297
0 0.3226463700234192 0.7630388692579505 0.3174941451990632 0.7764664310954064 0.31679156908665107 0.7937809187279151 0.31936768149882905 0.8022614840989399 0.3214754098360656 0.8029681978798587 0.32639344262295084 0.7962544169611308 0.3285011709601874 0.7842402826855124 0.32920374707259953 0.7743462897526501 0.329672131147541 0.7693992932862191 0.32686182669789227 0.7648056537102473
3 0.000819672131147541 0.24021201413427562 0.02878220140515222 0.24021201413427562 0.08259953161592506 0.267809187279152 0.10733021077283372 0.31 0.14714285714285713 0.3749469964664311 0.15468384074941452 0.4333922261484099 0.14822014051522248 0.5096819787985866 0.14283372365339578 0.5989752650176678 0.14498829039812647 0.7385865724381626 0.16651053864168616 0.7970318021201414 0.16004683840749415 0.850600706713781 0.15789227166276348 0.8895406360424029 0.13423887587822014 0.996678445229682 0 0.998303886925795 0 0.24021201413427562
1 0.3325526932084309 0.4565724381625442 0.3070491803278689 0.4466431095406361 0.2633957845433255 0.4727208480565371 0.24611241217798596 0.4876325088339223 0.2230679156908665 0.5074911660777386 0.2247072599531616 0.568374558303887 0.22882903981264635 0.6081272084805653 0.25845433255269323 0.6304946996466432 0.26423887587822015 0.6441342756183746 0.2872833723653396 0.6963250883392226 0.2988056206088993 0.6963250883392226 0.31775175644028103 0.6789399293286219 0.310327868852459 0.6242756183745582 0.32185011709601874 0.578303886925795 0.36550351288056204 0.5360777385159011 0.39348946135831386 0.509964664310954 0.4157142857142857 0.5000353356890459 0.3836065573770492 0.4963250883392226 0.35807962529274007 0.4789399293286219 0.34903981264637 0.46897526501766784
3 0.18480093676814988 0.24342756183745584 0.15252927400468383 0.33272084805653707 0.14929742388758782 0.39441696113074204 0.15789227166276348 0.42851590106007065 0.15576112412177986 0.47395759717314484 0.1514519906323185 0.5486219081272085 0.15576112412177986 0.5859717314487632 0.15252927400468383 0.6622614840989399 0.1514519906323185 0.7418021201413428 0.19126463700234192 0.8570671378091873 0.24398126463700237 0.9041696113074205 0.3106791569086651 0.9285159010600706 0.3806088992974239 0.9155123674911659 0.3967447306791569 0.9057950530035335 0.46885245901639344 0.9155123674911659 0.5420140515222482 0.8911660777385159 0.5828805620608899 0.8278445229681979 0.605480093676815 0.7028621908127208 0.644215456674473 0.5940989399293286 0.6592740046838407 0.5534982332155477 0.6560421545667448 0.5178091872791519 0.6485245901639345 0.45286219081272083 0.653887587822014 0.3700706713780919 0.647447306791569 0.24830388692579503 0.618384074941452 0.18985865724381623 0.595807962529274 0.15901060070671377 0.5688992974238876 0.11681978798586573 0.5377049180327869 0.10706713780918728 0.4720608899297424 0.10060070671378092 0.4279625292740047 0.1184452296819788 0.3903044496487119 0.15091872791519434 0.37201405152224826 0.16226148409893992 0.34941451990632316 0.15579505300353358 0.29023419203747075 0.16876325088339222 0.25473067915690867 0.1833922261484099 0.18587822014051522 0.23858657243816253
0 0.41911007025761127 0.5492932862190812 0.4127868852459016 0.5464664310954064 0.4088056206088993 0.5489399293286219 0.4081030444964871 0.5560070671378091 0.40927400468384073 0.5602473498233216 0.41021077283372365 0.561660777385159 0.4158313817330211 0.5591872791519434 0.419344262295082 0.5556537102473498
0 0.30156908665105386 0.4612014134275619 0.3001405152224824 0.48279151943462895 0.3025292740046839 0.5043462897526502 0.30585480093676815 0.5079505300353356 0.308711943793911 0.5215901060070672 0.3173067915690867 0.5331095406360424 0.32777517564402814 0.5431802120141342 0.3182435597189695 0.553957597173145 0.30395784543325527 0.5582685512367491 0.29156908665105385 0.5654416961130743 0.2863231850117096 0.5675971731448763 0.2810772833723653 0.5769611307420495 0.2706088992974239 0.5920494699646643 0.2663231850117096 0.6136042402826856 0.27536299765807964 0.6229681978798587 0.28824355971896953 0.6251236749116608 0.2977751756440281 0.604982332155477 0.3025292740046839 0.5862897526501767 0.31491803278688524 0.5798233215547703 0.33112412177985945 0.5675971731448763 0.34398126463700235 0.5525088339222616 0.3468384074941452 0.5309540636042402 0.34398126463700235 0.505053003533569 0.3358782201405152 0.47918727915194353 0.32920374707259953 0.46480565371024735 0.3215925058548009 0.4590459363957597 0.31110070257611244 0.4532862190812721
1 0.6469789227166276 0.38738515901060067 0.6420374707259953 0.3799293286219081 0.6338173302107728 0.38738515901060067 0.6140515222482436 0.3811660777385159 0.6017096018735363 0.3674911660777385 0.5844028103044496 0.34141342756183746 0.565480093676815 0.3451236749116608 0.5432552693208431 0.3786925795053004 0.5473536299765808 0.4233922261484099 0.5646604215456675 0.4581625441696113 0.580304449648712 0.47558303886925796 0.6008899297423888 0.4929681978798586 0.6198126463700234 0.48798586572438163 0.6362763466042155 0.5078798586572438 0.644519906323185 0.5215194346289753 0.6544028103044497 0.5575618374558303 0.6576814988290398 0.5476325088339222 0.6544028103044497 0.5004240282685513 0.6477985948477752 0.44575971731448766 0.6502810304449649 0.40724381625441697