3 0.13961666666666667 0.189925 0.11905000000000002 0.21265 0.10823333333333333 0.224025 0.09415 0.24025 0.08875 0.262975 0.079 0.285725 0.06818333333333333 0.32142499999999996 0.0606 0.33604999999999996 0.050866666666666664 0.35715 0.041133333333333334 0.3896 0.032466666666666665 0.42207500000000003 0.025966666666666666 0.45292499999999997 0.032466666666666665 0.629875 0.06709999999999999 0.7078 0.10173333333333333 0.75325 0.14176666666666668 0.7711 0.19048333333333334 0.7922 0.24135 0.80845 0.3073666666666666 0.8051999999999999 0.34415 0.782475 0.3961 0.7061750000000001 0.40585 0.6769499999999999 0.41991666666666666 0.644475 0.4318166666666666 0.6185 0.4437166666666667 0.571425 0.4491333333333334 0.53085 0.45238333333333336 0.45455 0.44804999999999995 0.40909999999999996 0.44804999999999995 0.3539 0.4253166666666667 0.269475 0.40476666666666666 0.24350000000000002 0.38311666666666666 0.2078 0.3549833333333334 0.18182500000000001 0.329 0.17695 0.3052 0.1867 0.28246666666666664 0.1948 0.2597333333333333 0.1948 0.22618333333333335 0.185075 0.20886666666666664 0.18182500000000001 0.18289999999999998 0.18182500000000001 0.16125 0.18345 0.1407 0.1883
3 0.7662333333333333 0.31655 0.7445833333333334 0.324675 0.7283499999999999 0.3328 0.7142833333333333 0.35064999999999996 0.7023833333333334 0.376625 0.6915666666666667 0.418825 0.68615 0.45130000000000003 0.6796500000000001 0.487025 0.6731666666666666 0.5276 0.6699166666666666 0.5828 0.6807333333333333 0.6315 0.6937166666666666 0.6948000000000001 0.7121166666666666 0.7402500000000001 0.7251 0.7646 0.74675 0.7841 0.7987000000000001 0.7987000000000001 0.83225 0.800325 0.8777 0.775975 0.9101666666666667 0.745125 0.9285666666666667 0.7078 0.9404833333333332 0.657475 0.9469666666666666 0.613625 0.9469666666666666 0.57305 0.9404833333333332 0.53085 0.9372333333333334 0.49674999999999997 0.9502166666666667 0.42857500000000004 0.9372333333333334 0.3961 0.9090833333333334 0.35715 0.8960999999999999 0.34415 0.8820333333333333 0.32305 0.8603833333333334 0.30519999999999997 0.829 0.30519999999999997 0.8052 0.30845 0.7813833333333333 0.314925 0.7597333333333333 0.31655
3 0.99135 0.362025 0.9675333333333334 0.39122500000000004 0.9588666666666668 0.42045 0.9512999999999999 0.43670000000000003 0.9394 0.47564999999999996 0.9372333333333334 0.5178499999999999 0.9372333333333334 0.535725 0.9448 0.5617 0.9458833333333333 0.58765 0.9458833333333333 0.62825 0.9458833333333333 0.66235 0.9534666666666667 0.7061750000000001 0.9599500000000001 0.7354 0.9697000000000001 0.766225 0.9783499999999999 0.7938249999999999 0.9837666666666667 0.8117 0.99135 0.82955 0.9978333333333335 0.8360500000000001 1 0.345775 0.9935 0.352275
3 0.45021666666666665 0.35715 0.47295 0.31329999999999997 0.5075833333333334 0.30357500000000004 0.5292166666666667 0.285725 0.5443666666666667 0.2776 0.5681833333333334 0.272725 0.5930666666666666 0.275975 0.6233833333333333 0.2922 0.6428499999999999 0.314925 0.6601666666666667 0.33442500000000003 0.6774833333333333 0.36524999999999996 0.6872333333333333 0.39122500000000004 0.6904833333333333 0.41395000000000004 0.68615 0.46104999999999996 0.6807333333333333 0.487025 0.6666666666666666 0.5211 0.6645 0.560075 0.671 0.62175 0.6753166666666667 0.6558499999999999 0.6666666666666666 0.71265 0.64935 0.75325 0.6374500000000001 0.7841 0.5941500000000001 0.818175 0.5670999999999999 0.824675 0.5476166666666666 0.8133 0.5173166666666666 0.7987000000000001 0.50865 0.779225 0.49675 0.7565000000000001 0.48268333333333335 0.730525 0.4653666666666667 0.702925 0.45886666666666664 0.67045 0.44804999999999995 0.637975 0.4426333333333333 0.6103999999999999 0.4372333333333333 0.5909 0.45021666666666665 0.532475 0.44804999999999995 0.48377499999999996 0.45346666666666663 0.42207500000000003 0.45238333333333336 0.376625 0.44804999999999995 0.362025
0 0.023816666666666667 0.55195 0.020566666666666667 0.564925 0.017316666666666668 0.577925 0.023816666666666667 0.571425 0.0249 0.564925 0.0249 0.5487
0 0.02385 0.24455 0.021866666666666666 0.24955 0.0187 0.25429999999999997 0.018016666666666667 0.2588 0.0192 0.2638 0.021533333333333335 0.26405 0.024033333333333334 0.25855 0.026533333333333332 0.25055 0.029683333333333332 0.24905000000000002 0.03253333333333333 0.24455 0.03385 0.24004999999999999 0.0352 0.23855 0.038200000000000005 0.23754999999999998 0.0402 0.2343 0.038016666666666664 0.23204999999999998 0.0337 0.2328 0.0312 0.2328 0.02986666666666667 0.23555 0.028200000000000003 0.23704999999999998 0.025866666666666666 0.23754999999999998 0.024033333333333334 0.2378 0.024866666666666665 0.2418
0 0.5893666666666667 0.5341 0.5652333333333334 0.52535 0.5497 0.520375 0.5375 0.5186999999999999 0.5250166666666667 0.518275 0.5097666666666667 0.52495 0.5006166666666667 0.5341 0.49895 0.542825 0.5131 0.5357500000000001 0.5236333333333334 0.5266 0.53195 0.52535 0.5391666666666667 0.529525 0.5522 0.530775 0.5658000000000001 0.53535 0.5827166666666667 0.538675 0.5874333333333333 0.541175
0 0.18556666666666669 0.530975 0.18256666666666668 0.534725 0.1814 0.536725 0.1819 0.540975 0.1834 0.541725 0.18373333333333333 0.545475 0.1864 0.544975 0.18673333333333333 0.543225 0.1869 0.535475
0 0.3689 0.514225 0.3654 0.515725 0.36823333333333336 0.5182249999999999 0.3689 0.522725 0.3699 0.5232249999999999 0.3734 0.5234749999999999 0.37306666666666666 0.5182249999999999 0.37373333333333336 0.515725 0.3752333333333333 0.512475 0.3749 0.508475 0.37256666666666666 0.509725 0.37123333333333336 0.512725
0 0.2680666666666667 0.513475 0.2642333333333333 0.511975 0.2597333333333333 0.510975 0.25589999999999996 0.511225 0.25706666666666667 0.513725 0.26106666666666667 0.514475 0.26189999999999997 0.515975 0.26256666666666667 0.517975 0.26439999999999997 0.519475 0.2657333333333333 0.520225 0.2672333333333333 0.5182249999999999
1 0.6617 0.39380000000000004 0.6489166666666667 0.4104 0.6243833333333333 0.459125 0.5995 0.497475 0.5957 0.5223749999999999 0.59915 0.546725 0.6136666666666667 0.56435 0.6268 0.571625 0.6409666666666667 0.561775 0.6520333333333334 0.5457 0.6617 0.507325 0.6738 0.47104999999999997 0.6803666666666667 0.423875 0.6765666666666666 0.403125 0.67345 0.39535
3 0 0.6490250000000001 0.032466666666666665 0.5909 0.025966666666666666 0.44155 0.03571666666666667 0.41395000000000004 0.04545 0.376625 0.053033333333333335 0.34902500000000003 0.06818333333333333 0.32305 0.08008333333333333 0.285725 0.0974 0.24025 0.11146666666666666 0.227275 0.11905000000000002 0.2078 0.11688333333333333 0.1867 0.10606666666666667 0.17045000000000002 0.08008333333333333 0.1396 0.07143333333333333 0.125 0.0552 0.113625 0.03896666666666666 0.099025 0.017316666666666668 0.0974 0.00325 0.0974 0 0.0974