3 0.6762 0.2502666666666667 0.6674333333333333 0.2806666666666667 0.6694 0.3116 0.6754 0.3436 0.6986 0.36279999999999996 0.7293999999999999 0.36493333333333333 0.7465999999999999 0.3644 0.7634000000000001 0.34946666666666665 0.777 0.31693333333333334 0.783 0.29133333333333333 0.7762 0.2561333333333333 0.7610333333333333 0.23426666666666668 0.7410333333333333 0.21986666666666665 0.7234 0.21666666666666667 0.7066 0.22413333333333332 0.6910333333333334 0.23426666666666668
0 0.21086666666666665 0.47946666666666665 0.20986666666666667 0.49146666666666666 0.20386666666666667 0.5012444444444445 0.20253333333333332 0.5159111111111111 0.19953333333333334 0.5239111111111111 0.1972 0.5270222222222222 0.19386666666666666 0.5372444444444444 0.19586666666666666 0.5448 0.2012 0.5456888888888889 0.2072 0.5412444444444444 0.20786666666666667 0.5288 0.2112 0.5190222222222223 0.21486666666666665 0.5061333333333333 0.21686666666666668 0.49013333333333337 0.2152 0.48035555555555554
3 0.7479333333333333 0.37693333333333334 0.7392666666666666 0.38004444444444446 0.7306 0.38715555555555553 0.7242666666666667 0.39426666666666665 0.7262666666666666 0.40271111111111113 0.7329333333333333 0.4124888888888889 0.7412666666666666 0.4133777777777778 0.7449333333333333 0.41115555555555555 0.7479333333333333 0.40715555555555555 0.7492666666666666 0.39782222222222224 0.7489333333333333 0.3884888888888889
3 0.7556 0.4436 0.7512666666666666 0.4422666666666667 0.7489333333333333 0.4498222222222222 0.7456 0.44448888888888893 0.7449333333333333 0.43648888888888887 0.7406 0.4404888888888889 0.7399333333333333 0.4467111111111111 0.7412666666666666 0.4520444444444444 0.7446 0.4556 0.7489333333333333 0.4560444444444444 0.7519333333333333 0.45871111111111107 0.7569333333333333 0.4604888888888889 0.7586 0.45826666666666666 0.7579333333333333 0.45515555555555554
3 0.7992666666666667 0.4920444444444444 0.7926 0.4916 0.7902666666666667 0.49737777777777775 0.7932666666666667 0.4996 0.7982666666666667 0.5004888888888889 0.7926 0.5049333333333333 0.7936000000000001 0.5084888888888889 0.7989333333333334 0.5187111111111111 0.7996 0.5253777777777777 0.7952666666666667 0.5298222222222222 0.7909333333333334 0.5316 0.7892666666666667 0.5449333333333334 0.7872666666666667 0.5533777777777777 0.7882666666666667 0.5627111111111112 0.7962666666666667 0.5751555555555555 0.8076 0.5751555555555555 0.8142666666666667 0.5742666666666667 0.8172666666666667 0.5684888888888888 0.8169333333333334 0.5564888888888888 0.8136 0.5498222222222222 0.8076 0.5444888888888889 0.8056 0.5378222222222222 0.8049333333333333 0.5249333333333334 0.8062666666666667 0.5173777777777777 0.8062666666666667 0.5098222222222222 0.8039333333333334 0.5004888888888889
3 0.16623333333333332 0.4422666666666667 0.15263333333333334 0.4625333333333333 0.1418333333333333 0.49293333333333333 0.14583333333333334 0.5276 0.15383333333333332 0.5441333333333334 0.16543333333333335 0.5601333333333334 0.18463333333333334 0.5734666666666667 0.21023333333333333 0.5713333333333334 0.23103333333333334 0.5708000000000001 0.24783333333333332 0.5606666666666666 0.25743333333333335 0.5414666666666667 0.2618333333333333 0.5212 0.2582333333333333 0.4998666666666667 0.24943333333333334 0.4822666666666667 0.23183333333333334 0.4673333333333334 0.2190333333333333 0.45826666666666666 0.20623333333333332 0.44813333333333333 0.19663333333333333 0.4412 0.18663333333333335 0.43746666666666667 0.18023333333333333 0.4396
3 0.15426666666666666 0.5459555555555555 0.13346666666666665 0.5576888888888889 0.11746666666666668 0.5710222222222222 0.10826666666666665 0.6120888888888889 0.10466666666666666 0.6542222222222221 0.11186666666666667 0.6872888888888888 0.11586666666666666 0.7123555555555555 0.13346666666666665 0.730488888888889 0.14266666666666666 0.749688888888889 0.16106666666666666 0.7523555555555556 0.18226666666666666 0.7432888888888889 0.19786666666666666 0.7278222222222221 0.21186666666666668 0.7123555555555555 0.23106666666666664 0.6910222222222222 0.24226666666666669 0.6707555555555555 0.24546666666666667 0.6526222222222222 0.23706666666666668 0.6264888888888889 0.22266666666666665 0.5992888888888889 0.20986666666666667 0.5747555555555556 0.19666666666666666 0.5731555555555556 0.18506666666666668 0.5715555555555555 0.17586666666666667 0.5699555555555555 0.16786666666666666 0.5603555555555555
0 0.2572 0.41102222222222223 0.2518666666666667 0.41057777777777776 0.2422 0.4261333333333333 0.24286666666666668 0.4381333333333333 0.24686666666666668 0.4470222222222222 0.25653333333333334 0.4448 0.26286666666666664 0.43413333333333337 0.26353333333333334 0.4248 0.2608666666666667 0.4212444444444445
3 0.7842333333333333 0.6001333333333333 0.7574333333333333 0.6262666666666666 0.7374333333333333 0.6614666666666668 0.7410333333333333 0.6934666666666667 0.7478333333333333 0.7313333333333334 0.7630333333333333 0.7702666666666667 0.7766333333333334 0.7926666666666666 0.7946333333333333 0.7990666666666666 0.8190333333333334 0.7878666666666667 0.8402333333333333 0.7718666666666666 0.8622333333333334 0.7564 0.8718333333333333 0.7446666666666667 0.8710333333333333 0.7068 0.8682333333333334 0.6566666666666666 0.8642333333333333 0.6187999999999999 0.8574333333333334 0.5964 0.8334333333333334 0.5894666666666667 0.8094333333333333 0.5937333333333333 0.7966333333333334 0.5980000000000001
3 0.8034 0.4652 0.785 0.4828 0.7606 0.4998666666666667 0.7398 0.5244 0.7346 0.5548 0.7498 0.5825333333333333 0.7726 0.5937333333333333 0.7989999999999999 0.5942666666666667 0.8266 0.5883999999999999 0.8474333333333333 0.5809333333333334 0.8538333333333332 0.5585333333333333 0.855 0.5238666666666667 0.8510333333333333 0.4881333333333333 0.843 0.4706666666666667 0.8210333333333334 0.4636
3 0.7522333333333333 0.36546666666666666 0.7286333333333334 0.3777333333333333 0.7074333333333332 0.3932 0.6910333333333334 0.41133333333333333 0.6898333333333333 0.44866666666666666 0.6938333333333333 0.47106666666666663 0.7154333333333334 0.4865333333333333 0.7438333333333333 0.4865333333333333 0.7670333333333333 0.4881333333333333 0.7833333333333333 0.48266666666666663 0.7954333333333333 0.47106666666666663 0.8134333333333333 0.44866666666666666 0.8198333333333333 0.4049333333333333 0.8122333333333333 0.3777333333333333 0.7994333333333333 0.3622666666666667 0.7878333333333333 0.3542666666666666 0.7738333333333334 0.3558666666666666
3 0.5058 0.08386666666666667 0.5038333333333334 0.09613333333333333 0.5098 0.11586666666666667 0.507 0.13026666666666667 0.5206000000000001 0.1612 0.5462 0.19693333333333335 0.5654 0.2129333333333333 0.5794 0.21559999999999999 0.5913999999999999 0.2028 0.6054 0.17773333333333335 0.6113999999999999 0.15053333333333332 0.6186 0.12066666666666666 0.623 0.10253333333333334 0.6194 0.07693333333333333 0.6142 0.06093333333333334 0.5978 0.056133333333333334 0.5658000000000001 0.0604 0.5458000000000001 0.0636 0.5214 0.0716 0.5138333333333334 0.07426666666666668
3 0.6114333333333334 0.16173333333333334 0.6086333333333334 0.1964 0.6102333333333333 0.22893333333333332 0.6258333333333334 0.2572 0.6458333333333334 0.25773333333333337 0.6654333333333333 0.24866666666666667 0.6862333333333334 0.2364 0.7082333333333334 0.21613333333333334 0.7142333333333334 0.18573333333333333 0.7014333333333334 0.15266666666666667 0.6870333333333334 0.1324 0.6682333333333333 0.12066666666666666 0.6514333333333333 0.11 0.6354333333333333 0.10946666666666666 0.6230333333333333 0.11533333333333333 0.6150333333333333 0.13026666666666667
3 0.385 0.08066666666666666 0.3846 0.1068 0.3966 0.12973333333333334 0.4106 0.17559999999999998 0.42899999999999994 0.20546666666666666 0.4594 0.2129333333333333 0.47419999999999995 0.19959999999999997 0.49620000000000003 0.15906666666666666 0.5034000000000001 0.1356 0.5086 0.1148 0.5014 0.09346666666666667 0.49060000000000004 0.08600000000000001 0.47459999999999997 0.07426666666666668 0.45659999999999995 0.06893333333333333 0.43620000000000003 0.06626666666666667 0.4194 0.0636 0.4078 0.0604 0.40103333333333335 0.059333333333333335 0.389 0.06946666666666668
3 0.3898 0.12013333333333334 0.3814 0.1084 0.369 0.09933333333333334 0.34540000000000004 0.10893333333333334 0.32103333333333334 0.12493333333333333 0.3010333333333333 0.142 0.2926 0.15373333333333336 0.28859999999999997 0.17559999999999998 0.2946 0.19586666666666666 0.303 0.20706666666666668 0.32103333333333334 0.2268 0.347 0.24280000000000002 0.3634 0.2502666666666667 0.38383333333333336 0.23959999999999998 0.39540000000000003 0.22413333333333332 0.39699999999999996 0.1948 0.4023333333333333 0.17022222222222222 0.3993333333333333 0.13777777777777778
3 0.25579999999999997 0.20600000000000002 0.24103333333333335 0.2268 0.23383333333333337 0.24813333333333332 0.2322 0.27 0.2362 0.29400000000000004 0.24060000000000004 0.31533333333333335 0.2486 0.3318666666666667 0.26339999999999997 0.3489333333333334 0.2802 0.35053333333333336 0.30660000000000004 0.3425333333333333 0.325 0.32866666666666666 0.3378 0.3196 0.3442 0.3004 0.3426 0.2684 0.329 0.23426666666666668 0.3118 0.2129333333333333 0.2986 0.20333333333333334 0.287 0.1964 0.27743333333333337 0.19533333333333336 0.2694 0.1948
3 0.26743333333333336 0.3542666666666666 0.2466 0.3388 0.2326 0.3313333333333333 0.213 0.3345333333333333 0.1986 0.35106666666666664 0.195 0.37560000000000004 0.1946 0.39853333333333335 0.1958 0.4284 0.2022 0.4454666666666667 0.21660000000000001 0.4577333333333333 0.2278 0.462 0.23939999999999997 0.45986666666666665 0.25743333333333335 0.47053333333333336 0.2786 0.4742666666666666 0.28900000000000003 0.46893333333333337 0.3018 0.4550666666666667 0.30619999999999997 0.4438666666666667 0.31103333333333333 0.43 0.3126 0.41986666666666667 0.3098 0.4028 0.3034 0.39053333333333334 0.29819999999999997 0.38306666666666667 0.28900000000000003 0.3702666666666667 0.2814 0.36013333333333336
0 0.21623333333333336 0.6918666666666666 0.19583333333333333 0.6881333333333334 0.18103333333333335 0.6716000000000001 0.16943333333333332 0.6636 0.15343333333333334 0.6764 0.14783333333333334 0.6908000000000001 0.1506333333333333 0.7030666666666666 0.15423333333333333 0.7153333333333333 0.16023333333333334 0.7361333333333333 0.17103333333333334 0.7398666666666667 0.18463333333333334 0.7286666666666666 0.19423333333333334 0.7132 0.20543333333333333 0.7132 0.21223333333333333 0.7057333333333333