0 0.3942414860681115 0.925175 0.38139318885448914 0.917825 0.3706811145510836 0.911775 0.3701547987616099 0.9079 0.3578637770897833 0.9061750000000001 0.35356037151702785 0.9061750000000001 0.35891640866873065 0.9135 0.3701547987616099 0.9174 0.37925696594427244 0.9243000000000001 0.3808668730650155 0.9281999999999999 0.3830030959752322 0.93425 0.39476780185758514 0.939425 0.38941176470588235 0.9338249999999999 0.3862229102167183 0.9281999999999999 0.3888854489164087 0.92905
1 0.4326315789473684 0.40397500000000003 0.4302167182662539 0.420225 0.436656346749226 0.43487499999999996 0.4471517027863777 0.435525 0.4628482972136223 0.43487499999999996 0.47773993808049536 0.43975000000000003 0.4809597523219814 0.44689999999999996 0.4741176470588235 0.45927500000000004 0.4628482972136223 0.476825 0.45278637770897834 0.485925 0.4479566563467492 0.498625 0.46083591331269347 0.518775 0.47371517027863774 0.528875 0.5470278637770898 0.525625 0.553467492260062 0.5214 0.5700000000000001 0.521725 0.5812693498452013 0.519775 0.5877089783281734 0.514225 0.5909287925696595 0.50415 0.5764396284829721 0.492775 0.5675851393188854 0.483325 0.5611455108359134 0.4739 0.5438080495356037 0.46155 0.5281114551083592 0.45275 0.5180185758513932 0.440075 0.5184210526315789 0.42542499999999994 0.5273065015479876 0.41015 0.5454179566563467 0.393225 0.5695975232198142 0.376325 0.5796594427244581 0.37079999999999996 0.5607430340557276 0.37145000000000006 0.5252941176470588 0.376 0.4974922600619195 0.382175 0.4302167182662539 0.393225
0 0.45860681114551083 0.241175 0.45619195046439626 0.25525 0.4513312693498452 0.26425 0.44263157894736843 0.275575 0.43826625386996904 0.28300000000000003 0.43876160990712076 0.2916 0.44263157894736843 0.292775 0.45328173374613 0.2834 0.4658513931888545 0.266975 0.4692569659442724 0.25642499999999996 0.47216718266253865 0.25055 0.471671826625387 0.24195 0.4673065015479876 0.23804999999999998 0.46297213622291017 0.239225
3 0.5047678018575851 0.022949999999999998 0.46294117647058824 0.037125 0.41526315789473683 0.07225 0.3885139318885449 0.118175 0.3893498452012384 0.149925 0.3952012383900929 0.16274999999999998 0.42780185758513933 0.173575 0.4495665634674923 0.1945 0.4738080495356037 0.20125 0.5147987616099071 0.2026 0.5424148606811146 0.21207499999999999 0.5658204334365324 0.207325 0.5834055727554179 0.181675 0.5959442724458205 0.136425 0.5909287925696595 0.099275 0.5792260061919505 0.071575 0.5608049535603715 0.046575 0.5307120743034055 0.030375
3 0.524891640866873 0.3753 0.5026315789473684 0.38034999999999997 0.46851393188854495 0.38597499999999996 0.4288544891640867 0.393275 0.40170278637770895 0.41015 0.37739938080495355 0.4355 0.37176470588235294 0.4731 0.39126934984520123 0.506825 0.41842105263157897 0.523675 0.45250773993808047 0.53155 0.4970588235294118 0.527625 0.5715479876160992 0.5247999999999999 0.5903405572755418 0.525925 0.6126006191950465 0.513 0.6307120743034056 0.4804 0.6446130030959752 0.44892499999999996 0.6439318885448917 0.4315 0.6327863777089783 0.41295000000000004 0.6202786377708979 0.3961 0.6028482972136223 0.3826 0.5903405572755418 0.374175 0.5791950464396285 0.37079999999999996 0.561795665634675 0.37134999999999996
3 0.4274613003095975 0.52705 0.39126934984520123 0.539975 0.3592569659442725 0.56135 0.3411455108359133 0.5866250000000001 0.3334984520123839 0.6366499999999999 0.3327863777089783 0.668125 0.3313931888544892 0.6995999999999999 0.34461300309597526 0.7322 0.3724767801857585 0.7552500000000001 0.40656346749226 0.769875 0.4427554179566563 0.77155 0.47897832817337466 0.7755 0.5047058823529412 0.76875 0.5673684210526315 0.758625 0.6014551083591332 0.747375 0.6286068111455108 0.72265 0.6376780185758514 0.6995999999999999 0.651578947368421 0.6619499999999999 0.6703715170278638 0.6406000000000001 0.6787306501547987 0.616425 0.6731578947368422 0.5799 0.6641176470588235 0.560775 0.6418266253869969 0.54335 0.613312693498452 0.5293 0.5952012383900929 0.525375 0.5520433436532508 0.5247999999999999 0.45461300309597524 0.53155
3 0.39126934984520123 0.769875 0.34253869969040246 0.795725 0.31470588235294117 0.8271999999999999 0.3160990712074303 0.875525 0.3272136222910217 0.914875 0.3418266253869969 0.9458 0.3655108359133127 0.967725 0.4093498452012384 0.97615 0.4608668730650155 0.9739 0.5040247678018576 0.9727750000000001 0.566656346749226 0.970525 0.5986996904024767 0.9559000000000001 0.6286068111455108 0.9334250000000001 0.6383591331269349 0.909825 0.6446130030959752 0.8856499999999999 0.6669040247678019 0.865425 0.6710835913312693 0.8266249999999999 0.6675851393188854 0.81145 0.6606811145510836 0.79125 0.6439318885448917 0.7737999999999999 0.621640866873065 0.756375 0.5973065015479876 0.7524500000000001 0.5722291021671827 0.758075 0.4761919504643963 0.7755
1 0.48823529411764705 0.5331 0.4974922600619195 0.5431750000000001 0.5156037151702786 0.54805 0.5285139318885449 0.547075 0.5405882352941177 0.5422 0.5458204334365325 0.537 0.5486377708978328 0.5279 0.545015479876161 0.5262749999999999 0.5196594427244582 0.5279 0.49065015479876156 0.529525
0 0.37275541795665634 0.6465000000000001 0.38390092879256965 0.64625 0.386687306501548 0.649 0.38173374613003097 0.6495000000000001 0.37708978328173376 0.65 0.37337461300309593 0.652 0.3702786377708978 0.6552500000000001 0.36625386996904025 0.65275 0.36439628482972136 0.6497499999999999 0.3609907120743034 0.64725 0.35789473684210527 0.6435 0.36006191950464395 0.644 0.36470588235294116 0.6467499999999999 0.36811145510835913 0.648 0.3696594427244582 0.648
0 0.44334365325077396 0.681825 0.4417956656346749 0.687325 0.4411764705882353 0.6938249999999999 0.44489164086687305 0.698075 0.4470588235294118 0.694825 0.446749226006192 0.6895749999999999 0.4486068111455109 0.687075 0.4504643962848297 0.6850749999999999 0.4507739938080495 0.6830750000000001 0.44891640866873067 0.6825749999999999
0 0.49195046439628487 0.6908249999999999 0.48328173374613004 0.686075 0.47523219814241485 0.682825 0.46996904024767805 0.681325 0.46408668730650154 0.682825 0.46594427244582043 0.6843250000000001 0.4727554179566563 0.688075 0.4780185758513932 0.6908249999999999 0.4842105263157895 0.692825 0.48668730650154796 0.692825
0 0.5151393188854488 0.865125 0.5097832817337461 0.87205 0.5130030959752322 0.8755 0.5204953560371517 0.8768 0.5311764705882352 0.8785250000000001 0.5295975232198142 0.8763500000000001 0.5236842105263158 0.873775 0.5151393188854488 0.871175
0 0.4994427244582043 0.93645 0.4941795665634675 0.9322 0.4830340557275542 0.9322 0.47622291021671825 0.9322 0.47591331269349846 0.9357 0.47808049535603714 0.9367 0.48736842105263156 0.9367 0.4951083591331269 0.9377 0.4985139318885449 0.93895
0 0.5180185758513932 0.9462 0.4957275541795666 0.9487000000000001 0.48086687306501547 0.94845 0.46879256965944266 0.9487000000000001 0.4526934984520124 0.9494499999999999 0.4406191950464396 0.9477 0.4409287925696594 0.9517 0.4530030959752322 0.9567 0.46414860681114545 0.9599500000000001 0.46910216718266257 0.95695 0.47653250773993805 0.9544499999999999 0.4926315789473684 0.9544499999999999 0.5025386996904024 0.9537 0.5096594427244582 0.9517
0 0.6158513931888544 0.9012 0.6053250773993808 0.8996999999999999 0.5991331269349846 0.8972 0.5923219814241486 0.8942 0.5858204334365325 0.8937 0.5845820433436533 0.8967 0.5892260061919504 0.8992 0.5975851393188855 0.8996999999999999 0.60656346749226 0.90295 0.6146130030959752 0.9031999999999999
0 0.4465015479876161 0.312325 0.45523219814241483 0.34085 0.4731269349845201 0.352975 0.4886068111455108 0.359625 0.49684210526315786 0.3518 0.49346749226006187 0.3385 0.4828173374613003 0.32482500000000003 0.47749226006191947 0.32012500000000005 0.4624767801857585 0.318175 0.4591021671826625 0.31545
3 0.4778018575851394 0.20315000000000003 0.4336532507739938 0.2064 0.37442724458204335 0.225025 0.33730650154798764 0.242875 0.3172136222910217 0.27285 0.32021671826625386 0.30445 0.3413003095975232 0.332025 0.38247678018575854 0.36524999999999996 0.43164086687306497 0.378225 0.4858513931888545 0.383075 0.5470588235294117 0.36119999999999997 0.5862229102167182 0.33770000000000006 0.5972445820433436 0.312575 0.5932507739938081 0.290675 0.5791950464396285 0.25665 0.5530959752321981 0.22665 0.5179566563467493 0.2064