1 0.18157777777777775 0.3711 0.1637111111111111 0.4014 0.16837777777777777 0.4305333333333333 0.18002222222222222 0.46199999999999997 0.19713333333333333 0.4899666666666667 0.21966666666666665 0.48300000000000004 0.22586666666666666 0.46199999999999997 0.22044444444444444 0.4317 0.215 0.4049 0.20877777777777778 0.3757666666666667 0.20024444444444445 0.37343333333333334
1 0.08057777777777778 0.4119 0.06504444444444445 0.4445333333333334 0.06968888888888888 0.47833333333333333 0.06891111111111112 0.5179666666666666 0.06504444444444445 0.5750666666666667 0.07668888888888889 0.6216666666666667 0.10077777777777779 0.6356666666666666 0.1310888888888889 0.6345 0.13806666666666667 0.6077 0.14273333333333335 0.5575666666666667 0.1442888888888889 0.5191 0.13884444444444444 0.48646666666666666 0.1272 0.4631666666666666 0.11166666666666666 0.4503666666666667 0.10622222222222222 0.4317 0.09844444444444443 0.42236666666666667
3 0.7719555555555555 0.3519666666666667 0.7649555555555556 0.49416666666666664 0.7556444444444445 0.5955666666666666 0.7602888888888889 0.6526666666666667 0.786711111111111 0.7168 0.8263333333333334 0.7552333333333333 0.8706222222222222 0.7587333333333334 0.9188 0.7424333333333333 0.9568666666666666 0.7144666666666667 1 0.6798666666666667 1 0.3333 0.9996222222222222 0.26456666666666667 0.9732 0.24359999999999998 0.946 0.21910000000000002 0.9195777777777778 0.19813333333333333 0.888511111111111 0.1888 0.8582 0.1958 0.8341111111111111 0.21910000000000002 0.8201333333333334 0.24126666666666666 0.8185777777777778 0.26689999999999997 0.8061333333333334 0.2774 0.7882666666666668 0.29136666666666666 0.7774 0.31703333333333333
1 0.7735555555555556 0.36233333333333334 0.7680666666666667 0.4755333333333333 0.7641777777777777 0.5536000000000001 0.7602888888888889 0.5897333333333333 0.7672888888888888 0.5932333333333333 0.7742888888888889 0.5851 0.7937111111111111 0.5885666666666667 0.8185777777777778 0.5909 0.8333333333333334 0.5687666666666666 0.8480888888888889 0.5512999999999999 0.8659777777777777 0.5722666666666667 0.888511111111111 0.5885666666666667 0.9071555555555556 0.5885666666666667 0.9133555555555556 0.5652666666666667 0.9125777777777778 0.5431333333333334 0.8947111111111111 0.5128333333333334 0.8698444444444444 0.4697 0.8473111111111111 0.4405666666666666 0.8333333333333334 0.4195666666666667 0.8278888888888889 0.40209999999999996 0.8193555555555555 0.3811333333333333 0.8139111111111111 0.3811333333333333 0.8061333333333334 0.3741333333333333 0.7921555555555556 0.3566333333333333 0.7797111111111111 0.3485
1 0.7083555555555555 0.6538999999999999 0.6846222222222221 0.6798 0.6614222222222222 0.7081333333333333 0.6522444444444444 0.7251 0.6619555555555555 0.7405 0.6819333333333334 0.7461666666666666 0.7029777777777777 0.7372666666666667 0.7137555555555556 0.7227 0.7186222222222222 0.6976 0.7191555555555555 0.6798 0.7132222222222222 0.6709
1 0.3109333333333333 0.4523666666666667 0.28757777777777777 0.47340000000000004 0.26611111111111113 0.4846 0.2549111111111111 0.5042 0.2633111111111111 0.5182 0.2829111111111111 0.5308 0.3025111111111111 0.5322 0.31466666666666665 0.514 0.3277333333333333 0.493 0.33426666666666666 0.47340000000000004 0.3268 0.4523666666666667
1 0.5680444444444445 0.3340333333333333 0.5608444444444445 0.34753333333333336 0.5626444444444444 0.36306666666666665 0.5689555555555555 0.37116666666666664 0.5712 0.39413333333333334 0.5712 0.41236666666666666 0.5783999999999999 0.4191333333333333 0.5873999999999999 0.41573333333333334 0.5937111111111112 0.4069666666666667 0.5919111111111112 0.3982 0.5865111111111111 0.38130000000000003 0.5842666666666667 0.3691333333333333 0.5829111111111112 0.35496666666666665 0.5815555555555555 0.3448333333333333 0.5775111111111111 0.3374
1 1 0.40826666666666667 0.9755333333333334 0.42889999999999995 0.9584222222222223 0.4522 0.9491111111111111 0.493 0.9537777777777777 0.5314666666666666 0.9607555555555555 0.5711 0.9747555555555555 0.6002333333333333 0.9910666666666668 0.5874 1 0.5759333333333333
1 0.4338888888888889 0.3920666666666667 0.46417777777777774 0.4282 0.46806666666666663 0.4713333333333333 0.4882666666666667 0.48879999999999996 0.5007111111111111 0.5272666666666667 0.5084666666666666 0.5762333333333334 0.5177999999999999 0.6100333333333333 0.527888888888889 0.6589666666666667 0.5496444444444445 0.6997666666666666 0.5543111111111111 0.7207333333333333 0.5465333333333333 0.7335666666666666 0.5286666666666667 0.7394 0.5177999999999999 0.7277333333333333 0.4976 0.6624666666666666 0.4804888888888889 0.5925333333333334 0.47351111111111116 0.5587333333333333 0.4610666666666666 0.5249333333333333 0.44786666666666664 0.4876333333333333 0.43697777777777774 0.46199999999999997 0.42844444444444446 0.4445333333333334
3 0.03535555555555556 0.33566666666666667 0.032244444444444444 0.3788 0.026022222222222224 0.4499 0.024466666666666668 0.49649999999999994 0.026022222222222224 0.5361333333333334 0.012044444444444444 0.5851 0.012822222222222221 0.6689999999999999 0.03691111111111111 0.7342666666666666 0.0742 0.7855333333333333 0.11771111111111111 0.8147 0.1752222222222222 0.8345 0.22882222222222223 0.8414999999999999 0.28633333333333333 0.8275 0.3360444444444444 0.7762333333333333 0.36713333333333337 0.6864666666666667 0.36713333333333337 0.6258666666666667 0.3811111111111111 0.5466333333333334 0.38033333333333336 0.49183333333333334 0.38655555555555554 0.4091 0.3857777777777778 0.3648 0.3818888888888889 0.3333333333333333 0.3718 0.3042 0.3578 0.2727333333333333 0.3251777777777778 0.2471 0.2886666666666667 0.22376666666666664 0.2459111111111111 0.21446666666666667 0.19697777777777778 0.22493333333333335 0.1488 0.24243333333333333 0.11304444444444443 0.25756666666666667 0.06953333333333334 0.28323333333333334
3 0.38811111111111113 0.3158666666666667 0.3857777777777778 0.41376666666666667 0.38266666666666665 0.5105000000000001 0.3756888888888889 0.5909 0.3741333333333334 0.6433666666666666 0.3958888888888889 0.7028 0.4362888888888889 0.7459333333333333 0.4813555555555556 0.7715666666666666 0.5326444444444445 0.7727333333333333 0.5613777777777778 0.7738999999999999 0.6196666666666667 0.7832333333333333 0.6826 0.7622333333333333 0.7074666666666667 0.7412666666666666 0.7237777777777777 0.7109666666666666 0.7338888888888889 0.6678333333333333 0.7447555555555555 0.6282 0.7610666666666667 0.5361333333333334 0.7665111111111111 0.4324 0.7696222222222222 0.35896666666666666 0.7649555555555556 0.32166666666666666 0.7486444444444444 0.27390000000000003 0.7369777777777777 0.2401 0.7136666666666667 0.20863333333333334 0.6841555555555555 0.17016666666666666 0.6507333333333333 0.14686666666666667 0.6025555555555555 0.1422 0.5505111111111111 0.15733333333333335 0.5101111111111112 0.176 0.46968888888888893 0.2063 0.44328888888888884 0.23076666666666668 0.4083111111111111 0.2715666666666667