0 0.8381613756613756 0.21550099206349205 0.8175925925925926 0.20922619047619048 0.8001554232804233 0.2186483134920635 0.792526455026455 0.2316468253968254 0.7930224867724868 0.24737103174603173 0.8054894179894181 0.24723214285714287 0.8416964285714286 0.24008680555555556 0.8508432539682539 0.23808531746031747 0.84817791005291 0.22893849206349207 0.8447453703703705 0.22264880952380953
3 0.30528108465608467 0.0691170634920635 0.284864417989418 0.0424454365079365 0.2506150793650794 0.0424454365079365 0.20912367724867725 0.050347222222222224 0.1715839947089947 0.07010664682539683 0.14655753968253968 0.09529761904761905 0.15841269841269842 0.10418898809523809 0.1755357142857143 0.11653769841269841 0.24798280423280422 0.09184027777777778
0 0.21259259259259258 0.664513888888889 0.20046296296296298 0.6626959325396825 0.17862764550264548 0.6640178571428572 0.16142195767195766 0.6674925595238095 0.1554695767195767 0.6741096230158731 0.1583366402116402 0.6823809523809524 0.17002645502645503 0.6827108134920635 0.1938458994708995 0.68453125 0.21215277777777777 0.6841989087301588 0.22318121693121692 0.6823809523809524 0.2238425925925926 0.6752678571428571 0.21854828042328042 0.6686507936507936
0 0.7781845238095239 0.5744469246031746 0.7589748677248677 0.570672123015873 0.7479993386243385 0.5651835317460318 0.7466269841269841 0.579935515873016 0.7388525132275132 0.5840500992063492 0.7644642857142856 0.5885094246031746 0.7795568783068784 0.5898809523809524 0.7868750000000001 0.579248511904762 0.7887037037037037 0.5737599206349207
3 0.7847387566137567 0.10072916666666666 0.7471990740740742 0.07208085317460318 0.7063657407407408 0.055287698412698406 0.680681216931217 0.06022569444444445 0.6576289682539683 0.07949156746031746 0.6813392857142857 0.10566964285714285 0.7234887566137566 0.12048859126984127 0.7682738095238096 0.14123511904761907 0.7886904761904762 0.11851190476190475
0 0.10243386243386243 0.1957514880952381 0.08871362433862433 0.2002108134920635 0.08276785714285714 0.21633184523809523 0.10380621693121694 0.22525049603174604 0.12484457671957672 0.22319196428571428 0.13216269841269843 0.2081001984126984 0.12621693121693123 0.1957514880952381 0.11158068783068784 0.1930059523809524
3 0.8283134920634921 0.18703869047619048 0.7802876984126985 0.18395089285714286 0.7404993386243386 0.18360863095238095 0.7203736772486772 0.1952703373015873 0.7212896825396825 0.21996775793650794 0.7350099206349207 0.2477529761904762 0.7674834656084656 0.25907242063492064 0.7921792328042329 0.25221230158730157 0.8206018518518519 0.244890873015873 0.8547619047619048 0.23814484126984128 0.8514880952380953 0.22512400793650794 0.8523148148148149 0.21812996031746032 0.8543816137566138 0.21173611111111112 0.8557539682539683 0.19732886904761904 0.8511805555555555 0.18909722222222222
3 0.6922023809523808 0.7264037698412699 0.6418915343915343 0.7291493055555555 0.6153637566137565 0.74046875 0.6135350529100528 0.7576190476190475 0.6336607142857144 0.7795734126984126 0.6528670634920635 0.7891765873015874 0.6739054232804234 0.7946651785714286 0.6958597883597885 0.7864335317460318 0.7104960317460317 0.7754563492063492 0.7054662698412698 0.7514459325396825 0.7040939153439153 0.7301785714285715 0.7050066137566138 0.725719246031746
3 0.8894146825396826 0.3176612103174603 0.8477943121693122 0.312859623015873 0.7823941798941799 0.3114856150793651 0.7686706349206349 0.31457341269841266 0.7320833333333334 0.297765376984127 0.7265939153439153 0.3059970238095238 0.7357407407407408 0.319719742063492 0.736656746031746 0.3389285714285714 0.7458035714285715 0.36088045634920635 0.7791931216931217 0.35882440476190475 0.8080059523809523 0.35264880952380956 0.8546560846560847 0.3557366071428571 0.8903306878306879 0.34132936507936507 0.8958201058201058 0.319719742063492
3 0.45478174603174604 0.001939484126984127 0.40275132275132275 0.0029290674603174604 0.32240410052910057 0.006879960317460317 0.28618055555555555 0.020709325396825396 0.2914484126984127 0.03750496031746032 0.3112070105820106 0.06269593253968254 0.4567559523809524 0.0533110119047619 0.4745403439153439 0.03454117063492064 0.4712466931216931 0.014288194444444444
3 0.26228174603174603 0.7212599206349206 0.22752314814814814 0.7133705357142857 0.20465608465608465 0.7119965277777778 0.19139219576719577 0.7216021825396826 0.18498677248677248 0.7408110119047618 0.18910383597883598 0.7651661706349207 0.21654761904761904 0.7795734126984126 0.24810515873015873 0.7826587301587301 0.2695998677248677 0.7781994047619047 0.2728009259259259 0.7480133928571429 0.2828637566137566 0.7291493055555555
3 0.5828935185185186 0.7452703373015873 0.5399007936507937 0.7452703373015873 0.5188624338624338 0.7507589285714286 0.500568783068783 0.7627653769841269 0.49233465608465604 0.7795734126984126 0.4996527777777778 0.7984375 0.5197751322751323 0.8094146825396825 0.5568220899470899 0.8077008928571429 0.5838062169312169 0.8070138888888889 0.5979861111111111 0.7950074404761904 0.6075892857142857 0.7823164682539683 0.6112500000000001 0.7703100198412698 0.6034722222222223 0.7521304563492064 0.6011871693121693 0.7452703373015873
3 0.46855158730158736 0.7569320436507936 0.41870039682539684 0.7552182539682539 0.39628968253968255 0.7562475198412698 0.3903439153439154 0.7672247023809523 0.40360780423280423 0.7902058531746032 0.40269179894179896 0.8090724206349206 0.44522817460317454 0.8145610119047619 0.4772420634920635 0.8104439484126984 0.4895899470899471 0.8080431547619048 0.4895899470899471 0.7881473214285715 0.4955357142857143 0.770654761904762 0.4918783068783069 0.7572767857142858
3 0.8010548941798942 0.6602008928571428 0.7804728835978836 0.6629464285714286 0.7576025132275132 0.6718650793650793 0.7415972222222222 0.667061011904762 0.7214715608465608 0.6636309523809525 0.6986044973544974 0.6701488095238095 0.6954034391534392 0.6903869047619048 0.70317791005291 0.711312003968254 0.7050066137566138 0.7140550595238095 0.7159854497354496 0.7140550595238095 0.7324503968253968 0.7054811507936508 0.7489153439153439 0.6969047619047619 0.7699537037037038 0.6934747023809524 0.7804728835978836 0.6989632936507936 0.7983101851851853 0.7109672619047619 0.8161474867724868 0.7181721230158731 0.8362698412698413 0.718514384920635 0.8417592592592593 0.7089112103174603 0.8454166666666667 0.6927876984126985 0.8294080687830688 0.6581423611111111
3 0.7608068783068782 0.5593526785714286 0.7319907407407408 0.5603819444444444 0.7045502645502645 0.5662127976190475 0.6940310846560847 0.5830208333333333 0.7004332010582011 0.6001736111111111 0.7082076719576719 0.6032589285714286 0.7351917989417989 0.6032589285714286 0.7502876984126984 0.6039459325396825 0.7717824074074073 0.6015451388888888 0.7905324074074075 0.6018874007936508 0.8179761904761904 0.6042881944444444 0.8252943121693121 0.6060044642857142 0.8312400793650794 0.5953695436507938 0.8294080687830688 0.579935515873016 0.8175198412698412 0.5710168650793651 0.8079133597883599 0.5675868055555556 0.8010548941798942 0.5607242063492064 0.7937367724867725 0.556951884920635 0.7768121693121693 0.556951884920635
3 0.6780456349206349 0.01478422619047619 0.6299702380952381 0.008360615079365079 0.5443518518518519 0.0029290674603174604 0.5140542328042328 0.007867063492063491 0.49956679894179895 0.0360218253968254 0.5160317460317461 0.05479414682539683 0.5917691798941799 0.06565972222222223 0.6536772486772486 0.07504464285714285 0.6912202380952381 0.05232390873015873 0.7057076719576719 0.03503472222222222 0.6958300264550265 0.02466269841269841
3 0.1712202380952381 0.16710813492063492 0.13225529100529101 0.16957837301587303 0.10426256613756614 0.1728720238095238 0.08286044973544973 0.1839856150793651 0.08395833333333333 0.19345238095238096 0.0630952380952381 0.2275545634920635 0.10105820105820107 0.23583829365079365 0.12804232804232804 0.22398313492063493 0.13225529100529101 0.24120039682539682 0.1520138888888889 0.24572916666666667 0.16847883597883598 0.24902281746031746 0.18494378306878306 0.24778769841269843 0.19976190476190478 0.2395560515873016 0.2041501322751323 0.22103174603174605 0.20634589947089949 0.20086309523809523 0.2041501322751323 0.1769890873015873 0.1920767195767196 0.164640376984127
3 0.15248346560846562 0.6769717261904762 0.12811507936507938 0.6888268849206349 0.10374669312169313 0.7080902777777778 0.10243055555555555 0.7377281746031746 0.13206679894179893 0.7515575396825397 0.16763227513227513 0.76390625 0.18409722222222225 0.7574851190476191 0.1913425925925926 0.730813492063492 0.19397486772486774 0.7105605158730158 0.21768518518518518 0.7095734126984127 0.25127314814814816 0.7115476190476191 0.271031746031746 0.7105605158730158 0.2703736772486773 0.6922842261904761 0.2552248677248677 0.6749975198412699 0.22888227513227513 0.6720337301587301 0.21373346560846562 0.6670932539682539 0.19529431216931217 0.6616592261904761 0.1630224867724868 0.6665997023809523
3 0.36610449735449735 0.7432118055555555 0.3125925925925926 0.7387524801587302 0.2828637566137566 0.7363516865079365 0.27554563492063494 0.7521304563492064 0.27920304232804233 0.7751140873015874 0.28652116402116407 0.7932936507936508 0.3176223544973545 0.7980952380952381 0.33866071428571426 0.7980952380952381 0.3564980158730159 0.7967237103174603 0.3752513227513227 0.7922643849206349 0.39171626984126984 0.7816294642857143 0.3834821428571429 0.7569320436507936 0.3857705026455026 0.7459573412698413
0 0.8230985449735451 0.32006200396825396 0.8217261904761906 0.3138864087301587 0.7823941798941799 0.31217261904761906 0.7659292328042329 0.3156026785714286 0.7380291005291005 0.2994816468253968 0.7334556878306878 0.3114856150793651 0.7380291005291005 0.3238343253968254 0.7380291005291005 0.3361830357142857 0.7439748677248678 0.348531746031746 0.7640972222222222 0.34510168650793654 0.769130291005291 0.32863839285714286 0.7901686507936507 0.3224627976190476 0.8102910052910054 0.31697420634920637
3 0.8813657407407407 0.2690203373015873 0.8809093915343915 0.25221230158730157 0.8580390211640212 0.2432936507936508 0.8310548941798942 0.24192212301587301 0.8026984126984127 0.25255456349206346 0.7825760582010582 0.2604439484126984 0.7555919312169311 0.26421875 0.7327248677248678 0.2477529761904762 0.7135152116402117 0.24500992063492064 0.7093981481481481 0.26181795634920635 0.7263194444444444 0.2896006944444445 0.7469014550264551 0.3002356150793651 0.7679398148148148 0.3129265873015873 0.790350529100529 0.3098387896825397 0.883829365079365 0.3092013888888889 0.8885251322751323 0.2984126984126984 0.8882936507936507 0.2853670634920635 0.882281746031746 0.27210813492063496
3 0.7690376984126984 0.6018874007936508 0.7370238095238096 0.6046329365079365 0.7063789682539683 0.6042881944444444 0.6917427248677248 0.6169816468253968 0.6784821428571428 0.6269270833333334 0.6775661375661376 0.6461383928571428 0.683968253968254 0.6646602182539683 0.7045502645502645 0.6704910714285715 0.7274173280423281 0.6612301587301587 0.7539451058201058 0.6694618055555556 0.7603472222222222 0.6701488095238095 0.7772718253968254 0.6629464285714286 0.7973941798941799 0.6588293650793651 0.819348544973545 0.6574578373015872 0.8376421957671958 0.6656894841269841 0.8463326719576719 0.673236607142857 0.8522784391534391 0.6629464285714286 0.8472453703703704 0.6454513888888889 0.8431316137566138 0.6310441468253968 0.833068783068783 0.6190376984126984 0.8248346560846561 0.608405257936508 0.7987665343915343 0.6022296626984127 0.7845899470899471 0.6015451388888888
3 0.14721560846560847 0.6325173611111111 0.1103339947089947 0.6320238095238095 0.0879431216931217 0.6483234126984126 0.06357473544973545 0.673514384920635 0.062255291005291 0.7056200396825397 0.09386904761904763 0.7105605158730158 0.11757936507936508 0.6908035714285715 0.14458002645502646 0.6809226190476191 0.15972883597883597 0.665610119047619 0.17882936507936506 0.6631423611111111 0.23151785714285714 0.6705505952380952 0.248640873015873 0.6690699404761905 0.2492989417989418 0.642889384920635 0.23810185185185184 0.6315277777777778 0.2262466931216931 0.6280704365079365 0.20978174603174604 0.6172048611111112 0.18475529100529103 0.6226388888888889
3 0.7955654761904761 0.7390972222222222 0.7891633597883597 0.7212599206349206 0.7823015873015873 0.7051364087301588 0.7717824074074073 0.6927876984126985 0.7388525132275132 0.7006770833333333 0.7228439153439153 0.7092534722222222 0.7100396825396825 0.7195436507936508 0.7091236772486772 0.7425272817460317 0.7178141534391534 0.762078373015873 0.7251322751322752 0.769967757936508 0.7498280423280423 0.7727108134920635 0.7823015873015873 0.7562475198412698
0 0.15304232804232804 0.5958630952380952 0.14399801587301586 0.5915625 0.13605820105820104 0.5905704365079365 0.13186838624338623 0.5912326388888889 0.1325297619047619 0.595203373015873 0.12723544973544973 0.5978497023809525 0.11665013227513228 0.5978497023809525 0.10915013227513228 0.5965252976190476 0.10540013227513229 0.6 0.1179728835978836 0.6052926587301587 0.12900132275132276 0.6057886904761904 0.13694113756613757 0.6092633928571429 0.13958664021164022 0.6110838293650793 0.14642526455026456 0.6132341269841269 0.15348214285714284 0.6138963293650793 0.15899801587301587 0.6120758928571428 0.16605489417989416 0.6071130952380953 0.172010582010582 0.6046304563492063 0.17620039682539684 0.6014880952380952 0.17840608465608465 0.5983457341269842 0.17730489417989417 0.5935491071428571 0.16958333333333336 0.5966914682539682 0.16649801587301588 0.598015873015873
3 0.13429563492063493 0.5859375 0.12723544973544973 0.5861036706349206 0.11466269841269841 0.5862698412698413 0.10738425925925926 0.5852777777777778 0.09988756613756614 0.5836235119047619 0.09040343915343915 0.5844494047619048 0.08202050264550265 0.5882539682539683 0.07694775132275132 0.5963616071428572 0.06989087301587302 0.6067832341269842 0.06547949735449735 0.6129017857142857 0.05665674603174604 0.6233234126984126 0.054007936507936505 0.6347395833333334 0.05202380952380952 0.6463169642857143 0.07253637566137566 0.6499578373015873 0.09393187830687831 0.6385441468253968 0.10275462962962964 0.6289484126984127 0.12282407407407409 0.6281225198412699 0.14642526455026456 0.6287822420634921 0.16561507936507935 0.6251438492063491 0.183478835978836 0.6231597222222222 0.19450727513227514 0.6198511904761904 0.20377314814814815 0.6165426587301588 0.2106084656084656 0.6100892857142858 0.2081845238095238 0.6051289682539683 0.20002314814814814 0.598841765873016 0.19362433862433862 0.5917286706349206 0.18458333333333332 0.5859399801587302 0.17730489417989417 0.5846155753968254 0.168260582010582 0.584781746031746 0.15193783068783068 0.58875 0.14399801587301586 0.5885863095238095
0 0.1938458994708995 0.642016369047619 0.183478835978836 0.6395362103174603 0.17090939153439155 0.6377157738095238 0.15855489417989418 0.6362276785714286 0.14973214285714287 0.636889880952381 0.14179232804232803 0.6383779761904762 0.1400297619047619 0.6408581349206349 0.1477480158730159 0.6463169642857143 0.15590939153439154 0.6499578373015873 0.1631878306878307 0.6549206349206349 0.1636276455026455 0.658062996031746 0.16340939153439152 0.6612053571428571 0.16936507936507936 0.6620337301587302 0.1865674603174603 0.6620337301587302 0.19340608465608466 0.660545634920635 0.1998015873015873 0.6569047619047619 0.20134589947089948 0.6527703373015873 0.19715608465608467 0.6506200396825397 0.19759589947089945 0.6464831349206349 0.19936177248677248 0.6441666666666667
0 0.8436044973544974 0.270672123015873 0.8150165343915344 0.2746750992063492 0.8142559523809524 0.28868055555555555 0.792149470899471 0.3066889880952381 0.8112070105820106 0.310406746031746 0.8291203703703705 0.3072619047619048 0.8283564814814814 0.29154017857142855 0.8378869047619047 0.28353670634920636 0.8470337301587301 0.28096230158730157