0 0.8806875383670963 0.8405524861878453 0.8791078371188868 0.8376488643339471 0.8777327603846939 0.8355862492326581 0.875340699815838 0.8355862492326581 0.8752383875588295 0.8383364027010436 0.8757479025987313 0.8403990178023327 0.8782934315531001 0.8418477593615714 0.8799733988131779 0.8426887661141805
0 0.3162901575608758 0.9532473910374463 0.3146633926744424 0.9604450583179865 0.3146633926744424 0.9645089011663597 0.31427665234295066 0.9665991405770411 0.3152834049519132 0.9670656844689993 0.3162124002455494 0.9634653161448741 0.3171413955391856 0.9596347452424799 0.31783711888684263 0.956731123388582 0.3173726212400246 0.9547575199508901
0 0.2376918354818907 0.9085573971761817 0.236011868221813 0.9076642111724985 0.2355269081235932 0.9077747084100676 0.23507878043789646 0.9091190914671577 0.23507878043789646 0.9107980356046654 0.23593615715162677 0.9122529158993247 0.23694495600572948 0.9119183548189074 0.23731737262124003 0.9111356660527932
0 0.896048700634336 0.836365868631062 0.8947759361571517 0.8387323511356661 0.8955903417229384 0.8401841620626151 0.8965582156742377 0.8398802946593001 0.8965582156742377 0.8382750153468386
0 0.20198690403110292 0.8898281154082259 0.2004563126662574 0.8911724984653162 0.19758338448946183 0.8922375690607734 0.19556783302639658 0.8931890730509515 0.19455903417229384 0.8956537753222836 0.19620216901984858 0.897108655616943 0.19844076120319212 0.8975567833026395 0.2004563126662574 0.8964364640883978 0.20392879066912217 0.8957642725598527 0.20676488643339472 0.8959330877839164 0.209414773889912 0.8963228974831184 0.21359729895641497 0.8960435850214855 0.21691835481890728 0.8954849600982197 0.21807652956824228 0.8954297114794352 0.2199058727235523 0.89475751995089 0.2216963372211991 0.8950920810313076 0.22296500920810317 0.8943646408839779 0.2237875997544506 0.8931338244321669 0.22408635154491505 0.8917894413750767 0.2229281767955801 0.8922375690607734 0.22020257826887663 0.892292817679558 0.21665643544096583 0.8920687538367097 0.21243912420708003 0.8920687538367097 0.20949048496009823 0.8920135052179251 0.20754859832207898 0.8915653775322283 0.20650501330059343 0.8905586249232659 0.20542254962144466 0.8898864333947207 0.20415183138940046 0.8891559238796808
0 0.2398547165950481 0.8588827501534683 0.23932269285860444 0.859987722529159 0.23950685492121956 0.8610926949048496 0.23981379169224473 0.8613689379987723 0.24044812768569673 0.8611540822590545 0.24098015142214038 0.8604788213627993 0.24098015142214038 0.8599263351749539 0.24083691426232864 0.8590055248618784 0.2406732146511152 0.8583609576427256
0 0.2637343973808062 0.8738919582565992 0.262731737262124 0.8744444444444445 0.2622201759770821 0.8754880294659301 0.26289543687333744 0.8765623081645182 0.26387763454061797 0.8768692449355433 0.2644096582770616 0.8764088397790055 0.26500306936771023 0.8756721915285451 0.2650439942705136 0.8749662369551872 0.2649007571107018 0.873769183548189
0 0.3055760180069572 0.7402977286678943 0.3047165950480868 0.7408870472682627 0.3036607325557602 0.7421393492940453 0.30292408430529977 0.7435389809699201 0.30289952936361775 0.745012277470841 0.3036607325557602 0.7464119091467157 0.3047165950480868 0.7464487415592388 0.30540413341518313 0.7454910988336403 0.30579701248209534 0.7439441375076734 0.3063617761407817 0.7426918354818908 0.30702475956619607 0.7417341927562923 0.30746674851647227 0.7407765500306936 0.3074176386331082 0.7400767341927563 0.3067792101493759 0.7400399017802334
0 0.26550439942705134 0.7426028238182935 0.26476775117659096 0.74182934315531 0.2634172293840802 0.741718845917741 0.2624841416001637 0.74182934315531 0.26221403724166154 0.7430079803560465 0.26317167996726004 0.7437077961939841 0.26435031716799673 0.7441497851442603 0.2651851851851852 0.7440392879066912 0.26587272355228153 0.7438551258440761
0 0.28006138735420505 0.743486801718846 0.2797912829957029 0.7431184775936157 0.27900552486187846 0.7426028238182935 0.27851442602823817 0.7430079803560465 0.2783916513198281 0.7439287906691221 0.2789564149785144 0.7445917740945366 0.2796193984039288 0.7445917740945366 0.279987722529159 0.7442971147943523
0 0.30091876406793533 0.5826365868631062 0.2999570288520565 0.5818385512584408 0.2988111315735625 0.5806721915285451 0.29793124616329036 0.5798434622467772 0.29692858604460814 0.5789226519337017 0.29602823818293433 0.5782780847145488 0.29590546347452423 0.5788305709023941 0.2963351749539595 0.5800583179864948 0.2969695109474115 0.5811019030079804 0.29774708410067524 0.5818692449355433 0.29870881931655413 0.5826979742173113 0.29971147943523635 0.583158379373849 0.30050951503990175 0.5834346224677717
0 0.9687947616124412 0.73317065684469 0.964964190710047 0.751780233271946 0.9638694495600574 0.7717587476979741 0.9666052793124617 0.7783271945979128 0.9667873951299365 0.7851688152240638 0.9678821362799264 0.793379373848987 0.9713484755473705 0.7958410067526089 0.974086351544915 0.8015899324739103 0.9768221812973193 0.7996746470227134 0.9720789850624105 0.7931062001227748 0.9711663597298956 0.7848956414978514 0.9709842439124207 0.7753161448741559 0.969158993247391 0.7695702885205649 0.9700716185799059 0.7490454266421117 0.9717147534274607 0.7427501534683856 0.9722611008798854 0.7372774708410068 0.9753632085123799 0.7282473910374463 0.9766400654798445 0.7244137507673419 0.982842234499693 0.7203100061387354 0.9886822181297319 0.715110497237569 0.9916001636996111 0.7088152240638429 0.9826601186822181 0.7137415592387968 0.9770042971147943 0.7142879066912217 0.9731737262124002 0.7140147329650093 0.9702537343973808 0.712645794966237 0.965146306527522 0.7137415592387968 0.960767341927563 0.7162031921424187 0.960036832412523 0.7205831798649478 0.9633210558624923 0.7208563535911603 0.9677000204624513 0.7208563535911603 0.969525271127481 0.7227716390423573 0.9702537343973808 0.7271516267648864
0 0.285438919582566 0.7450705954573358 0.2845794966236955 0.7445917740945366 0.28236955187231433 0.7443339472068754 0.28190300798035606 0.7449600982197667 0.2822222222222222 0.7458809085328422 0.2830816451810927 0.7458072437077963 0.2844567219152855 0.7459914057704113 0.28538980969920197 0.7461755678330264
3 0.9855207693881727 0.5432750153468385 0.9819521178637202 0.5292786985880908 0.9783855125844075 0.5161080417434009 0.97646408839779 0.5078759975445059 0.9726232862696951 0.49223449969306327 0.9671352568037651 0.48153161448741555 0.9630182115817476 0.4774155923879681 0.9525905463474525 0.4671240024554942 0.9432596685082874 0.46094843462246776 0.9369490484960098 0.4564211172498465 0.9295395948434623 0.45518723143032536 0.9229527317372622 0.45312768569674644 0.9138980969920197 0.4547759361571517 0.907585430734602 0.45765807243707796 0.9031962349089421 0.4654788213627993 0.9007264170247596 0.47494475138121545 0.898804992838142 0.48194290976058934 0.8941395539185594 0.49593922651933703 0.8875526908123593 0.5025230202578269 0.8806936771025169 0.5128146101903008 0.8749314507878043 0.5239287906691221 0.8708144055657868 0.5305156537753223 0.8669715571925517 0.5387476979742173 0.8642275424595866 0.5478023327194598 0.8631307550644567 0.5720871700429712 0.8666973603437692 0.5910220994475138 0.8680703908328218 0.6013136893799877 0.8741068139963168 0.6181890730509515 0.8809678739512994 0.628891958256599 0.8886515244526294 0.6375352977286679 0.8966093718027419 0.6424769797421731 0.905389809699202 0.6470042971147943 0.9169163085737672 0.6494751381215469 0.9262471864129322 0.6494751381215469 0.9394188663801922 0.6486494782074893 0.9492981379169225 0.6478268876611418 0.9591753632085124 0.6498864333947206 0.9624698178841825 0.6507090239410682 0.9679578473501125 0.6494751381215469 0.9731716799672602 0.6453591160220994 0.9808553304685901 0.6334192756292203 0.9860691630857377 0.6272467771639042 0.9885389809699201 0.620659914057704 0.9901862083077553 0.6120165745856354 0.9918313894004501 0.600902394106814 0.9907346020053203 0.5901995089011663 0.9915571925516676 0.5745580110497238
3 0.9004788213627993 0.7974953959484345 0.8897769592797218 0.790085942295887 0.8787988541027214 0.7830877839165132 0.8711152036013915 0.778560466543892 0.858768160425619 0.781439533456108 0.8494372825864538 0.7859699201964395 0.8420278289339063 0.7921424186617557 0.8335215878862288 0.7995518723143032 0.8274831184775936 0.8036678944137507 0.8211724984653161 0.8098434622467771 0.814585635359116 0.8226028238182934 0.8115674237773686 0.8320718232044199 0.8099201964395334 0.8526519337016575 0.8115674237773686 0.8666482504604052 0.8134888479639861 0.879818907305095 0.816781256394516 0.8921669736034377 0.8195252711274811 0.9020472682627378 0.8255637405361163 0.9234499693063228 0.8288561489666462 0.9325076734192757 0.8376365868631063 0.9407397176181707 0.8453202373644363 0.9456783302639656 0.8543769183548189 0.9489717618170657 0.8617863720073665 0.9530877839165132 0.8724882340904441 0.9580263965623081 0.8798976877429917 0.961731123388582 0.8911479435236341 0.9629680785758133 0.9034970329445469 0.9600859422958871 0.9155719255166769 0.9584407612031921 0.9249007571107019 0.9543216697360343 0.934780028647432 0.9497943523634131 0.9438367096378145 0.943621853898097 0.9509719664415797 0.9353898096992019 0.955635359116022 0.9288029465930018 0.9600266011868221 0.9205709023941068 0.9605749948843871 0.9053406998158379 0.9630448127685696 0.891755678330264 0.9671618579905874 0.8761141804788214 0.9688090853284222 0.8629435236341313 0.9674360548393697 0.8547114794352364 0.9627706159197873 0.8444198895027624 0.9575567833026396 0.8333057090239411 0.9523429506854922 0.8308348680171885 0.9479128299570289 0.8291896869244936 0.9210415387763454 0.8137783916513198 0.904841416001637 0.7995518723143032
3 0.4882770615919787 0.4189625537139349 0.4789482299979537 0.40579189686924494 0.46412932269285856 0.395500306936771 0.45589727849396355 0.39508901166359733 0.4432739922242685 0.4029097605893186 0.4347657049314507 0.4136126457949662 0.42241661551053816 0.4230816451810927 0.40951913239206056 0.4416022099447514 0.39991610394925314 0.4498342541436464 0.3914078166564354 0.46094843462246776 0.38838960507468795 0.47329957028852054 0.38838960507468795 0.4852363413136894 0.390036832412523 0.49758440761203193 0.39250665029670556 0.5049938612645795 0.3968958461223655 0.5169306322897483 0.4056783302639656 0.5313382443216698 0.4114405565786781 0.5375107427869859 0.41665438919582565 0.544097605893186 0.42818088807039084 0.5436863106200123 0.4432739922242685 0.5420411295273174 0.45809085328422344 0.5420411295273174 0.47483118477593617 0.5329834254143646 0.4827890321260487 0.5263965623081646 0.4915694700225087 0.5177532228360957 0.4967853488847964 0.5078759975445059 0.5014487415592388 0.49758440761203193 0.5063883773276038 0.48441375076734194 0.5085839983630038 0.4671240024554942 0.5072130141190915 0.45848066298342544 0.4998035604665439 0.4420135052179251
3 0.882889298137917 0.42019950890116636 0.8743810108450993 0.403732351135666 0.8656005729486391 0.39138428483732357 0.8612093308778391 0.38397483118477593 0.8535256803765091 0.37780233271945984 0.8439206056885614 0.3720380601596071 0.8334929404542665 0.36751074278698587 0.8291037446286065 0.365451197053407 0.821694290976059 0.36503990178023327 0.8131860036832412 0.36586556169429096 0.8066011868221813 0.37080417434008595 0.7997401268671986 0.3769766728054021 0.7931553100061387 0.38397483118477593 0.7901350521792511 0.3901503990178023 0.7882156742377737 0.39838244321669736 0.787939431143851 0.4136126457949662 0.785195416410886 0.4226672805402087 0.7838244321669736 0.4325475751995089 0.775866584816861 0.4457182320441989 0.7761407816656436 0.4547759361571517 0.7819030079803561 0.4683578882750154 0.7857458563535912 0.48482504604051563 0.7939779005524862 0.5037599754450584 0.8024841416001637 0.5173419275629221 0.8120892162881113 0.5251626764886433 0.8247125025578064 0.5259852670349908 0.838158379373849 0.5243400859422959 0.8483118477593615 0.5243400859422959 0.8570943319009617 0.5259852670349908 0.8675219971352568 0.5231062001227746 0.8806936771025169 0.5128146101903008 0.8875526908123593 0.5025230202578269 0.8941395539185594 0.49593922651933703 0.898804992838142 0.48194290976058934 0.9007264170247596 0.47494475138121545 0.8999017802332719 0.4593032535297729 0.898256599140577 0.4498342541436464 0.8930427665234295 0.43830877839165133
3 0.431170452220176 0.3106230816451811 0.4223900143237159 0.3015684468999386 0.41607939431143853 0.29498158379373846 0.41305913648455084 0.2846930632289748 0.41004092490280336 0.2805770411295273 0.4023572744014733 0.27687231430325354 0.3943994270513608 0.27522406384284837 0.38232453447923065 0.27522406384284837 0.36997749130345814 0.2731675874769797 0.3609208103130755 0.27440147329650094 0.352414569265398 0.27851749539594844 0.3450051156128504 0.28016267648864335 0.33512584407612034 0.28922038060159605 0.33183343564559037 0.29498158379373846 0.3288131778187027 0.29621853898096995 0.32167996726007775 0.2974524248004911 0.3164661346429302 0.3007458563535912 0.3128974831184776 0.30445058317986495 0.3065868631062001 0.31103437691835484 0.3035686515244526 0.3184438305709024 0.3016472273378351 0.3262645794966237 0.300548393697565 0.3361448741559239 0.29753018211581744 0.35096378146101903 0.2986290157560876 0.3629005524861878 0.2986290157560876 0.3715438919582566 0.302744014732965 0.3723664825046041 0.31097605893186003 0.36948741559238796 0.32414978514426024 0.3657826887661142 0.3285389809699202 0.36042971147943526 0.34033967669326787 0.35919582565991404 0.34939431143851035 0.3596071209330878 0.36393902189482297 0.36084100675260894 0.3729957028852056 0.35878453038674035 0.3889113975854307 0.3571393492940454 0.3987906691221609 0.355902394106814 0.4072969101698384 0.3542572130141191 0.41305913648455084 0.35014119091467155 0.41662778800900346 0.3464364640883978 0.42101698383466346 0.34026089625537137 0.42403724166155105 0.3369674647022713 0.42842643748721093 0.3340883977900553 0.4308962553713935 0.3246193984039288 0.431170452220176 0.3225598526703499
3 0.8570390832821773 0.9987937384898712 0.8597073869449561 0.987645794966237 0.8619950890116636 0.9756414978514426 0.8677122979332924 0.9707826887661142 0.8778125639451606 0.968207489257213 0.8798976877429917 0.961731123388582 0.8911479435236341 0.9629680785758133 0.9034970329445469 0.9600859422958871 0.9155719255166769 0.9584407612031921 0.9249007571107019 0.9543216697360343 0.934780028647432 0.9497943523634131 0.9438367096378145 0.943621853898097 0.9509719664415797 0.9353898096992019 0.955635359116022 0.9288029465930018 0.9600266011868221 0.9205709023941068 0.9690935134029057 0.9233302639656231 0.9767157765500307 0.9230448127685698 0.9864354409658277 0.9261878453038674 0.9953918559443421 0.9293339472068753 0.9999652138326172 0.9324769797421731 0.9999652138326172 1 0.9775711070186209 1
3 0.638109269490485 0.327170042971148 0.6367362390014324 0.3168815224063843 0.6309740126867199 0.30247391037446286 0.6243871495805198 0.28889195825659914 0.6156067116840597 0.27901166359729895 0.6054532432985471 0.26995702885205647 0.5914589727849396 0.26501534683855127 0.5826764886433394 0.2641927562922038 0.5733456108041743 0.26872007366482503 0.5585287497442194 0.2786003683241252 0.5472764477184366 0.2884775936157152 0.5310865561694291 0.2991804788213628 0.524499693063229 0.30906077348066296 0.515170861469204 0.32017495395948437 0.5025475751995089 0.3378729281767956 0.4954123183957438 0.35186924493554333 0.49047268262737875 0.36503990178023327 0.4860814405565787 0.38603437691835485 0.4871802741968488 0.4020871700429711 0.48690607734806635 0.41525782688766116 0.4882770615919787 0.4189625537139349 0.4998035604665439 0.4420135052179251 0.5072130141190915 0.45848066298342544 0.514622467771639 0.4588919582565991 0.525598526703499 0.4605371393492941 0.5376734192756293 0.4630079803560467 0.5497462656026192 0.4646531614487415 0.5607243707796195 0.4654788213627993 0.5695048086760794 0.4654788213627993 0.5782852465725393 0.46424186617556784 0.5887149580519747 0.4568324125230202 0.5980437896459996 0.4424278698588091 0.6035318191119297 0.430902394106814 0.6090198485778596 0.4107305095150399 0.6109412727644772 0.3979711479435236 0.6188991201145897 0.3876795580110497 0.6268569674647022 0.38068139963167585 0.6252117863720074 0.3720380601596071 0.6249375895232249 0.360512584407612 0.6265827706159198 0.3531031307550645 0.6306998158379374 0.34322590546347453 0.6342664211172498 0.3354051565377532
3 1 0.6504849600982199 0.992171066093718 0.6555156537753223 0.9834765704931451 0.6555156537753223 0.9751790464497646 0.6537384898710866 0.9731716799672602 0.6453591160220994 0.9679578473501125 0.6494751381215469 0.9624698178841825 0.6507090239410682 0.9591753632085124 0.6498864333947206 0.9492981379169225 0.6478268876611418 0.9394188663801922 0.6486494782074893 0.9262471864129322 0.6494751381215469 0.9169163085737672 0.6494751381215469 0.905389809699202 0.6470042971147943 0.8957519950890117 0.6543308778391651 0.8921956210354001 0.6614426028238183 0.8858727235522816 0.6715193370165745 0.8815264988745652 0.684561080417434 0.8787599754450584 0.6958225905463474 0.8755985267034991 0.7307949662369552 0.8791549007571108 0.7491682013505218 0.8815264988745652 0.7616175567833026 0.8906159197871905 0.7817710251688152 0.904841416001637 0.7995518723143032 0.9210415387763454 0.8137783916513198 0.9479128299570289 0.8291896869244936 0.9601636996112134 0.8333394720687538 0.9751790464497646 0.8374861878453039 0.994937589523225 0.8416359729895642 1 0.843806015960712
3 0.38564559034172297 0.49840699815837936 0.3732965009208103 0.4967618170656845 0.3617720482913853 0.4947022713321056 0.35875383670963784 0.49346838551258443 0.3518927767546552 0.4757673419275629 0.3458543073460201 0.4671240024554942 0.3351524452629425 0.4597145488029466 0.32582361366891754 0.4498342541436464 0.31813996316758747 0.4399570288520565 0.3079864947820749 0.4416022099447514 0.2904235727440147 0.44448434622467775 0.27725189277675466 0.45230509515039896 0.2673726212400246 0.4654788213627993 0.26051156128504194 0.48399938612645793 0.2552977286678944 0.5054051565377532 0.25200532023736444 0.5247513812154696 0.25227951708614693 0.5506844689993862 0.2531021076324944 0.5696193984039287 0.2585901370984244 0.5910220994475138 0.27066502967055456 0.6037845303867404 0.27944546756701455 0.6177777777777778 0.2893247391037446 0.6247759361571517 0.30661346429302233 0.628891958256599 0.3175895232248823 0.6325966850828729 0.328841825250665 0.642888275015347 0.33981788418252507 0.6437108655616943 0.35600777573153264 0.646181706568447 0.3700040924902803 0.6453591160220994 0.3831757724575404 0.6387722529158993 0.398268876611418 0.628891958256599 0.40951913239206056 0.612427869858809 0.41528340495191324 0.6021362799263352 0.41939840392879063 0.5811448741559239 0.41939840392879063 0.5597391037446287 0.41665438919582565 0.544097605893186 0.4114405565786781 0.5375107427869859 0.4056783302639656 0.5313382443216698 0.3968958461223655 0.5169306322897483 0.39250665029670556 0.5049938612645795
3 0.7410149375895233 0.32429097605893187 0.7330570902394107 0.31934929404542667 0.7209821976672806 0.31152854511970535 0.7036955187231431 0.3045334561080417 0.6872293840802127 0.3016513198281154 0.6748802946593001 0.2991804788213628 0.6589645999590751 0.30247391037446286 0.6501841620626151 0.3094720687538367 0.6411274810722325 0.32264272559852675 0.638109269490485 0.327170042971148 0.6342664211172498 0.3354051565377532 0.6306998158379374 0.34322590546347453 0.6265827706159198 0.3531031307550645 0.6249375895232249 0.360512584407612 0.6252117863720074 0.3720380601596071 0.6268569674647022 0.38068139963167585 0.6328954368733374 0.3996163290362186 0.6364620421526499 0.40661448741559236 0.6488111315735625 0.42102209944751384 0.6586904031102926 0.4288428483732351 0.6660998567628402 0.44119091467157767 0.6718620830775527 0.4564211172498465 0.6773501125434828 0.46918354818907304 0.6839369756496828 0.47617863720073667 0.6905217925107427 0.47906077348066295 0.7036955187231431 0.4765899324739104 0.7160425618989156 0.47494475138121545 0.7319603028442808 0.4605371393492941 0.7401923470431758 0.45765807243707796 0.7511684059750359 0.4605371393492941 0.7618702680581134 0.4568324125230202 0.7684571311643135 0.4514825046040516 0.775866584816861 0.4457182320441989 0.7838244321669736 0.4325475751995089 0.785195416410886 0.4226672805402087 0.787939431143851 0.4136126457949662 0.7882156742377737 0.39838244321669736 0.7868426437487211 0.38685696746470233 0.7843728258645386 0.3728606507059546 0.7819030079803561 0.3646286065070596 0.7761407816656436 0.3555739717618171 0.7695539185594434 0.3473419275629221 0.7585778596275834 0.33746163290362186 0.7478759975445058 0.32799570288520563
0 0.8639553918559443 0.8933793738489871 0.8606916308573767 0.8949846531614488 0.8589666462042154 0.8987262124002456 0.8607980356046655 0.901780233271946 0.8629363617761407 0.903232044198895 0.8644649068958462 0.9027747084100675 0.8662922038060159 0.8973511356660528 0.8658850010231226 0.8958993247391038 0.8651258440761203 0.895061387354205
0 0.8677061591978719 0.8276396562308164 0.8650787804378965 0.8250736648250461 0.862756292203806 0.8229680785758133 0.8612297933292409 0.8215930018416207 0.862085123797831 0.8243400859422958 0.8642827910783711 0.8279158993247391 0.8673378350726417 0.8292909760589319
0 0.8856660527931246 0.9263597298956415 0.891620626151013 0.933391651319828 0.8965623081645181 0.9379527317372621 0.8978289339062819 0.9345303867403314 0.8925066502967056 0.9280693677102517 0.888072437077962 0.9189472068753837 0.8866789441375076 0.9067833026396563 0.8879455698792716 0.8972805402087171 0.8935215878862288 0.8834069981583793 0.8939001432371597 0.8714333947206876 0.8947882136279927 0.8644045426642112 0.8922529158993247 0.8588919582565991 0.8901002660118682 0.8645917740945366 0.8876918354818907 0.8756169429097607 0.8841456926539799 0.8856875383670965 0.8835113566605279 0.8946193984039288 0.8821178637200736 0.9037415592387967 0.8803437691835482 0.9086832412523019 0.8745160630243504 0.914195825659914 0.8710947411499897 0.9198956414978514 0.869828115408226 0.9227470841006753 0.8681808880703908 0.9301596071209332 0.8678002864743195 0.9345303867403314 0.869828115408226 0.9354818907305096 0.8752752199713526 0.9299693063228975 0.8813587067730714 0.9246470227133211 0.8837650910579088 0.9225567833026397
3 0.32280949457745034 0.8457857581338245 0.31029670554532435 0.835414364640884 0.2892203806015961 0.8225690607734806 0.27637814610190303 0.8117034990791897 0.2625475751995089 0.7993554327808472 0.24443625946388375 0.7855248618784529 0.23455698792715365 0.77268262737876 0.22665438919582567 0.7697176181706568 0.2115060364231635 0.7746562308164517 0.19471250255780642 0.7795979128299569 0.18549212195621034 0.7870073664825047 0.17297933292408432 0.8047882136279927 0.16573357888275017 0.8265224063842849 0.1607939431143851 0.847268262737876 0.15783098015142216 0.8660374462860652 0.14992633517495396 0.8991313689379987 0.147292817679558 0.921853898096992 0.14828115408225906 0.9455647636586864 0.15190300798035605 0.9628514426028237 0.1591487620216902 0.9816206261510129 0.1706732146511152 0.9944659300184161 0.18082054430120728 1 0.2352793124616329 1 0.3168815224063843 0.9994045426642112 0.31819930427665233 0.9895242480049109 0.3237978309801514 0.9816206261510129 0.33268876611418047 0.9707550644567219 0.3409208103130755 0.9574186617556784 0.34783711888684266 0.9430939226519337 0.35508082668303664 0.9297575199508902 0.35837323511356656 0.9134561080417434 0.3590321260487006 0.8936985880908533 0.3567280540208717 0.8813505217925107 0.3508000818498056 0.8685082872928177 0.3435563740536116 0.8586279926335174 0.3333476570493145 0.8517127071823205
3 0.34903826478412114 0.6634284837323511 0.334219357479026 0.648609576427256 0.32104767751176594 0.6387292817679558 0.30787599754450584 0.635024554941682 0.28811745447104564 0.6288520564763659 0.2782381829343155 0.6263812154696132 0.26616533660732555 0.6284407612031921 0.25107223245344795 0.6366728054020873 0.2417413546142828 0.6432596685082872 0.23488029465930016 0.6613689379987722 0.23131368937998772 0.6786586863106201 0.22994270513607531 0.7025322283609576 0.22637405361162266 0.7227010435850215 0.22802128094945773 0.7420472682627379 0.23241047677511764 0.7585144260282382 0.2414671577655003 0.7737446286065071 0.2502475956619603 0.7873265807243708 0.25848168610599553 0.7943247391037446 0.2771413955391856 0.8050276243093923 0.2903130755064457 0.8132596685082872 0.3054061796603233 0.8214917127071824 0.322694904849601 0.8264303253529773 0.33751381215469617 0.8284898710865561 0.35836914262328623 0.8181982811540823 0.3731880499283814 0.7980294659300184 0.38114589727849396 0.7807397176181707 0.3852608962553714 0.7646869244935544 0.38553509310415385 0.7441068139963168 0.38251688152240637 0.7255831798649478 0.37648045835891136 0.7045917740945365 0.3633087783916513 0.683597298956415