3 0.7974633333333333 0.61334 0.7747533333333334 0.61334 0.7563000000000001 0.62399 0.7399766666666666 0.642085 0.7339466666666667 0.658055 0.7421066666666667 0.6745549999999999 0.7609133333333332 0.71501 0.7811400000000001 0.7182050000000001 0.80811 0.716605 0.8382733333333334 0.713945 0.85921 0.7102200000000001 0.8687933333333334 0.6969099999999999 0.8858233333333333 0.688925 0.8929233333333333 0.679345 0.8911466666666666 0.643685 0.8851166666666667 0.6293099999999999 0.8737600000000001 0.621325 0.8535333333333333 0.622925 0.84466 0.6293099999999999 0.83224 0.6341 0.8205300000000001 0.6362300000000001 0.8148533333333333 0.6341 0.8091766666666668 0.630375 0.8042066666666666 0.622925
1 0.3095233333333334 0.541365 0.3076466666666667 0.561645 0.3066466666666667 0.57329 0.30827333333333334 0.5815549999999999 0.31215333333333334 0.592635 0.31829 0.587185 0.32217 0.583245 0.32517666666666667 0.575545 0.3299333333333333 0.57066 0.3335633333333334 0.5682200000000001 0.3379466666666667 0.5618350000000001 0.34007333333333334 0.5550750000000001 0.34333 0.54399 0.34546000000000004 0.5396749999999999 0.34846333333333335 0.535355 0.35397333333333336 0.532535 0.35609999999999997 0.5291549999999999 0.36424 0.5278400000000001 0.35860333333333333 0.523145 0.3468366666666667 0.51676 0.3410766666666667 0.51319 0.33131 0.5120650000000001 0.32455 0.5152599999999999 0.31916666666666665 0.520515 0.3136566666666667 0.530095
0 0.88837 0.62029 0.8857933333333333 0.6194 0.8818333333333334 0.6195499999999999 0.8818333333333334 0.622075 0.8844066666666666 0.6244500000000001 0.8863866666666667 0.626235 0.8876766666666668 0.626085
3 0.3565833333333333 0.40636 0.35528666666666664 0.4333 0.3606933333333333 0.46348 0.3667533333333333 0.505665 0.37281000000000003 0.51962 0.39076666666666665 0.5352 0.41391666666666665 0.53747 0.4281966666666666 0.5277350000000001 0.4377166666666667 0.51248 0.44182666666666665 0.492035 0.44399 0.47419 0.44399 0.46056 0.43706666666666666 0.447575 0.4256 0.431025 0.4149966666666667 0.41902 0.40180000000000005 0.40117 0.3948766666666667 0.39532999999999996 0.38578999999999997 0.393055 0.3771366666666667 0.38981 0.36805000000000004 0.39046 0.3624233333333333 0.39468000000000003
0 0.8076066666666667 0.62963 0.8062233333333334 0.628005 0.8051400000000001 0.62817 0.8050266666666667 0.629985 0.8061666666666667 0.631525 0.80663 0.631865 0.8087533333333334 0.63221 0.8088666666666666 0.63221
3 0.3123166666666667 0.53325 0.3082066666666667 0.546235 0.30604333333333333 0.57252 0.3108033333333333 0.5988049999999999 0.32054 0.620225 0.33417 0.6374249999999999 0.3469333333333333 0.65008 0.3776566666666667 0.653325 0.3899866666666667 0.65203 0.39907333333333334 0.642295 0.4072966666666667 0.63126 0.4144366666666667 0.614385 0.4181133333333333 0.5991299999999999 0.42006000000000004 0.5890700000000001 0.4181133333333333 0.579335 0.4185466666666667 0.5520750000000001 0.41075666666666666 0.54039 0.38717666666666667 0.5352 0.3698666666666666 0.5303300000000001 0.35580333333333336 0.5209199999999999 0.34174 0.512805 0.33070666666666665 0.511185 0.3229333333333333 0.51605 0.3170766666666667 0.5209199999999999
1 0.41742999999999997 0.42410000000000003 0.4122033333333333 0.42437 0.4091366666666667 0.43383999999999995 0.40715333333333337 0.444385 0.40318666666666664 0.45331 0.39832 0.46115 0.3932733333333333 0.468725 0.38588000000000006 0.48360000000000003 0.37921000000000005 0.49279500000000004 0.37434 0.499015 0.36893333333333334 0.507125 0.37235666666666667 0.519565 0.3905666666666667 0.5330900000000001 0.4132833333333333 0.537145 0.42752666666666667 0.52687 0.43726333333333334 0.512265 0.44249333333333335 0.486845 0.4435733333333333 0.474945 0.4435733333333333 0.46061 0.43726333333333334 0.44871 0.42933 0.43654000000000004 0.4251833333333333 0.430865
3 0.8293966666666667 0.286255 0.8257199999999999 0.297935 0.8110066666666667 0.304105 0.7818 0.32033 0.7740133333333333 0.32389999999999997 0.7707666666666667 0.33882999999999996 0.7703333333333333 0.344995 0.7820166666666667 0.35602999999999996 0.7928333333333333 0.35992 0.8053833333333333 0.357325 0.8252866666666667 0.35116 0.8443266666666667 0.34629000000000004 0.85839 0.346615 0.8715866666666667 0.34986 0.8676933333333333 0.33526 0.8625 0.32065499999999997 0.8538466666666666 0.305725 0.8458333333333333 0.2989 0.8380533333333333 0.29112 0.83394 0.28658
3 0.8183066666666667 0.35571499999999995 0.7993399999999999 0.373685 0.78736 0.388445 0.7853666666666667 0.404915 0.7909266666666668 0.41711000000000004 0.7967733333333333 0.429515 0.81018 0.441925 0.8278633333333334 0.45262 0.85396 0.45604500000000003 0.8749233333333333 0.454975 0.88833 0.45091000000000003 0.8928933333333333 0.44599 0.8913233333333332 0.43679 0.8843366666666668 0.397 0.8766366666666666 0.36619999999999997 0.87136 0.350795 0.8586666666666667 0.34652 0.8442633333333334 0.34608999999999995 0.8280066666666667 0.350155
3 0.8218433333333334 0.541865 0.8070133333333334 0.5412250000000001 0.7927533333333334 0.552135 0.7841966666666668 0.55791 0.78334 0.572885 0.78933 0.589995 0.8007399999999999 0.6131 0.8088666666666666 0.628075 0.81714 0.63449 0.8268366666666668 0.6355599999999999 0.8355366666666667 0.63342 0.8445199999999999 0.6295700000000001 0.8526499999999999 0.622725 0.8727566666666666 0.6212300000000001 0.8873033333333333 0.63 0.8979966666666666 0.608395 0.8995666666666666 0.5792999999999999 0.9011366666666666 0.5645399999999999 0.9014200000000001 0.55363 0.9001366666666666 0.543575 0.8965733333333332 0.537375 0.8833099999999999 0.536945 0.86634 0.53823 0.8495100000000001 0.536515 0.84395 0.5463600000000001 0.8363900000000001 0.547855 0.8302600000000001 0.5457150000000001
0 0.82907 0.547725 0.8261833333333334 0.5539149999999999 0.82288 0.55825 0.8219733333333333 0.5638200000000001 0.8235399999999999 0.56939 0.82742 0.566665 0.8289066666666666 0.56357 0.8303066666666666 0.55924 0.83262 0.55367 0.8351766666666667 0.55144 0.8367466666666666 0.549585 0.8322066666666667 0.54847
3 0.60984 0.23581 0.60693 0.240175 0.6080933333333334 0.247155 0.6092566666666667 0.2537 0.6130399999999999 0.25762999999999997 0.6197333333333334 0.264615 0.6243866666666666 0.27116 0.6290433333333334 0.27945 0.63137 0.28687 0.6331166666666667 0.295165 0.63399 0.30171 0.63166 0.31 0.623 0.32665 0.6235333333333333 0.3376 0.6317666666666667 0.34175 0.6446666666666667 0.34035000000000004 0.6556333333333334 0.3349 0.6642 0.32675 0.6748333333333333 0.32035 0.6816666666666666 0.31485 0.6959333333333334 0.30465 0.6997333333333333 0.30460000000000004 0.7100333333333333 0.30019999999999997 0.7233999999999999 0.29535 0.7270933333333334 0.291235 0.7320399999999999 0.285125 0.7358233333333333 0.27726999999999996 0.7332033333333334 0.264615 0.7256400000000001 0.255885 0.7212733333333334 0.2489 0.7172 0.24104499999999998 0.71342 0.23668 0.7096366666666666 0.232755 0.6979966666666666 0.23013499999999998 0.6924699999999999 0.22926 0.6854866666666667 0.227515 0.6805399999999999 0.22708 0.6689033333333333 0.22620500000000002 0.6633733333333333 0.227515 0.65523 0.22926
3 0.7425133333333334 0.233625 0.73815 0.236245 0.7305833333333334 0.23799 0.7215666666666666 0.23799 0.71982 0.24409999999999998 0.72593 0.25152 0.7320399999999999 0.258065 0.73495 0.26505 0.7363999999999999 0.2738 0.7329333333333334 0.28425 0.7244666666666667 0.2934 0.7231666666666666 0.3029 0.7167 0.31765 0.7174333333333334 0.32080000000000003 0.7151666666666666 0.32965 0.7162 0.3347 0.7253666666666666 0.3394 0.7333666666666666 0.34035000000000004 0.7468999999999999 0.3383 0.7945933333333334 0.310875 0.7986666666666666 0.30738499999999996 0.80565 0.30301999999999996 0.8105966666666666 0.30127499999999996 0.8164166666666667 0.30083499999999996 0.8225266666666666 0.29865499999999995 0.8248533333333333 0.292545 0.82689 0.286 0.82689 0.279015 0.8251433333333332 0.27247000000000005 0.8190333333333333 0.26243 0.8123433333333334 0.25632 0.7972133333333333 0.23537 0.7736466666666667 0.23101 0.7713166666666667 0.232315
3 0.5272100000000001 0.26156 0.5266266666666667 0.28774500000000003 0.5269199999999999 0.29429 0.52779 0.303455 0.5307 0.31960500000000003 0.5339 0.332695 0.55136 0.35888 0.5563033333333334 0.37110000000000004 0.55834 0.375465 0.5758 0.35669999999999996 0.5912200000000001 0.340115 0.62817 0.316985 0.6319533333333333 0.31262 0.6360266666666666 0.299525 0.63137 0.283815 0.6243866666666666 0.27247000000000005 0.60984 0.259375 0.6011099999999999 0.251085 0.5938366666666667 0.24541 0.5920933333333334 0.242355 0.57347 0.24409999999999998
3 0.47658333333333336 0.29167000000000004 0.4681466666666667 0.29167000000000004 0.4608733333333333 0.29341500000000004 0.4536 0.29778 0.4469066666666667 0.305635 0.44138000000000005 0.313495 0.43584999999999996 0.32658499999999996 0.43265000000000003 0.343605 0.43381333333333333 0.35408 0.4343966666666667 0.360625 0.4373066666666667 0.37851999999999997 0.44487 0.40208999999999995 0.45214333333333334 0.429145 0.46465333333333336 0.45620499999999997 0.4739666666666667 0.465805 0.49113 0.46319 0.5065533333333334 0.45926 0.5170266666666666 0.44442000000000004 0.5373933333333334 0.42347500000000005 0.5493233333333334 0.40689 0.5533966666666666 0.39554 0.5537 0.38289999999999996 0.5525233333333334 0.371975 0.5507766666666667 0.358445 0.5432133333333333 0.34535000000000005 0.5391400000000001 0.336185 0.5312833333333333 0.327895 0.5144066666666667 0.313055 0.49055000000000004 0.297345
0 0.8080266666666667 0.58573 0.8056333333333333 0.58969 0.8056333333333333 0.5929099999999999 0.8077766666666666 0.59613 0.81009 0.5952649999999999 0.8119033333333333 0.59316 0.8129766666666666 0.58969 0.8113266666666666 0.58672
3 0.82741 0.45216 0.8237733333333334 0.44998 0.8191666666666667 0.44852499999999995 0.81456 0.448885 0.8109200000000001 0.449615 0.8063133333333333 0.451435 0.80098 0.455435 0.7951633333333332 0.466345 0.7898266666666667 0.47762 0.7927366666666666 0.48889499999999997 0.8002666666666667 0.51215 0.8121333333333334 0.52708 0.8164966666666666 0.533625 0.8245 0.54163 0.8317733333333334 0.54599 0.8383200000000001 0.54672 0.8446233333333333 0.5445399999999999 0.84923 0.5368999999999999 0.8579600000000001 0.5358099999999999 0.8666866666666666 0.5376299999999999 0.8734766666666666 0.5376299999999999 0.88075 0.5358099999999999 0.8899633333333333 0.5358099999999999 0.8989333333333334 0.53399 0.9033 0.529625 0.9052399999999999 0.511805 0.9006333333333334 0.49435 0.9006333333333334 0.4878 0.90039 0.47870999999999997 0.8967533333333334 0.462705 0.8933566666666667 0.451795 0.88972 0.449615 0.8858433333333334 0.45252499999999996 0.8790533333333332 0.45434500000000005 0.8674133333333333 0.455435 0.8625666666666666 0.455435 0.8511666666666666 0.45544999999999997 0.8402666666666667 0.45435000000000003 0.8359 0.4536 0.8317733333333334 0.45252499999999996