3 0.6223133333333334 0.2999775 0.6170516666666667 0.292785 0.6151816666666667 0.29191 0.6095683333333333 0.28998 0.6053583333333333 0.2884 0.601735 0.288225 0.59963 0.2884 0.59659 0.28998 0.5898083333333333 0.29366250000000005 0.5871183333333333 0.2980475 0.585365 0.2998025 0.5822083333333333 0.303135 0.5801033333333333 0.3050625 0.5778816666666666 0.3089225 0.5761266666666667 0.31243 0.56572 0.348735 0.5643183333333333 0.35802999999999996 0.56502 0.36241500000000004 0.567825 0.3671525 0.5798683333333333 0.37609750000000003 0.5886383333333334 0.38065750000000004 0.6036050000000001 0.3881975 0.6176366666666667 0.3925825 0.6233666666666666 0.39188249999999997 0.62512 0.39170499999999997 0.6280433333333334 0.38872500000000004 0.6304983333333333 0.3648725 0.6377483333333333 0.34049250000000003 0.6334216666666667 0.32172500000000004 0.6286283333333333 0.31067500000000003
3 0.5563666666666667 0.28226249999999997 0.551455 0.27770249999999996 0.5460766666666667 0.27559750000000005 0.5411666666666667 0.27402 0.53836 0.2759475 0.5304083333333333 0.29717 0.521405 0.3273375 0.5187166666666667 0.346105 0.5196516666666666 0.34891 0.5226916666666667 0.351365 0.5267833333333333 0.3520675 0.538945 0.3568025 0.542335 0.35802999999999996 0.5506366666666667 0.359785 0.5566 0.35996 0.5639666666666667 0.35733 0.5682933333333333 0.34014 0.5753083333333333 0.3159375 0.569345 0.30401 0.5643183333333333 0.29191 0.56233 0.28542
0 0.812555 0.39259249999999996 0.8130949999999999 0.3940875 0.8145883333333332 0.39514499999999997 0.8154583333333333 0.395765 0.8166616666666667 0.3976325 0.817615 0.399 0.8177816666666666 0.397135 0.8171999999999999 0.39607749999999997 0.8201033333333333 0.3958275 0.8193983333333333 0.39532999999999996 0.8171999999999999 0.39502 0.81691 0.3940875 0.8157083333333334 0.39383749999999995 0.8149616666666667 0.39309 0.8161216666666666 0.3932775 0.8170766666666667 0.39234500000000005 0.8155416666666667 0.39247000000000004 0.8131783333333333 0.39234500000000005
0 0.8054233333333334 0.3932775 0.8079116666666667 0.3945225 0.8087816666666666 0.3945225 0.8100666666666666 0.39402499999999996 0.811105 0.3935875 0.811105 0.39191000000000004 0.8101499999999999 0.3907275 0.8092383333333334 0.3914125 0.8069149999999999 0.39253
0 0.8102666666666667 0.42619999999999997 0.8119533333333334 0.4281425 0.8135450000000001 0.4291375 0.8157666666666668 0.4308775 0.8177566666666667 0.43038 0.8200116666666666 0.4310775 0.82104 0.431575 0.822865 0.43167500000000003 0.825385 0.4312775 0.8265133333333333 0.43033 0.8243233333333333 0.4299825 0.82104 0.4298325 0.8194483333333332 0.4291875 0.81507 0.427595 0.8129483333333333 0.42684750000000005 0.8114883333333334 0.425755 0.8110566666666666 0.425805
0 0.8193999999999999 0.42657999999999996 0.8207666666666668 0.42788 0.8206666666666667 0.42863 0.8210833333333334 0.429055 0.8217666666666668 0.428755 0.8223 0.42850499999999997 0.8229333333333334 0.42885500000000004 0.8234833333333332 0.428755 0.8240500000000001 0.429105 0.8241999999999999 0.428905 0.8238 0.428105 0.8227166666666667 0.42785500000000004 0.8228333333333333 0.42733 0.8219166666666666 0.42700499999999997 0.8210500000000001 0.42657999999999996 0.8205 0.426305 0.8197666666666668 0.426105
0 0.806945 0.42714749999999996 0.8081716666666666 0.42869 0.8096633333333333 0.4288375 0.8106266666666667 0.4291375 0.8096633333333333 0.42784249999999996 0.8088683333333333 0.42684750000000005 0.80837 0.4268
3 0.7978216666666668 0.38153250000000005 0.7956000000000001 0.40644 0.7952483333333333 0.415735 0.7974699999999999 0.4194175 0.79899 0.4220475 0.8008616666666667 0.4234525 0.8039016666666666 0.4255575 0.8063566666666667 0.4278375 0.8084616666666667 0.42889 0.8194166666666667 0.43239999999999995 0.8445916666666667 0.4306425 0.850555 0.43151999999999996 0.859325 0.407315 0.8657549999999999 0.38048000000000004 0.8595583333333334 0.3792525 0.8452933333333333 0.37557 0.8337183333333335 0.37627249999999995 0.8241299999999999 0.37785 0.8200366666666667 0.38012999999999997 0.8126716666666666 0.38416500000000003 0.8069416666666666 0.382235
3 0.75374 0.343825 0.7463733333333333 0.33681 0.7408783333333334 0.33558 0.73889 0.33523000000000003 0.7356166666666666 0.334705 0.7338616666666666 0.3340025 0.7315233333333334 0.33347750000000004 0.72708 0.33294999999999997 0.7229883333333333 0.33224750000000003 0.7186616666666668 0.3326 0.715505 0.3340025 0.7116466666666666 0.33751 0.7087233333333334 0.342245 0.7075533333333333 0.34452499999999997 0.7054483333333332 0.34785750000000004 0.7047466666666666 0.35347 0.7049816666666667 0.357155 0.705215 0.36136250000000003 0.7041633333333333 0.36451999999999996 0.7053316666666666 0.366625 0.7060333333333333 0.36907999999999996 0.7065016666666667 0.3718875 0.70767 0.375395 0.7084883333333334 0.37785 0.7093066666666666 0.380305 0.7166733333333333 0.3881975 0.7253266666666667 0.3945125 0.7311733333333333 0.3969675 0.7370183333333333 0.389425 0.7408783333333334 0.38083249999999996 0.7494133333333333 0.3610125 0.7545583333333334 0.3536475
3 0.6794916666666666 0.3227775 0.6710716666666666 0.3162875 0.6533 0.3233025 0.6375133333333334 0.3411925 0.6286283333333333 0.37977999999999995 0.6280433333333334 0.3920575 0.6303816666666666 0.3964425 0.6315500000000001 0.39837 0.6362283333333333 0.39994999999999997 0.6398533333333333 0.40328250000000004 0.6614833333333333 0.41029750000000004 0.6713066666666667 0.4120525 0.6748133333333334 0.40942 0.68066 0.3973175 0.6868566666666667 0.37732499999999997 0.6880266666666667 0.37241250000000004 0.68791 0.3653975 0.6907166666666666 0.35154250000000004 0.6905983333333333 0.346105 0.6920016666666667 0.34172 0.6914166666666667 0.33645749999999996 0.687675 0.32944249999999997
3 0.52164 0.2708625 0.518015 0.27664999999999995 0.514975 0.290155 0.5060883333333334 0.3134825 0.5010600000000001 0.3359325 0.5032816666666666 0.3410175 0.509595 0.34435000000000004 0.51743 0.34680500000000003 0.5178983333333333 0.34593 0.5203533333333333 0.33014499999999997 0.5269016666666666 0.3075175 0.5300583333333333 0.298925 0.5263166666666667 0.28910250000000004 0.5251466666666667 0.2763