3 0.5674463773011316 0.3267275 0.5529978044249283 0.37193 0.5411771660192535 0.44095249999999997 0.5365799695997298 0.47546249999999995 0.5359229859820975 0.49539249999999996 0.5382215841918595 0.51775 0.5454450261780105 0.5352475 0.5556324945110623 0.54595 0.567774024657997 0.5415675 0.5772977537578111 0.54011 0.5874767775713562 0.5420525 0.599954399594663 0.5425399999999999 0.6219540618138828 0.55372 0.6403428474919777 0.5561499999999999 0.6748218206384057 0.5542050000000001 0.688613409896977 0.547885 0.7004340483026517 0.53136 0.703717277486911 0.4978225 0.7020756628947813 0.46379750000000003 0.6932106063165006 0.4064425 0.6810606316500591 0.3612375 0.674492484377639 0.3364475 0.6643134605640939 0.31409 0.6544637730113156 0.29658999999999996 0.6462540111467657 0.29658999999999996 0.628522209086303 0.30485500000000004 0.5858351629792264 0.31895 0.5740128356696504 0.32138
3 0.1972133085627428 0.33352499999999996 0.194203681810505 0.3898275 0.2007701401790238 0.4765075 0.20487586556324944 0.5121525 0.21034791420368182 0.53524 0.2166424590440804 0.5425325 0.23935314980577604 0.532405 0.2541293700388448 0.5149874999999999 0.26206552947137307 0.49757 0.25686708326296237 0.4740775 0.26015031244722175 0.424255 0.25385576760682316 0.3987375 0.241541969261949 0.36916750000000004 0.23579631818949504 0.3529675 0.23798513764566795 0.34202999999999995 0.25303496031075834 0.338385 0.24291167032595845 0.32096749999999996 0.23278669143725722 0.30598000000000003 0.21965208579631817 0.31083999999999995 0.20186454990711028 0.3221825
3 0.4049045769295727 0.3179775 0.3894713730788718 0.3486 0.3750228002026685 0.4020675 0.3671423745988853 0.45164499999999996 0.3658300962675224 0.50414 0.36812700557338285 0.5265 0.3796199966221922 0.5464275 0.39045600405336933 0.551775 0.4019489951021787 0.5542050000000001 0.45580138490119915 0.5600375000000001 0.4968468164161459 0.5571225 0.5155649383550076 0.5512875 0.5267285931430502 0.5396224999999999 0.5329674041547036 0.52018 0.5323104205370714 0.48810000000000003 0.529027191352812 0.4458125 0.5270562404999155 0.41519 0.5221313967235264 0.3772775 0.5050565782806958 0.328185 0.4732055396047965 0.32235250000000004 0.44332376287789227 0.3199225 0.41771153521364635 0.3179775
3 0.2708326296233744 0.5239225000000001 0.26656476946461743 0.5973200000000001 0.2708326296233744 0.6580775 0.27707144063502787 0.6770325 0.29480324269549063 0.6857825000000001 0.31089343016382365 0.6750900000000001 0.3263266340145246 0.648355 0.3397905759162304 0.62697 0.3276406012497889 0.5511425000000001 0.3328947812869448 0.5263525 0.3003850700895119 0.5399625 0.29414625907785846 0.5404500000000001 0.2731312278331363 0.5234375
3 0.8918713055227159 0.3544325 0.8767674379327817 0.37339 0.8675730450937341 0.3996375 0.8633034960310758 0.4253975 0.863960479648708 0.47935 0.8596909305860496 0.5347625 0.8682300287113663 0.5488575 0.8793936834994089 0.5449700000000001 0.8899020435737206 0.5279575 0.900408714744131 0.503655 0.9050059111636548 0.4686575 0.9059905421381523 0.4317175 0.9043489275460226 0.3981775 0.8990964364127682 0.35978
3 0.5400928897145753 0.52927 0.5384512751224455 0.57982 0.5371373078871812 0.6313424999999999 0.5430484715419692 0.6541875 0.5551984462084107 0.6930725 0.5752288464786354 0.68967 0.6136463435230536 0.6964750000000001 0.6172589089680797 0.6945325 0.6340060800540449 0.636205 0.6418865056578281 0.600235 0.6474683330518494 0.556975 0.6340060800540449 0.556975 0.6211991217699713 0.5526 0.6011687214997466 0.54288 0.5785120756628948 0.5409349999999999 0.5568400608005405 0.5457949999999999 0.5469886843438608 0.5370475
3 0.8376912683668299 0.323325 0.8179885154534707 0.344225 0.8058402296909306 0.3743625 0.8002567133930079 0.39186 0.7946748859989867 0.41421749999999996 0.7950042222597534 0.42637 0.8045262624556664 0.46379750000000003 0.8009136970106401 0.514835 0.7982874514440128 0.529415 0.815034622529978 0.5571225 0.8357203175139335 0.5692725000000001 0.8485272757980071 0.5663575 0.8583786522546867 0.54983 0.8633034960310758 0.4846975 0.8626465124134436 0.4185925 0.8573940212801892 0.3840825 0.8570646850194225 0.3495725 0.853781455835163 0.32721249999999996 0.8462286775882453 0.3199225
3 0.647140685694984 0.5579475 0.6405725384225638 0.6148175 0.6336767437932782 0.6449525 0.6435281202499578 0.6721725000000001 0.6540364803242695 0.7057100000000001 0.6914693463941902 0.7061975 0.7108427630467826 0.700365 0.7226650903563586 0.6605075 0.7390829251815572 0.6104425 0.7476203344029725 0.56621 0.74860496537747 0.5457949999999999 0.7226650903563586 0.5234375 0.7029623374429994 0.5078825 0.6996791082587401 0.53413 0.6891707481844283 0.5487124999999999 0.6757084951866239 0.5555175 0.6533794967066374 0.55649
3 0.7171812193886168 0.3320725 0.7070021955750717 0.36221 0.7001064009457861 0.39866500000000005 0.6945228846478636 0.4113025 0.7010910319202837 0.4545625 0.7043742611045433 0.49685 0.7030619827731802 0.5085149999999999 0.7119270393514608 0.513375 0.7250616449924 0.5255275 0.7473906434723865 0.5444825 0.7582266509035636 0.55226 0.7794460395203514 0.543775 0.7938861678770479 0.52695 0.8015706806282723 0.5094875 0.8038692788380342 0.46428250000000004 0.7933626076676237 0.41421749999999996 0.7782570511737883 0.360265 0.7707042729268705 0.32624000000000003 0.7598682654956933 0.31409 0.7467336598547543 0.3150625 0.7296588414119237 0.3204075 0.7211214321905084 0.3267275
3 0.43140347914203686 0.5618350000000001 0.4346883972301976 0.59975 0.4438811011653437 0.65273 0.45537409221415304 0.686755 0.48591285255868943 0.6882125 0.51119743286607 0.6901575 0.5210471204188482 0.6746025 0.5351680459381861 0.6444675 0.5368096605303158 0.621135 0.5384512751224455 0.5666975 0.5397652423577098 0.529755 0.5384512751224455 0.5151749999999999 0.5351680459381861 0.512745 0.5328694477284243 0.512745 0.5328694477284243 0.5214924999999999 0.5256443168383719 0.5419075 0.5121820638405675 0.5526 0.4852558689410572 0.55892 0.4589866576591792 0.56135 0.4340314136125655 0.56135
3 0.29189157236953217 0.3213725 0.27574733997635537 0.3687625 0.2612447221753082 0.422635 0.25741428812700556 0.4671925 0.2604239148792434 0.49028 0.26836007431177167 0.5157975 0.279577774024658 0.52795 0.29435568316162813 0.5392899999999999 0.30064853909812533 0.5392899999999999 0.3321161965884141 0.52552 0.355649383550076 0.5101275 0.36467995271069076 0.5 0.3674159770309069 0.45585000000000003 0.3698783989191015 0.41291500000000003 0.3589343016382368 0.36957249999999997 0.34333558520520185 0.33636 0.32801216010808987 0.32015750000000004 0.31323593987502113 0.312055 0.3036581658503631 0.31327249999999995
3 0.1512413443675055 0.37038499999999996 0.14741091031920284 0.41332 0.15288464786353656 0.46476 0.16081911839216348 0.49513999999999997 0.1753217361932106 0.522685 0.1862675223779767 0.52876 0.20131734504306706 0.5162025 0.20350616449924 0.5044575 0.19967573045093734 0.47610250000000004 0.19666610369869955 0.42628 0.1947508866745482 0.39428250000000004 0.19174125992231042 0.37403 0.1802482688735011 0.3582325 0.17176490457692958 0.3533725 0.16191352812024998 0.3545875 0.15507346731970953 0.3606625
3 0.3328947812869448 0.5263525 0.3269836176321567 0.5511425000000001 0.3328947812869448 0.586625 0.3404458706299612 0.620165 0.3512818780611383 0.652245 0.3621178854923155 0.6809225 0.3703276473568654 0.6891849999999999 0.401523391319034 0.6862675 0.41662725890896807 0.68238 0.4261492991048809 0.661965 0.43829927377132244 0.63912 0.43764229015369027 0.6221074999999999 0.4330450937341665 0.5807925 0.43107583178517145 0.5584349999999999 0.39856780949163995 0.552115 0.38182063840567476 0.54774 0.3759094747508867 0.54288 0.3680290491471035 0.5268400000000001 0.3654028035804763 0.5108 0.3525958452964026 0.5166325 0.34274446883972304 0.52052
3 0.740545515960142 0.6156975 0.7496655970275292 0.6487775 0.7651731126498903 0.679155 0.7875190001688903 0.6859075 0.7955007600067556 0.6734175 0.7996047964870799 0.6261625000000001 0.8032545178179361 0.5795800000000001 0.8030265157912515 0.5475125000000001 0.8018865056578282 0.5367124999999999 0.79545684850532 0.5250499999999999 0.7915385914541462 0.531125 0.7756612058773855 0.5485249999999999 0.7583313629454483 0.5532525 0.7485255868941058 0.5461625 0.747613578787367 0.5654025