3 0.7199166666666666 0.32616 0.7025666666666666 0.34875 0.6945516666666667 0.3676375 0.68597 0.4013925 0.67777 0.423135 0.6783416666666667 0.4440175 0.6773883333333334 0.48006 0.6823466666666667 0.48635500000000004 0.6911200000000001 0.48663999999999996 0.69665 0.49036 0.7090466666666666 0.49579500000000004 0.7132416666666667 0.5015149999999999 0.7401316666666666 0.5089525 0.7485216666666666 0.49579500000000004 0.759775 0.4766275 0.7683566666666667 0.4574625 0.7733150000000001 0.4320025 0.7643516666666667 0.393385 0.7536716666666666 0.35734 0.7454716666666666 0.33617250000000004 0.73727 0.32330000000000003 0.7311683333333334 0.32215499999999997
3 0.8372016666666666 0.3919525 0.8278566666666667 0.4011075 0.8135533333333332 0.4182725 0.8066883333333333 0.48292 0.8049716666666666 0.4872125 0.8108833333333334 0.4915025 0.8238516666666666 0.4843525 0.8305266666666666 0.4617525 0.8310983333333334 0.4417275 0.8356766666666667 0.42885500000000004 0.838345 0.4074 0.8389183333333333 0.39653
3 0.6156366666666667 0.50595 0.6120133333333333 0.527405 0.609535 0.5354125000000001 0.6164000000000001 0.5565825 0.625935 0.5929125000000001 0.636425 0.6143675 0.6503466666666666 0.62581 0.6661750000000001 0.62066 0.6720866666666666 0.6037825 0.67819 0.5786100000000001 0.6844833333333332 0.5448525 0.6890599999999999 0.510525 0.6861999999999999 0.4896425 0.6818133333333334 0.48420749999999996 0.6759016666666666 0.48049000000000003 0.6760916666666666 0.484495 0.6692266666666666 0.501085 0.661025 0.50881 0.6518716666666666 0.514245 0.641765 0.5136725 0.6179250000000001 0.5053775
3 0.30493666666666663 0.388235 0.29349333333333333 0.41340750000000004 0.28739166666666666 0.444875 0.28643833333333335 0.4617525 0.2877733333333333 0.48092 0.29254 0.49922750000000005 0.299215 0.5080950000000001 0.31351833333333334 0.51639 0.3352583333333333 0.5203949999999999 0.3621483333333333 0.50981 0.36996833333333334 0.5023725 0.371875 0.4955075 0.3711116666666667 0.47205 0.3743533333333333 0.4388675 0.37492666666666663 0.42227499999999996 0.36615333333333333 0.40654250000000003 0.3566183333333333 0.3902375 0.34326833333333334 0.38022500000000004 0.33449666666666666 0.377365 0.3211466666666667 0.3779375 0.3146616666666667 0.3810825
3 0.7733150000000001 0.5058050000000001 0.7826583333333333 0.515245 0.79372 0.5143875 0.8002049999999999 0.4998 0.8070700000000001 0.48034750000000004 0.8116466666666667 0.4428725 0.8133633333333333 0.4199875 0.8114566666666666 0.403395 0.8095483333333333 0.40168 0.8015399999999999 0.4062575 0.795055 0.4116925 0.7927666666666667 0.41627 0.7918133333333334 0.4371525 0.7851383333333333 0.465185 0.7733150000000001 0.5015149999999999
3 0.46783833333333336 0.52483 0.46726666666666666 0.5434225 0.47623000000000004 0.5720299999999999 0.48595666666666665 0.5972025 0.4968266666666667 0.604355 0.5082683333333333 0.599205 0.517995 0.58433 0.5216183333333333 0.56917 0.5296283333333334 0.5459974999999999 0.5343966666666666 0.5336974999999999 0.5351583333333333 0.5213975000000001 0.49606333333333336 0.5228275 0.4825233333333333 0.5176775 0.48233333333333334 0.52111 0.47146166666666667 0.5228275
3 0.21229 0.5208250000000001 0.21038333333333334 0.5500025000000001 0.21076499999999998 0.5826125 0.21419833333333335 0.5983474999999999 0.21724833333333332 0.6132225 0.22239833333333334 0.6332475 0.23117 0.6269525 0.24547333333333332 0.6066425000000001 0.2630183333333333 0.577465 0.26816833333333334 0.5717424999999999 0.26874000000000003 0.564305 0.2763683333333333 0.529405 0.28056333333333333 0.5085225 0.26263666666666663 0.5228275 0.25500833333333334 0.527405 0.240325 0.52912 0.232505 0.52626 0.227165 0.517965 0.22106333333333336 0.5093825
3 0.3945683333333333 0.3687825 0.385225 0.388235 0.37721499999999997 0.4199875 0.374735 0.4417275 0.37149333333333334 0.4749125 0.3726383333333333 0.500085 0.3806466666666667 0.5106700000000001 0.39132666666666666 0.5206825 0.4275616666666667 0.524685 0.4740933333333333 0.5223975000000001 0.48172166666666666 0.5212525 0.48363000000000006 0.4860675 0.4842016666666667 0.45546 0.4779083333333333 0.41483749999999997 0.466465 0.3825125 0.4464416666666667 0.365065 0.4220316666666667 0.354765 0.4060116666666667 0.3581975
3 0.2803733333333333 0.51024 0.26893 0.5617300000000001 0.26530666666666664 0.6066425000000001 0.272935 0.6401125 0.28266166666666664 0.642115 0.30535666666666667 0.62495 0.329195 0.586905 0.34063666666666664 0.569455 0.3436883333333334 0.5594425 0.334535 0.523685 0.33033833333333334 0.5193949999999999 0.31412833333333334 0.517105 0.29887166666666665 0.50881 0.291435 0.4976525
3 0.6890599999999999 0.508525 0.6881066666666668 0.5265449999999999 0.6858183333333333 0.548 0.6924933333333333 0.5688825000000001 0.7054600000000001 0.5889075 0.7209083333333333 0.6143675 0.7302533333333334 0.6198025 0.7378816666666667 0.6140800000000001 0.7405516666666667 0.5954875 0.74589 0.5637325 0.746845 0.5408474999999999 0.7464633333333333 0.519965 0.7430300000000001 0.5048050000000001 0.7401700000000001 0.510525 0.7136616666666667 0.5025175 0.7087033333333334 0.49565 0.6966883333333334 0.491075 0.6882966666666667 0.4867825 0.6860083333333333 0.4885 0.6879149999999999 0.4987975
3 0.3984216666666667 0.5234 0.4043333333333333 0.55887 0.4161566666666667 0.6014925 0.4325583333333333 0.611505 0.4445733333333333 0.6063575 0.45086666666666664 0.5909099999999999 0.4596383333333333 0.5700275 0.466885 0.5457124999999999 0.46726666666666666 0.522255 0.4298883333333333 0.5259725
3 0.11956833333333333 0.40168 0.12204833333333333 0.417985 0.126625 0.4402975 0.13520666666666667 0.48235 0.14722166666666667 0.49751 0.15809166666666666 0.4980825 0.153515 0.486925 0.14931833333333333 0.45546 0.14684 0.4251375 0.13825833333333332 0.4145525 0.13005666666666668 0.40654250000000003 0.12624333333333335 0.40311
3 0.221215 0.3676375 0.2126333333333333 0.39138249999999997 0.20557833333333334 0.431145 0.20348000000000002 0.44659249999999995 0.202145 0.466615 0.20939166666666664 0.48749750000000003 0.2275083333333333 0.5195375 0.23399333333333333 0.5266875 0.24124 0.52955 0.25726 0.524685 0.27861833333333336 0.5103825 0.29235 0.49722500000000003 0.28739166666666666 0.48006 0.2860566666666666 0.45946499999999996 0.28872666666666663 0.43286 0.28167 0.42542250000000004 0.2728966666666667 0.404255 0.25859499999999996 0.37679250000000003 0.2471516666666667 0.36392 0.23609166666666667 0.35877 0.22884333333333332 0.35991500000000004
3 0.52711 0.3510475 0.5019366666666667 0.38794999999999996 0.48897 0.4214175 0.4845833333333333 0.43801 0.484965 0.45946499999999996 0.4830566666666667 0.517535 0.4956433333333334 0.5218250000000001 0.5637266666666667 0.5203949999999999 0.5778383333333333 0.5169625 0.5906166666666667 0.5103825 0.59424 0.490645 0.5923333333333334 0.4385825 0.5843233333333333 0.3971025 0.57536 0.3699275 0.5663966666666667 0.355625 0.5555266666666666 0.346185 0.5419866666666667 0.3433225
3 0.7473783333333334 0.4998 0.754815 0.5115275 0.7691183333333333 0.5121 0.78018 0.4794875 0.7849483333333332 0.4649 0.7916216666666666 0.436865 0.7929566666666666 0.41483749999999997 0.7920033333333334 0.4036825 0.7879983333333332 0.38566 0.7820866666666667 0.37851 0.77484 0.38423 0.7645416666666667 0.3942425 0.7727416666666667 0.43 0.7687366666666666 0.4566025 0.7595833333333334 0.477485
3 0.33510666666666666 0.52483 0.34140000000000004 0.55172 0.3476933333333333 0.5780375 0.3574183333333334 0.59663 0.3705783333333333 0.603495 0.38183 0.58948 0.38774166666666665 0.5537225 0.394035 0.533125 0.3932716666666667 0.5205375 0.38125833333333337 0.5110975 0.3728666666666666 0.5008 0.3625683333333333 0.510525 0.33777666666666667 0.5202525
3 0.7735433333333334 0.56116 0.78365 0.576035 0.8019583333333333 0.58004 0.81016 0.5703125 0.8166433333333333 0.5500025000000001 0.8137833333333333 0.5176775 0.8055816666666666 0.4879275 0.8031033333333333 0.491645 0.7939483333333333 0.5131 0.7825066666666667 0.5162475 0.7729716666666666 0.507665 0.7710633333333333 0.5096675 0.7697283333333333 0.5139600000000001 0.7668683333333334 0.5148175 0.7708733333333333 0.5322675
3 0.148975 0.5008 0.14287333333333332 0.5405625 0.14172833333333335 0.564305 0.151455 0.5808975000000001 0.16289666666666666 0.58576 0.17434 0.5791799999999999 0.18025166666666667 0.57117 0.18292166666666665 0.5554375 0.18692666666666666 0.5265449999999999 0.18215833333333334 0.5242575 0.17205166666666666 0.5231125 0.16308833333333334 0.5125275 0.15774833333333332 0.4973675
3 0.14779333333333333 0.42485 0.14893666666666666 0.4560325 0.15408666666666668 0.486925 0.16419333333333333 0.513815 0.17163166666666665 0.5235425 0.18555333333333332 0.5218250000000001 0.18498166666666668 0.5103825 0.17620833333333333 0.487785 0.17220333333333335 0.465185 0.17029666666666665 0.45059750000000004 0.16743666666666668 0.4242775 0.156185 0.4171275 0.151035 0.41283499999999995 0.1478 0.414275 0.14722166666666667 0.4182725
3 0.1714416666666667 0.3968175 0.17106 0.40997500000000003 0.16800833333333332 0.42713999999999996 0.17697166666666667 0.487785 0.18574333333333334 0.5121 0.1889866666666667 0.5249725 0.1977583333333333 0.52726 0.21110833333333334 0.51925 0.22102500000000003 0.50924 0.20862833333333333 0.48807 0.20157333333333335 0.4654725 0.20348000000000002 0.44087 0.19299166666666667 0.42485 0.17754333333333333 0.4022525
3 0.18711666666666668 0.5242575 0.18234999999999998 0.5537225 0.18158666666666667 0.5757475 0.18425666666666665 0.6072150000000001 0.19035833333333335 0.6177999999999999 0.19760666666666668 0.611505 0.21076499999999998 0.5863325 0.21019333333333334 0.577465 0.20981166666666665 0.5488575 0.21133666666666667 0.527405 0.20771333333333333 0.5231125 0.19646166666666667 0.527405
3 0.6302833333333333 0.36821 0.6154083333333333 0.3876625 0.5990083333333334 0.41283499999999995 0.5911883333333333 0.42485 0.592905 0.44258749999999997 0.5932866666666666 0.4737675 0.5950033333333333 0.49322000000000005 0.60225 0.5020875 0.6125483333333334 0.50266 0.6264700000000001 0.5075225 0.6424883333333333 0.5129575 0.652025 0.5132424999999999 0.6627033333333333 0.5078075 0.668235 0.5023725 0.676435 0.48492250000000003 0.6781516666666666 0.46118000000000003 0.6773883333333334 0.4337175 0.673955 0.4091175 0.6688066666666667 0.38280000000000003 0.660415 0.3684975 0.652405 0.36277499999999996 0.6419166666666667 0.36334750000000005
3 0.7456999999999999 0.572315 0.7544733333333333 0.5906224999999999 0.765915 0.6054974999999999 0.7712549999999999 0.604355 0.7731616666666667 0.5840449999999999 0.7729716666666666 0.5554375 0.7706833333333334 0.5311224999999999 0.766105 0.5159625 0.7548533333333333 0.511385 0.7477983333333333 0.5002275 0.74284 0.50452 0.7466533333333334 0.5188225 0.7479883333333334 0.54285
3 0.53535 0.5231125 0.5345866666666667 0.537415 0.54069 0.5500025000000001 0.5456483333333333 0.5726025 0.5500333333333333 0.596345 0.561095 0.6072150000000001 0.5748266666666667 0.6072150000000001 0.5843616666666667 0.5952000000000001 0.5952316666666666 0.56688 0.6024783333333333 0.5502875 0.6101066666666667 0.5334099999999999 0.61621 0.50366 0.6127766666666666 0.5022300000000001 0.60305 0.5022300000000001 0.5938966666666667 0.4919325 0.5906549999999999 0.51024 0.5767333333333333 0.517965 0.5591883333333334 0.5219674999999999 0.5380199999999999 0.5208250000000001