3 0.7248530505952381 0.3646829971181556 0.7004557291666667 0.4259474063400577 0.6859784226190476 0.48150216138328533 0.6808854166666667 0.4913652737752161 0.6865141369047618 0.5759942363112392 0.6854427083333333 0.5920893371757926 0.6983110119047619 0.6045497118155619 0.7095721726190476 0.6222046109510087 0.7224404761904762 0.6294704610951009 0.7446912202380952 0.6299891930835735 0.7562127976190476 0.6040345821325648 0.7647991071428573 0.5277089337175793 0.7605096726190477 0.4352917867435158 0.7562202380952381 0.3740273775216138 0.7460323660714285 0.3553350144092219 0.7353087797619048 0.3527413544668588
3 0.2274795386904762 0.6539841498559078 0.22096354166666668 0.6867327089337175 0.21972098214285715 0.7167795389048991 0.22189360119047621 0.7345064841498559 0.24842447916666666 0.7417182997118157 0.26750744047619046 0.7390129682997119 0.27759300595238096 0.7215886167146974 0.2856603422619048 0.7056628242074928 0.2856603422619048 0.6774207492795389 0.28876302083333333 0.6296469740634006 0.2732477678571429 0.6230367435158501 0.27061011904761906 0.6323523054755044 0.2552511160714286 0.6512788184438041
3 0.42467261904761905 0.6290453890489913 0.43894717261904764 0.7293984149855908 0.4754073660714286 0.733306916426513 0.4867336309523809 0.7330043227665706 0.49293898809523806 0.7128746397694524 0.49573102678571435 0.6864337175792508 0.4969735863095238 0.6335518731988473 0.4740104166666667 0.6293443804034582 0.4705970982142857 0.6224351585014409 0.4442224702380952 0.627543227665706 0.43413690476190475 0.6260410662824207
3 0.3467894345238095 0.6254394812680115 0.3565625 0.6852305475504323 0.36571614583333334 0.7390129682997119 0.41148623511904764 0.7309005763688761 0.4270014880952381 0.6891390489913545 0.42886160714285715 0.6626981268011528 0.42389694940476186 0.6284438040345821 0.4180022321428571 0.6278422190201729 0.4065215773809524 0.6257420749279539 0.38759300595238094 0.6287463976945246 0.34927083333333336 0.6242399135446687
3 0.6515011160714286 0.6245389048991354 0.6488634672619048 0.664499279538905 0.6637574404761905 0.7059618155619597 0.6815997023809525 0.7465273775216139 0.7109226190476191 0.7408177233429396 0.719921875 0.738713976945245 0.7183705357142858 0.7041606628242075 0.7169735863095238 0.6678061959654178 0.7127845982142856 0.6380583573487032 0.7090606398809524 0.6215345821325649 0.6985119047619047 0.6023054755043228 0.6853236607142857 0.5920893371757926 0.6808240327380952 0.6140237752161383 0.6753943452380953 0.6176296829971182
3 0.518686755952381 0.3890850144092219 0.49536272321428576 0.43788904899135445 0.47874069940476194 0.48046109510086454 0.47123325892857143 0.5292651296829971 0.4720368303571429 0.6273955331412104 0.47686383928571424 0.6299891930835735 0.48999999999999994 0.6299891930835735 0.5194903273809525 0.6336239193083574 0.5390625 0.6284329971181556 0.5503218005952382 0.6331051873198847 0.5583649553571428 0.6305115273775216 0.5677473958333333 0.6320677233429395 0.5886588541666666 0.6320677233429395 0.5975074404761904 0.6242795389048992 0.5996521577380952 0.596242795389049 0.6015290178571429 0.549513688760807 0.5940215773809524 0.4721541786743516 0.5824925595238095 0.4238688760806917 0.569892113095238 0.3927197406340058 0.5589006696428571 0.3812968299711816 0.5412072172619048 0.37766210374639775 0.5291424851190476 0.3818155619596542
3 0.6353087797619048 0.4119272334293948 0.6117150297619047 0.46021253602305473 0.5961662946428571 0.48513328530259364 0.6015290178571429 0.549513688760807 0.5996521577380952 0.6097406340057637 0.6117150297619047 0.6284329971181556 0.6599739583333333 0.6211635446685878 0.6757905505952382 0.6170100864553314 0.6816889880952381 0.6118191642651297 0.6867838541666667 0.5780727665706052 0.684906994047619 0.534978386167147 0.6787406994047619 0.47942363112391934 0.6685528273809523 0.4363292507204611 0.6578292410714285 0.4093335734870317 0.6505896577380953 0.3984293948126801 0.6433519345238095 0.40569884726224786
3 0.572686011904762 0.632950288184438 0.5715997023809524 0.6702089337175793 0.5858723958333334 0.6966498559077811 0.6016982886904761 0.7312031700288184 0.6130245535714286 0.7411167146974064 0.6293154761904761 0.7450252161383285 0.6376934523809523 0.7390129682997119 0.6437444196428571 0.7002557636887609 0.6479334077380953 0.6548847262247839 0.6504148065476191 0.6239373198847262 0.6114732142857143 0.6290453890489913 0.5995256696428571 0.6113184438040346 0.5979743303571429 0.623335734870317 0.5894419642857143 0.6320497118155619
3 0.2890736607142857 0.6281448126801152 0.28581473214285713 0.6777197406340058 0.2867466517857143 0.7269956772334294 0.28721168154761906 0.7426188760806918 0.32879092261904763 0.7471253602305475 0.34415178571428573 0.7026585014409221 0.35516741071428576 0.6807240634005763 0.34539248511904763 0.6206340057636888 0.3225855654761905 0.6272442363112392
3 0.49852492559523814 0.632950288184438 0.5014713541666667 0.6623955331412104 0.5059709821428571 0.6969488472622478 0.5172972470238095 0.7396145533141211 0.5377771577380953 0.7339048991354467 0.5615141369047618 0.7315021613832854 0.5630654761904762 0.7170821325648414 0.5686514136904762 0.6894380403458213 0.5708240327380952 0.6617975504322767 0.5723753720238095 0.6323523054755044 0.5599627976190477 0.6320497118155619 0.5503441220238096 0.6317507204610951 0.5370014880952381 0.6290453890489913 0.5188485863095238 0.635356628242075
3 0.38383370535714284 0.35845100864553314 0.3693563988095238 0.39687319884726224 0.3564880952380952 0.4389265129682997 0.3503218005952381 0.47786743515850144 0.3473716517857143 0.5271902017291067 0.34469122023809523 0.579628962536023 0.3473716517857143 0.6164913544668589 0.3497842261904762 0.6242795389048992 0.3897321428571428 0.6305115273775216 0.40769345238095245 0.625835734870317 0.41680989583333333 0.627914265129683 0.43477120535714286 0.6232420749279538 0.45863281250000004 0.6253170028818444 0.47123325892857143 0.6222046109510087 0.47311011904761907 0.541729106628242 0.46828311011904755 0.46021253602305473 0.4607775297619047 0.41348703170028817 0.43745349702380953 0.36312319884726224 0.41841703869047614 0.3449531700288185 0.4001878720238095 0.34339337175792506 0.38946428571428576 0.34910662824207495
3 0.757641369047619 0.6036167146974064 0.7726543898809524 0.6311347262247838 0.7903497023809524 0.6441138328530259 0.7967838541666667 0.6223054755043228 0.803218005952381 0.5626008645533142 0.803218005952381 0.513793227665706 0.7997321428571428 0.46654899135446687 0.7911532738095237 0.42760806916426514 0.7860602678571428 0.40787824207492795 0.776943824404762 0.43591498559077807 0.7662202380952381 0.46706772334293944 0.763271949404762 0.47589337175792507 0.7654166666666666 0.5267759365994236
3 0.2109114583333333 0.3999855907780979 0.20903459821428572 0.4768263688760807 0.2125186011904762 0.5702845821325648 0.22297433035714287 0.6398559077809798 0.2315550595238095 0.6538724783861671 0.2546112351190476 0.6492002881844381 0.2688188244047619 0.6325864553314121 0.27311011904761906 0.617528818443804 0.2704278273809524 0.5713220461095101 0.2765941220238095 0.5199207492795389 0.2771298363095238 0.49032780979827095 0.26265438988095235 0.4539841498559078 0.2468359375 0.4129682997118156 0.23074962797619047 0.3932384726224784 0.21922247023809524 0.3864877521613833
3 0.31761346726190476 0.4191966858789626 0.29911458333333335 0.4363292507204611 0.2830282738095238 0.47475144092219024 0.2733779761904762 0.513692363112392 0.27015997023809524 0.5759942363112392 0.2741815476190476 0.6195965417867435 0.2924125744047619 0.6273955331412104 0.32753348214285716 0.6247982708933718 0.3457645089285714 0.6201260806916427 0.3473716517857143 0.6149351585014409 0.3438876488095238 0.587935878962536 0.34522693452380954 0.5474387608069164 0.34790922619047615 0.5157672910662824 0.3487127976190476 0.4840958213256484 0.35005394345238094 0.45605907780979826 0.34469122023809523 0.44048270893371755 0.3318229166666667 0.42802233429394815
3 0.8369977678571429 0.38970821325648414 0.8243973214285715 0.42760806916426514 0.8160863095238095 0.4582420749279539 0.8214490327380952 0.4987391930835735 0.8246651785714285 0.5485806916426512 0.8302957589285714 0.5792146974063401 0.8522786458333333 0.5963472622478386 0.8667559523809525 0.5979034582132565 0.8731919642857142 0.5548126801152738 0.8798939732142858 0.4987391930835735 0.8764081101190475 0.44474063400576364 0.8694382440476192 0.4037247838616715 0.8571056547619048 0.37309077809798274 0.8504036458333334 0.37309077809798274