10 0.520203103125 0.5010888890625 0.514394921875 0.511256790625 0.49531170625 0.5243283953125 0.4729111421875 0.5286864203125 0.4753173484375 0.622222221875 0.5275035265625 0.6296296296875 0.5417743296875 0.5461135796875001 0.520203103125 0.5010888890625
16 0.47125246875000004 0.5286864203125 0.43557686875 0.52287654375 0.41815373749999996 0.5156148140625 0.40487870312499996 0.506898765625 0.41400423125 0.6143802468749999 0.4671029625 0.6201876546875 0.47125246875000004 0.5737111109375 0.47125246875000004 0.5286864203125
0 0.514394921875 0.511256790625 0.5168843437499999 0.4618740734375 0.516053596875 0.4313728390625 0.5133991531250001 0.41728395 0.43391678437500003 0.40668148125 0.4081974609375 0.40668148125 0.4065373765625 0.445896296875 0.4073681234375 0.4749456796875 0.421472496875 0.5170666671874999 0.47954865937499996 0.523456790625 0.514394921875 0.511256790625
1 0.3991537375 0.46666666718750005 0.4019746125 0.43456790156249997 0.3974118484375 0.40668148125 0.3300423125 0.4024691359375 0.3258110015625 0.4469135796875 0.3385049359375 0.486419753125 0.385049365625 0.48148148125 0.3991537375 0.46666666718750005
5 0.620592384375 0.5333333328125 0.63552609375 0.437182715625 0.60067983125 0.4357308640625 0.5567080390625 0.4270148140625 0.5226911140625 0.42265679062499995 0.521032440625 0.49818518593750005 0.5417743296875 0.5388518515625 0.5909732015625 0.5456790125000001 0.620592384375 0.5333333328125
6 0.6713681234375 0.508641975 0.69675599375 0.46419753124999996 0.6586741890625001 0.44197530937499996 0.6375176296875 0.4395061734375 0.6318758812499999 0.449382715625 0.6276445703125 0.47407407343749997 0.6417489421875 0.5012345671875 0.6558533140625 0.508641975 0.6713681234375 0.508641975
7 0.748942171875 0.5481481484375 0.76304654375 0.503703703125 0.7150916781250001 0.46419753124999996 0.69957686875 0.46666666718750005 0.6897038078125 0.491358025 0.6925246828125 0.5555555562500001 0.7122708046875 0.5975308640625 0.7221438640625 0.5950617281249999 0.748942171875 0.5481481484375
8 0.818053596875 0.5209876546875 0.7881861781249999 0.506898765625 0.7641255296875 0.5039950625 0.7558279265625 0.55192345625 0.7558279265625 0.59404444375 0.770763046875 0.62599753125 0.78652609375 0.60711605 0.818053596875 0.5209876546875
9 0.8533145281250001 0.5925925921874999 0.8744710859374999 0.5333333328125 0.8589562765625001 0.51851851875 0.8251057828125001 0.5209876546875 0.8011283499999999 0.57283950625 0.7997179125 0.6123456796875 0.8095909734375001 0.632098765625 0.819464034375 0.6296296296875 0.8533145281250001 0.5925925921874999
2 0.30606487968749996 0.43456790156249997 0.2919605078125 0.41728395 0.23977432968749998 0.43456790156249997 0.23977432968749998 0.46419753124999996 0.2651622 0.5061728390625 0.28490832187500004 0.49382716093749995 0.30606487968749996 0.43456790156249997
3 0.251057828125 0.49382716093749995 0.23131170625 0.44444444375 0.20658815156250002 0.45025432031249996 0.2101551484375 0.5135802468749999 0.2240112828125 0.534496296875 0.2422637515625 0.5199703703125 0.251057828125 0.49382716093749995
4 0.20169252499999998 0.45679012343750003 0.1883342734375 0.44880246875 0.16261494999999998 0.45025432031249996 0.1617856140625 0.5170666671874999 0.182527503125 0.5475679015625 0.20733427343750002 0.5061728390625 0.20169252499999998 0.45679012343750003
17 0.4115162203125 0.6143802468749999 0.404049365625 0.533041975 0.40155994375 0.4851135796875 0.3624823703125 0.486419753125 0.3418236953125 0.5054469140625 0.33767559999999996 0.5504716046875 0.3418236953125 0.5896888890625 0.3455571234375 0.604938271875 0.4115162203125 0.6143802468749999
18 0.3399153734375 0.6024691359375 0.334273625 0.49382716093749995 0.31875881562499997 0.4395061734375 0.3074753171875 0.4370370375 0.27080395 0.5283950625 0.2693935125 0.5679012343750001 0.27785613593749997 0.5802469140625 0.3215796890625 0.604938271875 0.3399153734375 0.6024691359375
19 0.26657263750000004 0.5135802468749999 0.251057828125 0.4987654328125 0.22708039531250002 0.540740740625 0.22425952031250002 0.5530864203125 0.23554301875 0.5654320984375001 0.26798307499999996 0.5679012343750001 0.26657263750000004 0.5135802468749999
20 0.20733427343750002 0.508641975 0.1875881515625 0.540740740625 0.1875881515625 0.5555555562500001 0.2101551484375 0.5604938265625 0.2228490828125 0.53580246875 0.20733427343750002 0.508641975
11 0.5444287734375 0.5456790125000001 0.5401974609375 0.5679012343750001 0.5416078984375 0.6345679015625 0.6222510578125 0.6390716046875 0.61561495 0.5504716046875 0.5444287734375 0.5456790125000001
12 0.684476728125 0.502540740625 0.6703723546875 0.5127086421875 0.6413342734375 0.5098049375 0.620592384375 0.55192345625 0.620592384375 0.59404444375 0.6318758812499999 0.6345679015625 0.7052186171875 0.6345679015625 0.684476728125 0.502540740625
13 0.7284499296875 0.5896888890625 0.7093667140625 0.6042123453125 0.7122708046875 0.6370370375000001 0.7616361078125 0.6370370375000001 0.7517630468750001 0.5456790125000001 0.7284499296875 0.5896888890625
14 0.7790592390625 0.6158320984375 0.768273625 0.6245456796875 0.766613540625 0.6390716046875 0.7881861781249999 0.6448790125 0.8056078984375 0.6245456796875 0.7915035265625 0.5998543203125 0.7790592390625 0.6158320984375
23 0.20824682656250001 0.5054469140625 0.2198617765625 0.5272320984375 0.23396615 0.5272320984375 0.2571974609375 0.4967308640625 0.2771100140625 0.5054469140625 0.3069774328125 0.4313728390625 0.32357122656250004 0.45170617343749997 0.33767559999999996 0.4952790125 0.39409308906249996 0.4778493828125 0.4065373765625 0.4705876546875 0.418983075 0.5199703703125 0.469592384375 0.5272320984375 0.521032440625 0.5098049375 0.5251805359375 0.5039950625 0.5475811 0.5461135796875001 0.6172736249999999 0.5475679015625 0.6264005640625 0.5199703703125 0.632207334375 0.4734938265625 0.6471424546875 0.5083506171875001 0.68032863125 0.5127086421875 0.6894555718750001 0.4967308640625 0.696091678125 0.5693530859375 0.71517489375 0.6013061734375 0.7425543015625 0.572259259375 0.7549985890625 0.541758025 0.753339915625 0.5838790125 0.764954865625 0.6129259265625 0.7732510578125 0.618735803125 0.7923342734375 0.59404444375 0.798971790625 0.6085703703124999 0.8122454156250001 0.63035555625 0.8504104375000001 0.59404444375 0.887746121875 0.5199703703125 0.8238617765624999 0.51851851875 0.7599774328125 0.4996370375 0.7118561359375 0.4589679015625 0.6736911140624999 0.445896296875 0.6172736249999999 0.4357308640625 0.5119055 0.4153950625 0.4579774328125 0.40522962968750004 0.40155994375 0.403775309375 0.329377996875 0.40087160468749994 0.2605162203125 0.42265679062499995 0.20824682656250001 0.4400864203125 0.1559774328125 0.437182715625 0.11615373749999999 0.4313728390625 0.1609562765625 0.48801728437499997 0.1617856140625 0.521422221875 0.183356840625 0.5432098765625 0.20824682656250001 0.5054469140625
22 0.1958025390625 0.5620913578125 0.2115655859375 0.5620913578125 0.265493653125 0.572259259375 0.302 0.59840246875 0.33435684062500004 0.6085703703124999 0.3534386453125 0.60711605 0.40487870312499996 0.6158320984375 0.4903342734375 0.62599753125 0.5426036671875 0.6361654328124999 0.5957023984375 0.641975309375 0.650459803125 0.6434271609375 0.7060479546875 0.637617284375 0.784036671875 0.6434271609375 0.816394921875 0.633261728125 0.8537291953125001 0.595496296875 0.8130423125 0.6318074078125 0.7931297609375 0.5969506171875001 0.77238928125 0.61728395 0.752476728125 0.5882345671875 0.753306065625 0.544661728125 0.7367122703125 0.5838790125 0.71431170625 0.5998543203125 0.6952299015625 0.572259259375 0.6885923843749999 0.5010888890625 0.6744880109375 0.5098049375 0.6446191812500001 0.5083506171875001 0.6313455578125 0.479303703125 0.618070521875 0.5504716046875 0.5392510578125 0.5432098765625 0.5218279265625 0.5083506171875001 0.498598025 0.521422221875 0.4645811 0.5257802468749999 0.41729055 0.5170666671874999 0.40650493593750003 0.4734938265625 0.335983075 0.492375309375 0.321049365625 0.44734814843750004 0.3061142453125 0.4357308640625 0.27541748906249996 0.502540740625 0.2571636109375 0.4952790125 0.2281255296875 0.533041975 0.2082143859375 0.5098049375 0.180834978125 0.5432098765625 0.1609224265625 0.51851851875 0.1609224265625 0.48801728437499997 0.11366431562499998 0.43427654374999997 0.14768124062500002 0.4967308640625 0.1609562765625 0.521422221875 0.184186178125 0.5504716046875 0.1958025390625 0.5620913578125