10 0.4974683546875 0.6191489359375 0.49873417656249996 0.61808510625 0.5 0.6138297875000001 0.5 0.6053191484375 0.4974683546875 0.6031914890625 0.49367088593749997 0.602127659375 0.49240506406250006 0.6031914890625 0.48607595000000003 0.6031914890625 0.48227848125 0.60425531875 0.48101265781249997 0.6053191484375 0.48101265781249997 0.61808510625 0.48354430312499996 0.6191489359375 0.4974683546875 0.6191489359375
16 0.4594936703125 0.6138297875000001 0.46075949375 0.615957446875 0.46582278437499997 0.61808510625 0.46835442968749996 0.61808510625 0.4695734171875 0.61817553125 0.4733430375 0.6184638296875 0.47848101249999997 0.61808510625 0.47985569687499996 0.615582978125 0.4797468359375 0.6106382984375001 0.4797468359375 0.606382978125 0.47848101249999997 0.6053191484375 0.47088607656250003 0.6053191484375 0.4670886078125 0.602127659375 0.46202531718750006 0.6 0.45822784843750003 0.6 0.45822784843750003 0.60425531875 0.4594936703125 0.6053191484375 0.4594936703125 0.6138297875000001
17 0.4462658234375 0.614718084375 0.45003670937500007 0.6158712765625001 0.455177215625 0.6161585109375001 0.4594936703125 0.615957446875 0.46075949375 0.6138297875000001 0.46075949375 0.606382978125 0.4594936703125 0.6053191484375 0.4594936703125 0.6 0.45822784843750003 0.597872340625 0.4520924046875 0.5968585109375 0.4472936703125 0.5965712765625 0.440096203125 0.5968585109375 0.43872531718749996 0.6003159578124999 0.43872531718749996 0.6083808515625 0.43924050625 0.6127659578125 0.4414670890625 0.614142553125 0.4462658234375 0.614718084375
18 0.430379746875 0.611702128125 0.4367088609375 0.611702128125 0.43797468281249996 0.6106382984375001 0.43797468281249996 0.5989361703125 0.432898734375 0.588217021875 0.4274139234375 0.5902340421875001 0.42090253125 0.5939787234375 0.41772151874999996 0.59574468125 0.41772151874999996 0.6031914890625 0.42278480937499996 0.6074468078125 0.430379746875 0.611702128125
11 0.5012658234375 0.6191489359375 0.50379746875 0.620212765625 0.5101265828125 0.620212765625 0.5165303796875 0.6204797875 0.5209860765625 0.6199031921875 0.525441771875 0.6184638296875 0.52531645625 0.606382978125 0.5012658234375 0.606382978125 0.5012658234375 0.611702128125 0.5011063296875 0.6150063828125 0.5 0.61808510625 0.5012658234375 0.6191489359375
12 0.5354430375 0.61808510625 0.5405063296875 0.6170212765625 0.548101265625 0.6148936171875 0.551898734375 0.6127659578125 0.5531645562499999 0.6106382984375001 0.5484063296875 0.601468084375 0.5408658234375 0.5994510640625 0.5329113921874999 0.6 0.530379746875 0.602127659375 0.526582278125 0.6085106390624999 0.526582278125 0.6148936171875 0.5278481015625001 0.61808510625 0.5354430375 0.61808510625
0 0.4797468359375 0.60425531875 0.49219493593749997 0.6026202125 0.49367088593749997 0.6 0.495279746875 0.59599468125 0.495279746875 0.595418084375 0.49459367031249996 0.5919617015624999 0.4616898734375 0.5905212765625001 0.46075949375 0.5925531921875 0.4620329109375 0.5982989359374999 0.470944303125 0.6043489359375 0.4797468359375 0.60425531875
5 0.5025316453124999 0.6053191484375 0.5274987343750001 0.6043489359375 0.5285265828125 0.5971468078125 0.5285265828125 0.59225 0.50967595 0.5925382984375 0.49873417656249996 0.593617021875 0.49767848125 0.5951308515625 0.4974683546875 0.5989361703125 0.49873417656249996 0.602127659375 0.5025316453124999 0.6053191484375
1 0.455177215625 0.5968585109375 0.4594936703125 0.5914893609375 0.45929113906249996 0.5902340421875001 0.4538063296875 0.588217021875 0.447315190625 0.5873531921875 0.44045949375 0.5862010640624999 0.43544303749999996 0.5861702125 0.43544303749999996 0.5925531921875 0.43797468281249996 0.5946808515625001 0.455177215625 0.5968585109375
2 0.41392405 0.593617021875 0.42021645625000004 0.5934021281249999 0.43084177187500006 0.58706489375 0.42467215156250004 0.5856244687500001 0.412658228125 0.584042553125 0.41012658281250003 0.5851063828124999 0.408860759375 0.5861702125 0.408860759375 0.5893617015625 0.4113924046875 0.5925531921875 0.41392405 0.593617021875
7 0.5670886078125 0.5946808515625001 0.5607658234375 0.5925382984375 0.5528835437499999 0.59225 0.548101265625 0.5946808515625001 0.54683544375 0.5989361703125 0.5542329109375 0.60636489375 0.5586886078125 0.6055010640625 0.5670886078125 0.5946808515625001
6 0.54532151875 0.59887553125 0.549777215625 0.5919617015624999 0.5292126578125 0.5916734046875 0.5288696203125001 0.5977234046875 0.5391518984375 0.5994510640625 0.54532151875 0.59887553125
8 0.582339240625 0.5965712765625 0.5881658234375 0.5905212765625001 0.5724 0.59225 0.566915190625 0.5977234046875 0.573084809375 0.6040606390625001 0.5765126578124999 0.6040606390625001 0.582339240625 0.5965712765625
9 0.5881658234375 0.601468084375 0.60770253125 0.5879287234375 0.5888518984375 0.590809575 0.582682278125 0.5982989359374999 0.5881658234375 0.601468084375
3 0.40890506406249993 0.593690425 0.4095911390625 0.590809575 0.40753417656249996 0.5856244687500001 0.3965670890625 0.5815914890625 0.3965670890625 0.5876414890625 0.40342151875 0.5939787234375 0.40890506406249993 0.593690425
4 0.39588101249999996 0.5813031921875 0.38217088593750004 0.57813510625 0.38319873437499996 0.585912765625 0.38868354374999997 0.5919617015624999 0.39622405 0.588217021875 0.39588101249999996 0.5813031921875
19 0.41130506406249995 0.5925382984375 0.4092481015625 0.5945542546875 0.40410759531249996 0.5939787234375 0.40342151875 0.5971468078125 0.4147329109375 0.6029085109375 0.41747468281250005 0.6017563828125 0.41747468281250005 0.59599468125 0.41130506406249995 0.5925382984375
20 0.3897113921875 0.5925382984375 0.395901265625 0.59599468125 0.40273670937499995 0.593690425 0.39622405 0.58850531875 0.3897113921875 0.5925382984375
13 0.559717721875 0.6055010640625 0.552862025 0.60636489375 0.55697595 0.614142553125 0.5724 0.6072287234375 0.5700000000000001 0.6017563828125 0.565544303125 0.5985872343749999 0.559717721875 0.6055010640625
14 0.5768556968749999 0.6046361703125 0.5696569625000001 0.6040606390625001 0.5737708859375 0.6080936171875 0.5864518984375 0.6031957453125 0.5837101265625 0.5991638296875 0.5806253171875 0.5994510640625 0.5768556968749999 0.6046361703125
23 0.403441771875 0.594842553125 0.4099544296875 0.5942659578125 0.4113253171875 0.5916734046875 0.41783797500000003 0.595418084375 0.43257595000000004 0.588217021875 0.4366898734375 0.5942659578125 0.43943164531249995 0.5968585109375 0.44697215156250003 0.59599468125 0.452455696875 0.5968585109375 0.45794050625000005 0.5965712765625 0.46273924062500005 0.5985872343749999 0.46685189843749997 0.6034840421875 0.4713075953125 0.6040606390625001 0.48536075937499995 0.6034840421875 0.494615190625 0.6029085109375 0.49735696249999994 0.6011797875 0.5014696203125 0.6049244687499999 0.527862025 0.603772340625 0.5302607593750001 0.6017563828125 0.533003796875 0.5994510640625 0.5439708859375 0.59887553125 0.5487696203125 0.6020436171875 0.5535683546875 0.6066531921875 0.559737975 0.6046361703125 0.5659075953125 0.5980106390625 0.5710493671875 0.6031957453125 0.5772189875 0.6034840421875 0.5837303796875 0.5968585109375 0.5916139234375 0.6011797875 0.6066949359375 0.588217021875 0.587501265625 0.5899457453125 0.5686493671874999 0.59225 0.5532253171875 0.5919617015624999 0.5282050640625 0.5905212765625001 0.4956430375 0.59225 0.4596544296875 0.5893691484375 0.4438873421875 0.5864882984374999 0.4270924046875 0.5853361703125 0.40926962031249997 0.5827436171875 0.39110253125 0.5795755312499999 0.380477215625 0.5775585109375 0.36882405 0.57669468125 0.383562025 0.5864882984374999 0.388703796875 0.5916734046875 0.396244303125 0.5873531921875 0.403441771875 0.594842553125
22 0.40686962031249996 0.6003159578124999 0.41886582343749995 0.6072287234375 0.43840253125000006 0.6135659578125 0.46342405 0.6170234046874999 0.49290126562500003 0.6196159578125 0.517236709375 0.6207680843750001 0.537801265625 0.61817553125 0.5593949359375 0.6132787234375 0.5785898734375 0.6069414890625 0.5888721515625 0.6034840421875 0.6063531640625001 0.589657446875 0.5916139234375 0.6008914890625 0.5844164562499999 0.5980106390625 0.5785898734375 0.6029085109375 0.572077215625 0.6040606390625001 0.56693544375 0.5982989359374999 0.5600810125 0.6052127656249999 0.5528835437499999 0.6057882984375 0.5467139234375 0.5994510640625 0.53745949375 0.5982989359374999 0.5323177218749999 0.6026202125 0.5237493671875 0.6052127656249999 0.5018126578125 0.6046361703125 0.49392911406250006 0.6031957453125 0.4788481015625 0.6043489359375 0.46685189843749997 0.602331915625 0.4586253171875 0.5980106390625 0.43840253125000006 0.59599468125 0.430520253125 0.58850531875 0.418522784375 0.594842553125 0.41166835468749996 0.5919617015624999 0.4099544296875 0.593690425 0.403441771875 0.5951308515625 0.397615190625 0.589657446875 0.38973164531250004 0.59225 0.383562025 0.5873531921875 0.368137975 0.576982978125 0.37842151875 0.5856244687500001 0.390760759375 0.5939787234375 0.40686962031249996 0.6003159578124999