0 0.4572623171875 0.582132478125 0.4660452734375 0.5822649578125 0.48148735 0.581972221875 0.48335552656249997 0.5790598296875 0.48335552656249997 0.5651709406250001 0.480692409375 0.5630341875 0.4540612515625 0.5630341875 0.45272969375 0.5641025640625 0.4513981359375 0.5662393156250001 0.4513981359375 0.5790598296875 0.45272969375 0.5801282046875 0.4572623171875 0.582132478125
5 0.490496671875 0.5843814109375 0.5006657796875 0.584401709375 0.51392010625 0.5843814109375 0.5175233015625 0.5835779921875 0.5194527296875 0.5755940171875 0.5191398140625 0.5680438031249999 0.5175712390625 0.5635138890625 0.49450066562500006 0.56317841875 0.48769374218749995 0.56430235 0.4860186421875 0.5673076921875 0.48468708437499997 0.571581196875 0.484691078125 0.5792414531250001 0.4860186421875 0.5822649578125 0.490496671875 0.5843814109375
1 0.44340878906250003 0.577991453125 0.44705193125 0.577314103125 0.44905459375 0.5721730765624999 0.4494553921875 0.56510576875 0.444740346875 0.5608974359375 0.43941411406249997 0.5598290593749999 0.430093209375 0.5608974359375 0.4284340875 0.563338675 0.42743009374999996 0.571581196875 0.430093209375 0.5758547015625 0.43541944062500004 0.577991453125 0.44340878906250003 0.577991453125
2 0.4226271640625 0.5732980765625 0.42609853593749997 0.5705128203125 0.42743009374999996 0.5641025640625 0.4221038609375 0.5608974359375 0.41278295624999994 0.5608974359375 0.4087882828125 0.5619658125 0.40781225 0.5676762828124999 0.4102157125 0.5724946578125001 0.41482023906250004 0.576028846875 0.4226271640625 0.5732980765625
6 0.53262316875 0.5801282046875 0.5379494015625 0.577991453125 0.5406125171875 0.5758547015625 0.541944075 0.572649571875 0.541944075 0.5641025640625 0.539280959375 0.5619658125 0.5272969375 0.5619658125 0.521527296875 0.564463675 0.5197256984374999 0.5684786328125 0.5201264984375 0.576350428125 0.5233022640625 0.5801282046875 0.53262316875 0.5801282046875
7 0.5591664453125 0.578438034375 0.56191744375 0.5758547015625 0.564580559375 0.5705128203125 0.564580559375 0.5641025640625 0.5605858859375 0.5630341875 0.54727030625 0.5630341875 0.5459387484375 0.5641025640625 0.5447509984375001 0.5684786328125 0.5471531296875 0.575225428125 0.5537603203125 0.578116453125 0.5591664453125 0.578438034375
16 0.47003994687499995 0.5929487171875001 0.47802929375 0.5950854703124999 0.48468708437499997 0.590811965625 0.48509054531249995 0.582775640625 0.4818881484375 0.581972221875 0.47067643124999997 0.582132478125 0.46887483281250003 0.582614315625 0.46767376875 0.5835779921875 0.4670732359375 0.583899571875 0.46687217031249995 0.5869519234375 0.46827430156250005 0.5908066234375 0.47003994687499995 0.5929487171875001
18 0.432756325 0.5886752140625 0.4366418109375 0.5851848296875 0.437042609375 0.5797232906249999 0.43043541875 0.577152778125 0.4280332890625 0.5749038468750001 0.42663115781250005 0.5732980765625 0.425230359375 0.579883546875 0.42476697812499997 0.5865384609375 0.4287616515625 0.5886752140625 0.432756325 0.5886752140625
12 0.5446071906250001 0.584401709375 0.5446071906250001 0.5769230765625 0.54235153125 0.5745876062499999 0.536705725 0.5793696578125 0.531687084375 0.581382478125 0.5352862843749999 0.5886752140625 0.5406125171875 0.5876068375 0.5446071906250001 0.584401709375
10 0.4899680421875 0.5846549140625 0.49059520624999997 0.5919529921875 0.493418109375 0.594973290625 0.49906391406250006 0.594973290625 0.50408255625 0.58817841875 0.5028282296875 0.5844027781250001 0.4899680421875 0.5846549140625
11 0.5191398140625 0.57760790625 0.5175712390625 0.584151709375 0.5103568578125001 0.5849059828125001 0.5131797609375 0.593463675 0.52164846875 0.592205128125 0.5250998671875 0.5833963671875 0.52478561875 0.5803760687499999 0.5191398140625 0.57760790625
13 0.546743009375 0.5808792734375 0.550821571875 0.5846549140625 0.5583502 0.5803760687499999 0.5542716375000001 0.578614315625 0.5454886812499999 0.5740844015625 0.546743009375 0.5808792734375
14 0.565877496875 0.5743354703125 0.5649374171875 0.5796207265625 0.5737203734375 0.573329059375 0.5718375499999999 0.5720705125000001 0.565877496875 0.5743354703125
8 0.5708961390625 0.570811965625 0.5712103859375001 0.5660299140625 0.567446071875 0.5672884609375 0.5646231687500001 0.573832265625 0.5677603203125 0.573329059375 0.5708961390625 0.570811965625
17 0.4513848203125 0.578614315625 0.44856191718750005 0.5755940171875 0.446366178125 0.5793696578125 0.45044340937499994 0.5874230765624999 0.4570306265625 0.592457265625 0.46110918749999996 0.586667734375 0.46079494062500004 0.5828931625 0.4548348875 0.582641025 0.4513848203125 0.578614315625
19 0.42409454062499996 0.57232265 0.41499866875 0.576349359375 0.4084101203125 0.570560896875 0.40464713750000003 0.5768525640625 0.40590146406249994 0.5793696578125 0.40652862812499996 0.5798728625 0.4131158453125 0.5823899578125 0.41688015937499995 0.582641025 0.42660452656250003 0.5740844015625 0.42409454062499996 0.57232265
20 0.4040186421875 0.5703087609375 0.399 0.56930235 0.39586418125 0.5730769234374999 0.39649134531249997 0.5766014953124999 0.4015099859375 0.578614315625 0.40433288906250003 0.576349359375 0.40621438125 0.5715673078125 0.4040186421875 0.5703087609375
21 0.38802130468749996 0.5622553421875 0.3845712390625 0.568295940625 0.3924127828125 0.573581196875 0.397431425 0.56678525625 0.39272703125 0.5650235046875001 0.38802130468749996 0.5622553421875
3 0.40778295625 0.5660299140625 0.39931424843749996 0.56401709375 0.4008828234375 0.56930235 0.40527430156250005 0.570560896875 0.40778295625 0.5660299140625
23 0.5467350203125 0.5630448718750001 0.5408948062500001 0.5615331203125 0.5205499328125 0.562742521875 0.487581890625 0.5638012828125001 0.48268308906249996 0.562742521875 0.4740173109375 0.562742521875 0.45141145156249995 0.5622895296875 0.44613581875 0.5615331203125 0.44161517968749997 0.5598707265625 0.4353981359375 0.5601730765624999 0.42239946718750004 0.560475428125 0.41354460781249996 0.560475428125 0.3943182421875 0.5597200859375 0.3786817578125 0.559115384375 0.38621704375 0.5619871796875 0.39507190468750003 0.564707265625 0.3999467375 0.5693931625 0.40427962656250005 0.5709049140625 0.40729427500000004 0.5690908125 0.409178428125 0.571811965625 0.4146418109375 0.576346153125 0.4234953390625 0.5725673078125 0.4268868171875 0.57196260625 0.428770971875 0.5749861109375 0.4306551265625 0.5769508546875 0.43517576562500004 0.578311965625 0.4440306265625 0.57846260625 0.4494926765625 0.575439103125 0.4502463375 0.5772532046875 0.4532609859375 0.5814861109375 0.4592889484375 0.5820908124999999 0.480577896875 0.582241453125 0.4839680421875 0.5810320515625 0.485852196875 0.5832991453124999 0.489431425 0.5842061968750001 0.50751664375 0.5851132484375 0.5169360859375 0.5837532046875 0.5193848203125 0.577707265625 0.5276737687499999 0.58042735 0.5374700406249999 0.5793696578125 0.5414260984375 0.5748354703125 0.5448175765625 0.5730213671875 0.5532956062500001 0.57755555625 0.5589467375 0.5790673078124999 0.5645978687500001 0.574079059375 0.5702503328125 0.572114315625 0.5889001328125001 0.5618354703125 0.57989214375 0.5603247859375 0.5625592546875 0.5630448718750001 0.5467350203125 0.5630448718750001
22 0.4018575234375 0.578614315625 0.41466844218750004 0.5836014953124999 0.4280439421875 0.58828739375 0.443868175 0.592973290625 0.46779360781249996 0.59539209375 0.49171904062499994 0.5962991453125001 0.5143249 0.5940309828125 0.53297603125 0.5902521375 0.5484234359375 0.5858696578125 0.5572769640625 0.5817884609374999 0.5657549937499999 0.5793696578125 0.5734793609375 0.5731720078125 0.588173103125 0.5641036328125 0.5893035953125 0.5615331203125 0.574233021875 0.569847221875 0.5657549937499999 0.5745331203124999 0.5599147796875 0.5795202984375 0.555205059375 0.57755555625 0.54559786875 0.573474359375 0.5412649796875 0.5761955125 0.536178428125 0.57982265 0.5246857515625 0.5807297015625 0.52129560625 0.5771025640625 0.5199773640625 0.577707265625 0.517150465625 0.583903846875 0.5090505984375 0.5846602562500001 0.48738615156250004 0.5836014953124999 0.48474833593750005 0.58042735 0.48267643125 0.5819391031250001 0.46722769687500004 0.5829967953125 0.45724367499999996 0.582241453125 0.4517802921875 0.5811837609375 0.4506498 0.5760438031249999 0.4487656453125 0.5752884609375 0.44518641875 0.5787649578125 0.435202396875 0.57785790625 0.43011584531249997 0.5760438031249999 0.4271011984375 0.5725673078125 0.41485619218750003 0.576346153125 0.40732090468750004 0.5703002140625 0.4044953390625 0.571207265625 0.39752463437499996 0.5690908125 0.39752463437499996 0.567277778125 0.388294275 0.5625918796875 0.3862210390625 0.5642542734375 0.3756711046875 0.5600224359375 0.3796271640625 0.5657660250000001 0.38998934687500003 0.5728696578125 0.4018575234375 0.578614315625