2 0.575139146875 0.1693126546875 0.561224490625 0.16720706406250002 0.5534941250000001 0.16650520156249998 0.5299165125 0.1707163796875 0.50092764375 0.17141824375 0.475030921875 0.1700145171875 0.4576376 0.167908928125 0.4402442796875 0.1622940234375 0.43405998749999997 0.16650520156249998 0.408163265625 0.16510147656250002 0.3919294984375 0.16018843437500002 0.38188002499999996 0.1545735296875 0.369897959375 0.1587847078125 0.37144403125 0.1707163796875 0.38497217031250003 0.17141824375 0.3950216453125 0.1777350109375 0.40081941875 0.18896482187500002 0.4097093375 0.18896482187500002 0.41782622187499996 0.2072132625 0.43367346875 0.1938778625 0.439084725 0.21002071406249997 0.45493197187499995 0.21633748281249998 0.46227581874999996 0.1987909046875 0.4638218921875 0.219144934375 0.47735003125000003 0.2275672921875 0.4931972796875 0.2240579765625 0.5013141625 0.2233561125 0.503633271875 0.21844307187499998 0.5071119359375 0.2296728796875 0.5322356218750001 0.2317784703125 0.5453772421874999 0.2296728796875 0.546536796875 0.21212630312499997 0.5542671609375 0.21984679687500003 0.5712739640625 0.2149337546875 0.5755256640625 0.19528158906249998 0.59098639375 0.2177412078125 0.59639765 0.2128281671875 0.598330240625 0.20089649375000002 0.6029684609375 0.1854555046875 0.61533704375 0.17984060156249998 0.632730365625 0.1658033390625 0.613404453125 0.16650520156249998 0.59678416875 0.17141824375 0.584802103125 0.1686107921875 0.575139146875 0.1693126546875
0 0.580163884375 0.233884059375 0.594851578125 0.22195238750000001 0.6041280140625 0.2135300296875 0.617269634375 0.1924741375 0.6331168828125 0.16650520156249998 0.610698825 0.1840517796875 0.6029684609375 0.1854555046875 0.5979437234375 0.1994927671875 0.59678416875 0.21212630312499997 0.59098639375 0.21844307187499998 0.5755256640625 0.1966853140625 0.5716604828125 0.2149337546875 0.55388064375 0.21984679687500003 0.546536796875 0.21212630312499997 0.5457637609375 0.2296728796875 0.5264378468750001 0.23037474531250002 0.5071119359375 0.2296728796875 0.503246753125 0.22054865937499998 0.5005411265624999 0.2240579765625 0.47696351249999996 0.22826915468750003 0.46343537343749996 0.21984679687500003 0.4615027828125 0.20089649375000002 0.455318490625 0.2177412078125 0.4394712421875 0.21072257656249999 0.4332869515625 0.1945797265625 0.417053184375 0.2072132625 0.4097093375 0.190368546875 0.40081941875 0.190368546875 0.3950216453125 0.1791387375 0.3845856515625 0.17212010625000002 0.37183055 0.17212010625000002 0.386131725 0.1966853140625 0.3954081640625 0.2086169875 0.41202844843750003 0.2247598390625 0.427102659375 0.234585921875 0.450293753125 0.25353622656249997 0.470006184375 0.2577474046875 0.4947433515625 0.262660446875 0.5214131109375 0.2619585828125 0.53919295 0.25634367812500003 0.5496289421875 0.2521325 0.5662492265625 0.2437101421875 0.580163884375 0.233884059375
1 0.4808286953125 0.2275672921875 0.49165120625 0.2233561125 0.498608534375 0.2254617015625 0.503246753125 0.2177412078125 0.5040197890625 0.1791387375 0.49628942499999995 0.17141824375 0.483920840625 0.17282196875 0.4645949296875 0.1700145171875 0.46188930156249997 0.18194618906249999 0.46227581874999996 0.21563561875 0.46961966562499996 0.2275672921875 0.4808286953125 0.2275672921875
1 0.5071119359375 0.174225696875 0.503246753125 0.18615736875 0.5040197890625 0.21984679687500003 0.5047928265625 0.22826915468750003 0.5140692640625 0.23248033281249997 0.541898578125 0.2289710171875 0.5473098328125 0.21072257656249999 0.5476963515625 0.1812443265625 0.5442176875 0.17141824375 0.5071119359375 0.174225696875
1 0.5674087812499999 0.2170393453125 0.5743661109375 0.1980890421875 0.5747526281249999 0.1700145171875 0.5565862703125 0.1700145171875 0.5469233140624999 0.18615736875 0.5469233140624999 0.21142444062500002 0.5511750156249999 0.21844307187499998 0.5674087812499999 0.2170393453125
1 0.589053803125 0.17141824375 0.5762987015625 0.17141824375 0.5747526281249999 0.1924741375 0.5836425484375 0.21072257656249999 0.594851578125 0.21633748281249998 0.5971706859375 0.204405809375 0.60103586875 0.19598345156250002 0.6025819421875 0.175629421875 0.589053803125 0.17141824375
1 0.610698825 0.1812443265625 0.6033549781249999 0.1882629578125 0.6025819421875 0.20159835625000003 0.6079931968750001 0.19598345156250002 0.610698825 0.1812443265625
1 0.4425633890625 0.2135300296875 0.45493197187499995 0.2149337546875 0.46072974687499996 0.203703946875 0.4615027828125 0.1812443265625 0.45454545468749996 0.167908928125 0.4352195421875 0.16510147656250002 0.43444650625000003 0.1994927671875 0.4425633890625 0.2135300296875
1 0.4112554109375 0.1700145171875 0.41164192968749996 0.1917722734375 0.41396103906250004 0.20159835625000003 0.417439703125 0.2072132625 0.43251391562499997 0.191070409375 0.432127396875 0.18685923124999998 0.4352195421875 0.16510147656250002 0.4112554109375 0.1700145171875
1 0.40313852812500006 0.1882629578125 0.408163265625 0.1882629578125 0.408163265625 0.1707163796875 0.39811379062499996 0.167908928125 0.3969542359375 0.176331284375 0.40313852812500006 0.1882629578125
1 0.5024737171875 0.21984679687500003 0.49783549843749997 0.226163565625 0.48237476875 0.226865428125 0.48778602343750005 0.26125672031249997 0.49667594375 0.2605548578125 0.5040197890625 0.2437101421875 0.50517934375 0.226865428125 0.5024737171875 0.21984679687500003
1 0.5129097093749999 0.2640641734375 0.5202535562499999 0.2619585828125 0.5287569578125 0.23248033281249997 0.5098175640625 0.2317784703125 0.5129097093749999 0.2640641734375
1 0.5469233140624999 0.2128281671875 0.5403525046875 0.2296728796875 0.5322356218750001 0.2317784703125 0.537260359375 0.2577474046875 0.5473098328125 0.254939953125 0.5554267171875 0.22054865937499998 0.5496289421875 0.219144934375 0.5469233140624999 0.2128281671875
1 0.57243351875 0.21002071406249997 0.5600649343749999 0.22054865937499998 0.565476190625 0.2458157328125 0.57745825625 0.2352877859375 0.577844775 0.1994927671875 0.5743661109375 0.1945797265625 0.57243351875 0.21002071406249997
1 0.45647804531249997 0.2128281671875 0.46730055625 0.255641815625 0.47696351249999996 0.23037474531250002 0.464981446875 0.2247598390625 0.46227581874999996 0.2065113984375 0.45647804531249997 0.2128281671875
1 0.43599257812500003 0.204405809375 0.43405998749999997 0.1945797265625 0.42903525 0.23879710156249997 0.4402442796875 0.2465175953125 0.45299938125 0.21633748281249998 0.4468150890625 0.21563561875 0.43599257812500003 0.204405809375
1 0.42053184843749997 0.2086169875 0.4166666671875 0.2086169875 0.4135745203125 0.2001946296875 0.4097093375 0.18896482187500002 0.407390228125 0.20931885156250002 0.4070037109375 0.22054865937499998 0.417053184375 0.226865428125 0.42091836718750003 0.2233561125 0.4329004328125 0.1945797265625 0.42053184843749997 0.2086169875
1 0.40777674687500004 0.1917722734375 0.40507111875 0.193176 0.39850030937500003 0.1875610953125 0.3942486078125 0.1966853140625 0.3946351265625 0.2065113984375 0.4023654921875 0.21633748281249998 0.40584415625 0.21142444062500002 0.40777674687500004 0.1917722734375
1 0.39811379062499996 0.18685923124999998 0.3961812 0.1777350109375 0.38922387187499996 0.1770331484375 0.38651824375 0.1700145171875 0.3803339515625 0.1882629578125 0.3911564625 0.2023002203125 0.3930890546875 0.1980890421875 0.39811379062499996 0.18685923124999998