2 0.5754870125 0.42753126406249997 0.5211038953125 0.40479597500000003 0.44805194843749996 0.413321709375 0.38149350625 0.386323553125 0.3108766234375 0.3962702421875 0.1891233765625 0.430373175 0.14448051875 0.43463604218749996 0.0974025984375 0.41758457499999996 0.1363636359375 0.49573713281250004 0.1574675328125 0.48863235625 0.1696428578125 0.5341029328125 0.1891233765625 0.544049621875 0.2086038953125 0.51136764375 0.2256493515625 0.531261021875 0.2418831171875 0.5099466890625 0.24431818125000002 0.46873897812500004 0.26704545468749996 0.505683821875 0.28409090937500003 0.49431617812499995 0.322240259375 0.4033750203125 0.32954545468749996 0.455950378125 0.33766233749999996 0.4900533109375 0.3961038953125 0.480106621875 0.40584415468749996 0.45026655625 0.41801948125 0.51136764375 0.4504870125 0.52415624375 0.5129870125 0.51136764375 0.5186688312500001 0.49431617812499995 0.5267857140625 0.5170514671875 0.5625 0.5426286671875 0.6071428578125 0.5426286671875 0.6168831171875 0.5284191109374999 0.6274350656250001 0.47868566718750005 0.6363636359375 0.48721139999999996 0.661525975 0.51136764375 0.677759740625 0.505683821875 0.6948051953125 0.4744228 0.6923701296875 0.5156305109375 0.6956168828125 0.5696268250000001 0.7150974015625 0.5980459359375 0.7264610390625 0.5980459359375 0.7654220781250001 0.505683821875 0.75649350625 0.5468915328125 0.7548701296875 0.599466890625 0.7711038953125 0.6236231359375 0.7808441546875 0.6222021796874999 0.7970779218749999 0.5923621140625001 0.80600649375 0.6222021796874999 0.81899350625 0.620781225 0.8538961046875 0.54973344375 0.8847402593749999 0.52415624375 0.8230519484375 0.5213143328125 0.7605519484375 0.4914742671875 0.6387987015625 0.4289522203125 0.5754870125 0.42753126406249997
0 0.8149350656250001 0.6392536468750001 0.8433441546875 0.6108345359375 0.8717532468750001 0.561101090625 0.8855519484375 0.5255772000000001 0.8514610390625 0.5511543999999999 0.81899350625 0.620781225 0.80600649375 0.620781225 0.7978896109375 0.59378306875 0.7824675328125 0.625044090625 0.7719155843750001 0.625044090625 0.7540584421875 0.5980459359375 0.75649350625 0.545470578125 0.7646103890625 0.505683821875 0.7280844156249999 0.5966249796875001 0.7159090906250001 0.599466890625 0.6956168828125 0.5710477796875 0.6923701296875 0.5156305109375 0.6931818187500001 0.47584375625 0.6769480515625 0.505683821875 0.6631493515625 0.51420955625 0.6428571421875 0.49573713281250004 0.6290584421875 0.480106621875 0.6168831171875 0.5298400671875 0.6079545453125 0.544049621875 0.5600649343749999 0.5412077109375 0.525974025 0.5170514671875 0.5178571421875 0.49431617812499995 0.5146103890625 0.5085257328125 0.4504870125 0.5255772000000001 0.41964285781250005 0.5156305109375 0.40503246718749997 0.45026655625 0.39529220781249996 0.480106621875 0.3368506484375 0.48721139999999996 0.32142857187499996 0.4090588421875 0.28246753281250003 0.4971580890625 0.26866883124999996 0.507104778125 0.24431818125000002 0.4701599328125 0.2418831171875 0.5099466890625 0.2248376625 0.5326819781250001 0.2086038953125 0.51420955625 0.1883116890625 0.544049621875 0.17045454531249998 0.5355238890625 0.1566558453125 0.4914742671875 0.1383799875 0.49531355 0.14853896093750002 0.51420955625 0.1883116890625 0.5554172687500001 0.2086038953125 0.5667849140625 0.2646103890625 0.576731603125 0.32467532499999996 0.60657166875 0.3961038953125 0.6179393140625 0.48295454531250004 0.627886003125 0.5275974015625 0.6364117359375 0.599025975 0.637832690625 0.6818181812499999 0.6392536468750001 0.7321428578125 0.6463584250000001 0.7556818187500001 0.6392536468750001 0.7938311687499999 0.6435165140625 0.8149350656250001 0.6392536468750001
1 0.6136363640625 0.53694484375 0.6274350656250001 0.47158088906250006 0.6306818187500001 0.430373175 0.5762987015625 0.4289522203125 0.5202922078125 0.413321709375 0.5219155843750001 0.5042628671875 0.5454545453125 0.53694484375 0.5876623375000001 0.545470578125 0.6136363640625 0.53694484375
1 0.7021103890625 0.45168751093750004 0.6623376624999999 0.443161775 0.6331168828125 0.436056996875 0.628246753125 0.47868566718750005 0.6404220781250001 0.5 0.6704545453125 0.5127886 0.7021103890625 0.45168751093750004
1 0.724025975 0.59378306875 0.7540584421875 0.531261021875 0.7646103890625 0.4914742671875 0.7004870125 0.4573713328125 0.6899350656250001 0.4914742671875 0.6923701296875 0.55257535625 0.716720778125 0.5952040249999999 0.724025975 0.59378306875
1 0.772727271875 0.625044090625 0.7800324671875 0.627886003125 0.7978896109375 0.5809944687499999 0.8206168828125 0.518472421875 0.7670454546875 0.5014209562499999 0.75649350625 0.5341029328125 0.7516233765625 0.5724687359375 0.7589285718750001 0.607992625 0.772727271875 0.625044090625
1 0.8465909093749999 0.5909411578125 0.8823051953125001 0.5170514671875 0.849025975 0.5170514671875 0.824675325 0.519893378125 0.796266234375 0.586678290625 0.8076298703125 0.625044090625 0.824675325 0.6179393140625 0.8465909093749999 0.5909411578125
1 0.40503246718749997 0.4460036890625 0.40584415468749996 0.47158088906250006 0.421266234375 0.5156305109375 0.45779220781249996 0.5227352890625 0.5081168828125 0.518472421875 0.5178571421875 0.48721139999999996 0.5202922078125 0.41047979687499997 0.45535714218749995 0.41047979687499997 0.40584415468749996 0.3948492859375 0.40503246718749997 0.4460036890625
1 0.3928571421875 0.4772647109375 0.404220778125 0.45452942187499995 0.404220778125 0.3962702421875 0.35470779218750004 0.3891654640625 0.32467532499999996 0.387744509375 0.32792207812499996 0.46447611093749996 0.3441558453125 0.492895221875 0.38717532499999996 0.4772647109375 0.3928571421875 0.4772647109375
1 0.24269480468750002 0.4658970671875 0.2516233765625 0.4829485328125 0.2646103890625 0.505683821875 0.272727271875 0.507104778125 0.3084415578125 0.43463604218749996 0.32954545468749996 0.4019540640625 0.28896103906250004 0.41047979687499997 0.233766234375 0.4289522203125 0.24269480468750002 0.4658970671875
1 0.2077922078125 0.49431617812499995 0.221590909375 0.5284191109374999 0.2370129875 0.519893378125 0.252435065625 0.481527578125 0.23051948125 0.43463604218749996 0.203733765625 0.437477953125 0.2077922078125 0.49431617812499995
1 0.1834415578125 0.5383658 0.2077922078125 0.505683821875 0.19967532500000001 0.443161775 0.15990259843750002 0.4403198640625 0.15827922187500001 0.519893378125 0.1834415578125 0.5383658
1 0.2248376625 0.53694484375 0.20698051875 0.51136764375 0.190746753125 0.55257535625 0.2004870125 0.5653639578125 0.216720778125 0.54973344375 0.2248376625 0.53694484375
1 0.2678571421875 0.5099466890625 0.2548701296875 0.4914742671875 0.2264610390625 0.53694484375 0.2248376625 0.5582591796874999 0.266233765625 0.5710477796875 0.2711038953125 0.519893378125 0.2678571421875 0.5099466890625
1 0.32629870156249996 0.46021324375 0.3125 0.436056996875 0.28409090937500003 0.49431617812499995 0.272727271875 0.5085257328125 0.2678571421875 0.5085257328125 0.272727271875 0.52699815625 0.266233765625 0.575310646875 0.30032467500000004 0.5952040249999999 0.34496753281250003 0.607992625 0.338474025 0.5596801359375 0.3400974015625 0.5028419109375 0.341720778125 0.4914742671875 0.32629870156249996 0.46021324375
1 0.404220778125 0.48863235625 0.3896103890625 0.4772647109375 0.3433441546875 0.4971580890625 0.335227271875 0.5156305109375 0.3368506484375 0.573889690625 0.3474025984375 0.6094135796875 0.409090909375 0.613676446875 0.40503246718749997 0.582415425 0.40503246718749997 0.51420955625 0.404220778125 0.48863235625
1 0.409090909375 0.48721139999999996 0.40503246718749997 0.492895221875 0.411525975 0.6165183578125 0.46753246718749997 0.6222021796874999 0.47240259843750004 0.575310646875 0.46915584531250004 0.52415624375 0.42045454531250004 0.5156305109375 0.409090909375 0.48721139999999996
1 0.5178571421875 0.48721139999999996 0.5105519484375 0.5127886 0.46996753281250003 0.52415624375 0.47889610468750005 0.625044090625 0.5275974015625 0.627886003125 0.5405844156249999 0.5383658 0.529220778125 0.518472421875 0.5178571421875 0.48721139999999996
1 0.6209415578125 0.5383658 0.5625 0.54973344375 0.5422077921875 0.5355238890625 0.5349025984375 0.6037297578125 0.5422077921875 0.6420955578124999 0.621753246875 0.637832690625 0.621753246875 0.5781525578125 0.6209415578125 0.5383658
1 0.6891233765625 0.519893378125 0.6818181812499999 0.49431617812499995 0.6737012984375 0.51136764375 0.6461038953125 0.505683821875 0.6209415578125 0.54973344375 0.625 0.6051507140625 0.6298701296875 0.6392536468750001 0.6704545453125 0.6349907796875 0.7094155843750001 0.637832690625 0.7004870125 0.5795735140625 0.6956168828125 0.5667849140625 0.6891233765625 0.519893378125
1 0.7621753250000001 0.6179393140625 0.7548701296875 0.59378306875 0.7540584421875 0.5554172687500001 0.7524350656250001 0.5355238890625 0.716720778125 0.600887846875 0.7045454546875 0.586678290625 0.710227271875 0.640674603125 0.7362012984375 0.64493746875 0.7629870125 0.637832690625 0.7621753250000001 0.6179393140625
1 0.7784090906250001 0.6293069578125 0.7654220781250001 0.6222021796874999 0.7581168828125 0.6051507140625 0.7613636359375 0.6364117359375 0.766233765625 0.640674603125 0.783279221875 0.6463584250000001 0.8133116890625001 0.63214886875 0.7938311687499999 0.5880992468749999 0.7784090906250001 0.6293069578125