2 0.284777796875 0.45370370312499997 0.2911345703125 0.465608465625 0.299307565625 0.46957671875000007 0.3147454453125 0.44973545000000004 0.3220103296875 0.465608465625 0.33744820937500003 0.460317459375 0.3438049828125 0.44444444375 0.330183325 0.421957671875 0.35016175625 0.45105820156250004 0.35651853125 0.45105820156250004 0.37740507343749996 0.41798941875000006 0.38739429062499997 0.40873015781250005 0.3964753953125 0.445767196875 0.413729496875 0.441798940625 0.43279981875000006 0.43518518593750005 0.43915659218750003 0.43121693125 0.4491458078125 0.4589947078125 0.50908110625 0.4589947078125 0.50908110625 0.43518518593750005 0.5245189859375 0.46825396875 0.5626596296875 0.46957671875000007 0.5826380609374999 0.4629629640625 0.583546171875 0.43386243437500005 0.5962597203125 0.4484126984375 0.6153300421875 0.45105820156250004 0.6280435890625 0.4272486765625 0.6253192578125 0.44444444375 0.6271354796875 0.4735449734375 0.642573359375 0.4986772484375 0.6680004546875 0.4629629640625 0.6707247859375001 0.49338624375 0.6861626656250001 0.5145502640624999 0.697968103125 0.49338624375 0.7088654296875 0.5105820109375 0.7606277312499999 0.4484126984375 0.715222203125 0.45238095312500004 0.6879788875 0.4431216921875 0.645297690625 0.4232804234375 0.6316760312499999 0.421957671875 0.5899029453125 0.41005290937499994 0.5681082921875 0.41005290937499994 0.509989215625 0.40211640312499997 0.471848571875 0.40608465625 0.44369714531250004 0.39417989375 0.36832396875 0.40211640312499997 0.28841023906249996 0.4166666671875 0.24572904218749997 0.40608465625 0.284777796875 0.4365079359375 0.28296157499999997 0.4431216921875 0.284777796875 0.45370370312499997
0 0.697968103125 0.4947089953125 0.6852545546875 0.515873015625 0.6698166750000001 0.49338624375 0.668908565625 0.4629629640625 0.642573359375 0.497354496875 0.6289517 0.477513228125 0.624411146875 0.44444444375 0.6280435890625 0.428571428125 0.61442193125 0.45238095312500004 0.59716783125 0.45105820156250004 0.583546171875 0.4365079359375 0.5817299515625 0.4629629640625 0.56447585 0.46825396875 0.52633520625 0.46957671875000007 0.509989215625 0.4378306875 0.5081729953125 0.4589947078125 0.44823769843749994 0.460317459375 0.43824848125000004 0.43386243437500005 0.3964753953125 0.4470899484375 0.3864861796875 0.4126984125 0.37740507343749996 0.41931217031249995 0.3556104203125 0.45105820156250004 0.3483455359375 0.45238095312500004 0.3438049828125 0.44444444375 0.3356319875 0.460317459375 0.32110221875 0.465608465625 0.313837334375 0.45370370312499997 0.298590046875 0.47068717656250003 0.3201941078125 0.48809523749999995 0.3710483 0.5 0.407372721875 0.5105820109375 0.4818377890625 0.51851851875 0.5236108749999999 0.5264550265625 0.5871786140624999 0.5211640203125001 0.63803280625 0.5211640203125001 0.6779896703125 0.5224867718749999 0.7115897609374999 0.51851851875 0.7624439515625 0.44973545000000004 0.70795731875 0.5105820109375 0.697968103125 0.4947089953125
1 0.43824848125000004 0.42592592500000004 0.4491458078125 0.45767195781250003 0.5009081109375 0.4589947078125 0.5108973265625 0.4431216921875 0.5118054375 0.4007936515625 0.476389125 0.4074074078125 0.43734037031249995 0.396825396875 0.43824848125000004 0.42592592500000004
1 0.5799137296875 0.46957671875000007 0.583546171875 0.43121693125 0.583546171875 0.4074074078125 0.5435893078125 0.41005290937499994 0.5108973265625 0.40211640312499997 0.5127135484374999 0.440476190625 0.521794653125 0.4669312171875 0.54994608125 0.474867725 0.5799137296875 0.46957671875000007
1 0.6344003640625 0.4232804234375 0.586270503125 0.4140211625 0.5844542828125 0.441798940625 0.604432715625 0.45238095312500004 0.6198705953125 0.44444444375 0.6344003640625 0.4232804234375
1 0.6634599015625 0.47883597968749997 0.6761734500000001 0.44444444375 0.630767921875 0.424603175 0.6253192578125 0.45502645468749997 0.6289517 0.47883597968749997 0.6443895796875 0.49338624375 0.6634599015625 0.47883597968749997
1 0.70250865625 0.48677248593750005 0.715222203125 0.45502645468749997 0.6770815609375 0.44444444375 0.668908565625 0.46957671875000007 0.6707247859375001 0.4986772484375 0.6879788875 0.507936509375 0.70250865625 0.48677248593750005
1 0.7551790671874999 0.45370370312499997 0.7161303140624999 0.45502645468749997 0.697968103125 0.48809523749999995 0.7070492078124999 0.5119047625 0.7215789781249999 0.507936509375 0.7551790671874999 0.45370370312499997
1 0.3982916171875 0.445767196875 0.42281060156250005 0.445767196875 0.43734037031249995 0.4272486765625 0.43279981875000006 0.3955026453125 0.38557806875 0.4007936515625 0.3864861796875 0.4232804234375 0.3982916171875 0.445767196875
1 0.3601509734375 0.4484126984375 0.3846699578125 0.398148146875 0.32927521406250004 0.415343915625 0.3483455359375 0.4470899484375 0.3601509734375 0.4484126984375
1 0.3156535546875 0.44973545000000004 0.32110221875 0.46825396875 0.33290765625 0.4629629640625 0.34198876093749997 0.440476190625 0.3274589921875 0.4140211625 0.3056643390625 0.4166666671875 0.3156535546875 0.44973545000000004
1 0.2856859078125 0.45767195781250003 0.296583234375 0.474867725 0.31292922343749996 0.45105820156250004 0.3083886703125 0.415343915625 0.2856859078125 0.41798941875000006 0.2856859078125 0.45767195781250003
1 0.45005391875 0.45370370312499997 0.43734037031249995 0.445767196875 0.44369714531250004 0.5145502640624999 0.47911345625 0.5132275140625 0.480929678125 0.4616402125 0.45005391875 0.45370370312499997
1 0.5199784328125 0.4616402125 0.5136216578125 0.445767196875 0.5054486640625 0.4589947078125 0.480929678125 0.4669312171875 0.4827459 0.5171957671875 0.5172540999999999 0.51984126875 0.5299676484375 0.47222222187499996 0.5199784328125 0.4616402125
1 0.57900561875 0.47089947031249996 0.542681196875 0.4735449734375 0.5272433171875 0.46825396875 0.5227027640624999 0.5 0.5272433171875 0.51984126875 0.5753731765625 0.523809525 0.5817299515625 0.5066137562499999 0.57900561875 0.47089947031249996
1 0.6289517 0.46825396875 0.6198705953125 0.445767196875 0.6153300421875 0.45370370312499997 0.595351609375 0.45502645468749997 0.57900561875 0.47883597968749997 0.5844542828125 0.525132275 0.63803280625 0.5211640203125001 0.6371246953124999 0.5 0.6289517 0.46825396875
1 0.66709234375 0.46428571406249997 0.642573359375 0.4947089953125 0.6344003640625 0.4894179890625 0.6398490265625 0.5211640203125001 0.6779896703125 0.515873015625 0.671632896875 0.48148148125 0.66709234375 0.46428571406249997
1 0.6879788875 0.507936509375 0.6770815609375 0.503968253125 0.6798058921875 0.5211640203125001 0.7088654296875 0.5132275140625 0.6988762140625 0.492063490625 0.6879788875 0.507936509375
1 0.4409728125 0.44444444375 0.4300754859375 0.440476190625 0.4128213859375 0.44444444375 0.395567284375 0.45502645468749997 0.40010783749999995 0.5132275140625 0.445513365625 0.5105820109375 0.43915659218750003 0.47089947031249996 0.4409728125 0.44444444375
1 0.390118621875 0.4325396828125 0.3764969625 0.415343915625 0.3556104203125 0.45502645468749997 0.35379419843750004 0.4986772484375 0.40010783749999995 0.507936509375 0.395567284375 0.44973545000000004 0.390118621875 0.4325396828125
1 0.3465293140625 0.4484126984375 0.3392644296875 0.441798940625 0.32927521406250004 0.477513228125 0.35288608906249996 0.48809523749999995 0.35379419843750004 0.4616402125 0.3556104203125 0.4470899484375 0.3465293140625 0.4484126984375
1 0.31292922343749996 0.44973545000000004 0.302031896875 0.476190475 0.3120211125 0.48809523749999995 0.33199954531250003 0.465608465625 0.32110221875 0.465608465625 0.31292922343749996 0.44973545000000004