2 0.6420657171874999 0.5209933437500001 0.6168543234375 0.5295272234375 0.5945744890625 0.5355009390625 0.5494285062500001 0.5427547359375 0.51073195 0.5423280421875 0.477312196875 0.5410479609375 0.43744301874999997 0.5329407749999999 0.41164531406249993 0.5325140796875 0.4380293296875 0.5410479609375 0.44330613281250003 0.5423280421875 0.4474103140625 0.5461682890625 0.45796391875 0.5453148999999999 0.46617227968749997 0.5521420046875 0.48141637656249997 0.5547021671875 0.48552055781250003 0.5585424140625 0.504282525 0.5593958015625 0.5083867046874999 0.5551288624999999 0.5148361312499999 0.5589691078125 0.5459106375 0.5602491890625 0.5494285062500001 0.5555555546875001 0.5570505546875 0.5589691078125 0.589883996875 0.5538487796875 0.5910566203125 0.5474483703125 0.5951608 0.5487284515625 0.6098185859374999 0.5461682890625 0.614509078125 0.539341184375 0.6174406359375 0.5410479609375 0.6297531765625 0.5406212671875 0.6367889124999999 0.5286738343749999 0.637375225 0.5320873875000001 0.6473425203125001 0.5316606937499999 0.6514466999999999 0.5218467328124999 0.6561371921875 0.5265403656250001 0.6625866171875 0.5209933437500001 0.6649318625 0.514166240625 0.6795896499999999 0.50947260625 0.68310751875 0.503072196875 0.6696223546875 0.5098993 0.6420657171874999 0.5209933437500001
0 0.6579643015625 0.5250518984375 0.66903604375 0.5184331796875 0.680762271875 0.5098993 0.6842801406250001 0.503072196875 0.677244403125 0.5111793828125 0.6649318625 0.514166240625 0.6625866171875 0.52056665 0.6579643015625 0.5250518984375
0 0.648109234375 0.5307088375 0.6526193218749999 0.5282471421875 0.657079990625 0.525580540625 0.6508603890625 0.52270011875 0.648109234375 0.5307088375
0 0.44271982187500003 0.5427547359375 0.411059003125 0.5329407749999999 0.44271982187500003 0.5508619218749999 0.46558596874999997 0.5568356375 0.48258900000000005 0.55811571875 0.48486224375000003 0.5584725453125 0.48141637656249997 0.5551288624999999 0.46558596874999997 0.5521420046875 0.45737760781250003 0.5453148999999999 0.44682400156249996 0.5461682890625 0.44271982187500003 0.5427547359375
0 0.6303394875 0.539341184375 0.6168543234375 0.5406212671875 0.614509078125 0.5397678781249999 0.6104048984375 0.5457415937500001 0.5963334234375 0.5491551453125 0.5922292437500001 0.5478750640625 0.5892976859375 0.5534220859375 0.5570505546875 0.5593958015625 0.5506011296875 0.55598225 0.54649695 0.5598224953125001 0.5148361312499999 0.5593958015625 0.508973015625 0.5555555546875001 0.504282525 0.5589691078125 0.4853683421875 0.5585519875 0.512490884375 0.562809353125 0.5599821140625 0.5606758828125 0.6045417828125 0.5500085343750001 0.63385735625 0.5384877968749999 0.64708454375 0.531268134375 0.637375225 0.5316606937499999 0.636202603125 0.5291005296875 0.6303394875 0.539341184375
1 0.6514466999999999 0.5239802015625 0.6584824375 0.5252602828125 0.667277109375 0.5128861578125 0.6526193218749999 0.5167264046875 0.6514466999999999 0.5239802015625
1 0.637375225 0.5316606937499999 0.646169896875 0.5320873875000001 0.6514466999999999 0.51928656875 0.636202603125 0.5231268140625 0.6350299796875001 0.5278204468750001 0.637375225 0.5316606937499999
1 0.6180269468749999 0.5423280421875 0.6303394875 0.5406212671875 0.636202603125 0.5252602828125 0.615095390625 0.5320873875000001 0.6133364546875 0.5397678781249999 0.6180269468749999 0.5423280421875
1 0.6180269468749999 0.5308073046875 0.593401865625 0.538061103125 0.589883996875 0.5478750640625 0.5998512921875 0.550435228125 0.61275014375 0.54488820625 0.6180269468749999 0.5308073046875
1 0.5494285062500001 0.5551288624999999 0.552946375 0.5589691078125 0.5746399 0.5564089437499999 0.5887113734375 0.5521420046875 0.5922292437500001 0.5367810203125 0.579330390625 0.5389144906250001 0.548255884375 0.5440348171875 0.5494285062500001 0.5551288624999999
1 0.51073195 0.5568356375 0.5148361312499999 0.5606758828125 0.5394612125 0.5598224953125001 0.548255884375 0.5568356375 0.548255884375 0.543608125 0.5119045734375 0.5427547359375 0.5083867046874999 0.54488820625 0.51073195 0.5568356375
1 0.48669318125 0.5593958015625 0.504282525 0.5585424140625 0.51073195 0.55598225 0.51073195 0.543608125 0.48317531249999995 0.5410479609375 0.4820026890625 0.5542754734375 0.48669318125 0.5593958015625
1 0.46617227968749997 0.5525686984375 0.4820026890625 0.5547021671875 0.4820026890625 0.5410479609375 0.46206810000000004 0.5384877968749999 0.4614817875 0.5495818406249999 0.46617227968749997 0.5525686984375
1 0.44975555937499995 0.5470216765625 0.4562049859375 0.5457415937500001 0.46089547656249996 0.5384877968749999 0.4438924453125 0.5376344078125 0.44447875625 0.54488820625 0.44975555937499995 0.5470216765625
1 0.4263031 0.5363543265625 0.42571678906250005 0.5419013484375 0.43978826406250004 0.5474483703125 0.44037457656249995 0.5431814296875 0.4345114609375 0.5384877968749999 0.4263031 0.5363543265625
1 0.4415471984375 0.5410479609375 0.43861564062499997 0.5478750640625 0.4562049859375 0.5551288624999999 0.460309165625 0.5461682890625 0.44975555937499995 0.5470216765625 0.4415471984375 0.5410479609375
1 0.6303394875 0.5397678781249999 0.643238340625 0.5337941625 0.636202603125 0.5312339984375 0.6303394875 0.5397678781249999
1 0.6485151421875 0.5299539171875 0.6561371921875 0.5252602828125 0.6502740765625 0.5239802015625 0.6485151421875 0.5299539171875