2 0.697240259375 0.38987574999999997 0.5998376624999999 0.43233329375 0.5381493500000001 0.44162087968749997 0.46672077968750003 0.43764048593749993 0.39204545625 0.42171890312500004 0.2970779234375 0.3951829421875 0.35227272656249997 0.4310064953125 0.3612013 0.44692807187500005 0.38149350625 0.45488886093750003 0.3912337671875 0.45886925468750006 0.39772727343750003 0.48407842343749996 0.4212662328125 0.4907124140625 0.433441559375 0.49601960624999997 0.44318181718750005 0.5066339906249999 0.45941558593750004 0.5092875859375 0.47402597343749997 0.5119411828125 0.48863636406250005 0.493366009375 0.5016233765625 0.514594778125 0.5227272734375 0.5185751734374999 0.5616883125000001 0.5092875859375 0.565746753125 0.497346403125 0.5681818171875 0.50398039375 0.5876623375000001 0.5119411828125 0.6428571437499999 0.489385615625 0.6485389625 0.464176446875 0.6517857140625 0.47346403437499995 0.6915584406249999 0.4535620625 0.6964285703125 0.42569930312500004 0.7118506499999999 0.43631368750000005 0.729707790625 0.42835289843749996 0.7394480531250001 0.379261365625 0.7516233765625 0.392529346875 0.7629870125 0.38854895156249997 0.76704545625 0.3513986015625 0.7832792203125 0.3593593890625 0.8011363640625 0.3195554421875 0.82954545625 0.290365884375 0.8003246765625001 0.3089410578125 0.7524350640625 0.34741820625000003 0.697240259375 0.38987574999999997
0 0.8279220765625 0.290365884375 0.8003246765625001 0.31822864375000004 0.783708746875 0.3583229375 0.8279220765625 0.290365884375
0 0.7686688328125 0.3527253984375 0.7637986999999999 0.3845685578125 0.7516233765625 0.3912025484375 0.7394480531250001 0.3805881640625 0.7305194796875 0.42304570156250004 0.7126623375000001 0.43498688906250005 0.697240259375 0.42569930312500004 0.690746753125 0.4535620625 0.6525974031249999 0.47346403437499995 0.6485389625 0.4628496484375 0.6436688328125 0.4880588171875 0.5836038968749999 0.510614384375 0.5649350640625 0.4986732015625 0.5600649359375 0.5092875859375 0.520292209375 0.52122876875 0.49512987031250005 0.5185751734374999 0.48863636406250005 0.493366009375 0.47402597343749997 0.514594778125 0.458587596875 0.512548634375 0.48295454375 0.519901971875 0.5397727265625 0.5225555671875 0.5633116874999999 0.5252091640625001 0.6298701296875 0.502653596875 0.6745129875 0.476117634375 0.7159090906250001 0.442947678125 0.7508116874999999 0.40447052812499995 0.7735389625 0.3739541734375 0.78309025 0.3592735859375 0.7686688328125 0.3527253984375
0 0.3887987 0.49601960624999997 0.43019480625 0.50398039375 0.4417467734375 0.5074664906249999 0.43262987031250005 0.49469280781249997 0.39772727343750003 0.482751625 0.3887987 0.46019605312499995 0.35795454375 0.4456012734375 0.35064934999999997 0.42967969687499996 0.2930194796875 0.39385614375 0.34496753281250003 0.46019605312499995 0.3887987 0.49601960624999997
1 0.4991883125 0.5159215765625 0.509740259375 0.52122876875 0.5478896125 0.514594778125 0.5665584406249999 0.5092875859375 0.5665584406249999 0.44029408124999997 0.4870129875 0.44162087968749997 0.4870129875 0.497346403125 0.4991883125 0.5159215765625
1 0.6517857140625 0.41641171093749996 0.615259740625 0.4270261015625 0.5673701296875 0.438967284375 0.5673701296875 0.4920392109375 0.5714285703125 0.5079607890625 0.5819805203125 0.514594778125 0.6168831171875 0.502653596875 0.6428571437499999 0.4907124140625 0.6485389625 0.456215659375 0.6517857140625 0.41641171093749996
1 0.6996753234375 0.42039210625 0.7021103875 0.3819149609375 0.6574675328125 0.409777721875 0.6493506499999999 0.46683004375000003 0.6607142859375 0.47081043749999996 0.6883116874999999 0.456215659375 0.6996753234375 0.42039210625
1 0.740259740625 0.3845685578125 0.7418831171875 0.3606861875 0.6980519468749999 0.387222153125 0.6980519468749999 0.42835289843749996 0.7126623375000001 0.438967284375 0.7272727265625 0.42967969687499996 0.740259740625 0.3845685578125
1 0.7654220765625 0.367320178125 0.7727272734375 0.32618943749999996 0.7426948062500001 0.35670579375 0.7394480531250001 0.379261365625 0.7540584406249999 0.3912025484375 0.7605519468749999 0.3912025484375 0.7654220765625 0.367320178125
1 0.7784090906250001 0.32220904375 0.7735389625 0.354052196875 0.7849025968750001 0.3620129859375 0.7987013000000001 0.323535840625 0.7987013000000001 0.30761425937500003 0.7784090906250001 0.32220904375
1 0.43262987031250005 0.49601960624999997 0.43993506406250005 0.510614384375 0.4748376625 0.5132679812500001 0.4862013 0.4986732015625 0.4862013 0.43631368750000005 0.4537337671875 0.43233329375 0.43506493593749995 0.43498688906250005 0.43262987031250005 0.49601960624999997
1 0.396103896875 0.482751625 0.41883116718749996 0.4880588171875 0.43181818281249995 0.489385615625 0.433441559375 0.43233329375 0.395292209375 0.4190653078125 0.3896103875 0.43233329375 0.396103896875 0.482751625
1 0.3701298703125 0.4535620625 0.3863636359375 0.44692807187500005 0.3879870125 0.4190653078125 0.35795454375 0.41641171093749996 0.35795454375 0.442947678125 0.3701298703125 0.4535620625
1 0.3238636359375 0.44162087968749997 0.34740259687499997 0.468156840625 0.35064934999999997 0.44162087968749997 0.34415584374999997 0.42304570156250004 0.323051946875 0.4190653078125 0.3238636359375 0.44162087968749997
1 0.3530844140625 0.442947678125 0.35064934999999997 0.468156840625 0.3839285703125 0.493366009375 0.3896103875 0.4694836390625 0.3774350640625 0.46019605312499995 0.3530844140625 0.442947678125
1 0.7378246765625 0.3819149609375 0.7321428562500001 0.42304570156250004 0.7451298703125 0.409777721875 0.75649350625 0.3951829421875 0.7378246765625 0.3819149609375
1 0.7686688328125 0.34741820625000003 0.7646103875 0.38589535625 0.7735389625 0.371300571875 0.7808441562499999 0.3606861875 0.7686688328125 0.34741820625000003
1 0.495941559375 0.5225555671875 0.4870129875 0.49469280781249997 0.47564935 0.5159215765625 0.495941559375 0.5225555671875