2 0.6026785718750001 0.3448633296875 0.5844155843750001 0.348337684375 0.4863365796875 0.3529701578125 0.39705086562499997 0.3518120390625 0.3239989171875 0.3344402640625 0.235389609375 0.34023085468750003 0.1799242421875 0.3355983828125 0.1298701296875 0.3217009625 0.12040043281249999 0.33096590937500003 0.1332521640625 0.3552863953125 0.1731601734375 0.3599188671875 0.2008928578125 0.3796068796875 0.2299783546875 0.4062436015625 0.23471320312500002 0.403927365625 0.2455357140625 0.45141021718749996 0.29017857187499996 0.4085598375 0.3125 0.456042690625 0.3517316015625 0.4618332828125 0.3679653671875 0.42477349531249997 0.3747294375 0.4815212953125 0.43222402656250003 0.48962812343750006 0.4701028140625 0.48731188437500006 0.47416125625000005 0.47109822812499996 0.48430735937499997 0.49773495156249997 0.549242425 0.506999896875 0.5762987015625 0.4942605953125 0.58779761875 0.454884571875 0.6040313859374999 0.475730703125 0.6337932890625 0.473414465625 0.659496753125 0.44214527031250006 0.6696428578125 0.410876075 0.6824945890625 0.4572008078125 0.7102272734375 0.46414951875000005 0.7203733765625 0.4340384421875 0.728490259375 0.4143504296875 0.73187229375 0.3969786546875 0.7325487015625 0.42593161406249996 0.7487824671875 0.4143504296875 0.75622294375 0.3888718265625 0.8265692640625 0.3390727375 0.7609577921875 0.3437052109375 0.7068452390625 0.354128275 0.6635551953125 0.3448633296875 0.6026785718750001 0.3448633296875
0 0.7711038953125 0.4085598375 0.8272456703125 0.34023085468750003 0.7555465359375 0.3888718265625 0.749458875 0.41203419375 0.73187229375 0.42477349531249997 0.7311958875 0.3981367734375 0.709550865625 0.46414951875000005 0.6811417750000001 0.456042690625 0.6696428578125 0.4131923125 0.656791125 0.44677774374999996 0.6297348484375 0.475730703125 0.60606060625 0.4768888203125 0.5891504328125 0.4583589265625 0.5769751078125 0.4942605953125 0.5499188312500001 0.506999896875 0.48363095312500004 0.49889306875 0.4734848484375 0.47225634687499995 0.4694264078125 0.490786240625 0.3984036796875 0.48731188437500006 0.37540584374999997 0.48383753125 0.3679653671875 0.4317222046875 0.352408009375 0.46299140000000005 0.309117965625 0.4572008078125 0.2895021640625 0.41203419375 0.24621212187500002 0.452568334375 0.23403679687499998 0.4074017203125 0.22930194843749999 0.4085598375 0.1731601734375 0.3599188671875 0.1332521640625 0.354128275 0.1488095234375 0.39234618125 0.21442099531249997 0.46878199218749994 0.2834145015625 0.5243716734375 0.34970238125 0.564905815625 0.459185565625 0.584336915625 0.5154220781250001 0.578803234375 0.5857683984375 0.564905815625 0.656791125 0.530162265625 0.7000811687499999 0.4942605953125 0.73795995625 0.46067516406250003 0.7711038953125 0.4085598375
1 0.48944805156250004 0.5041692249999999 0.5771103906249999 0.5013897421875 0.5892857140625 0.4583077390625 0.58198051875 0.3526873453125 0.48133116875 0.3568565734375 0.47564935 0.38326167031249997 0.47646103906250004 0.49166154687499997 0.48944805156250004 0.5041692249999999
1 0.6631493500000001 0.4193949640625 0.6631493500000001 0.3526873453125 0.6063311687499999 0.3457386359375 0.5876623375000001 0.38326167031249997 0.5876623375000001 0.45552825468749997 0.6014610390625 0.476374384375 0.64448051875 0.468035934375 0.6631493500000001 0.4193949640625
1 0.7175324671875 0.4388513515625 0.7272727265625 0.4235641890625 0.7378246749999999 0.365195025 0.6704545453125 0.35963605625 0.6655844156249999 0.3610257984375 0.6655844156249999 0.418005221875 0.6899350640625 0.45552825468749997 0.7150974031249999 0.46664619218750003 0.7175324671875 0.4388513515625
1 0.7581168828125 0.377702703125 0.733766234375 0.39854883281250003 0.7370129875 0.4263436734375 0.7475649359375 0.412446253125 0.7581168828125 0.377702703125
1 0.7272727265625 0.43329238437499995 0.7297077921875 0.4708154171875 0.75649350625 0.4263436734375 0.7483766234375 0.42912315625 0.7272727265625 0.43329238437499995
1 0.671266234375 0.476374384375 0.6785714281249999 0.506948709375 0.7077922078125 0.48471283749999994 0.7029220781250001 0.47359490156249995 0.6696428578125 0.43190264218749996 0.671266234375 0.476374384375
1 0.6233766234375 0.4805436125 0.6371753250000001 0.543082003125 0.6655844156249999 0.512507678125 0.6655844156249999 0.42912315625 0.6469155843750001 0.46386670781249995 0.6233766234375 0.4805436125
1 0.5754870125 0.502779484375 0.5535714281249999 0.5097281953125 0.5608766234375 0.5694871015625 0.5884740265625 0.5611486484375 0.6038961046875 0.48610257968750004 0.5868506499999999 0.45552825468749997 0.5754870125 0.502779484375
1 0.5 0.5833845203125 0.516233765625 0.581994778125 0.5340909093749999 0.506948709375 0.490259740625 0.5055589671875 0.5 0.5833845203125
1 0.47077922031249997 0.476374384375 0.465909090625 0.49444103281249996 0.41801948125 0.49583077500000006 0.434253246875 0.5778255531250001 0.46185065 0.5736563265625 0.4748376625 0.5208461296875 0.478084415625 0.49305129062499997 0.47077922031249997 0.476374384375
1 0.375 0.4791538703125 0.365259740625 0.427733415625 0.35470779218750004 0.45969748125 0.379058440625 0.562538390625 0.40665584375 0.4986102578125 0.389610390625 0.49305129062499997 0.375 0.4791538703125
1 0.30194805156250004 0.437461609375 0.29301948125 0.422174446875 0.28246753281250003 0.5180666453125 0.308441559375 0.543082003125 0.34334415625000003 0.46525645000000004 0.31980519531249996 0.46108722343749997 0.30194805156250004 0.437461609375
1 0.27435065000000003 0.46664619218750003 0.28327922031249997 0.4235641890625 0.254058440625 0.45274877187499996 0.2418831171875 0.4263436734375 0.23051948125 0.4110565109375 0.21915584375 0.45413851406249994 0.221590909375 0.4791538703125 0.234577921875 0.49166154687499997 0.25568181874999996 0.49305129062499997 0.27435065000000003 0.46664619218750003
1 0.228084415625 0.4166154796875 0.2012987015625 0.399938575 0.1899350640625 0.427733415625 0.1899350640625 0.4458000609375 0.21185065 0.468035934375 0.21834415625 0.456917996875 0.228084415625 0.4166154796875
1 0.2012987015625 0.399938575 0.197240259375 0.3735334765625 0.17532467499999999 0.37075399375 0.16883116874999998 0.3512976046875 0.1542207796875 0.397159090625 0.18100649375 0.4305128984375 0.1858766234375 0.4207847046875 0.2012987015625 0.399938575
1 0.38879870156249996 0.49305129062499997 0.409902596875 0.49305129062499997 0.46428571406249997 0.49444103281249996 0.46996753281250003 0.47359490156249995 0.47402597343749997 0.4819333546875 0.47402597343749997 0.381871928125 0.4626623375 0.3512976046875 0.3766233765625 0.34851812031249996 0.3668831171875 0.36797450781249996 0.36850649375 0.40549754374999997 0.36769480468750004 0.434682125 0.3766233765625 0.477764128125 0.38879870156249996 0.49305129062499997
1 0.34334415625000003 0.46386670781249995 0.3538961046875 0.456917996875 0.36607142812500004 0.42912315625 0.3668831171875 0.3735334765625 0.35308441562500004 0.3512976046875 0.29870129843750004 0.34712837812499997 0.29545454531250004 0.42495393124999997 0.31980519531249996 0.46108722343749997 0.34334415625000003 0.46386670781249995
1 0.253246753125 0.45135902968749997 0.27922077968750003 0.4235641890625 0.29058441562500004 0.4207847046875 0.296266234375 0.34851812031249996 0.2264610390625 0.34851812031249996 0.2297077921875 0.40827702656250003 0.2418831171875 0.4235641890625 0.253246753125 0.45135902968749997
1 0.2288961046875 0.41522573593749995 0.22564935 0.3512976046875 0.196428571875 0.33740018437499997 0.197240259375 0.37492321875 0.202922078125 0.39854883281250003 0.2288961046875 0.41522573593749995