2 0.495432140625 0.590233090625 0.4792676953125 0.5898755890625 0.463528628125 0.5888030890625 0.43885657812499995 0.5845130843749999 0.4061023046875 0.5830830828125 0.38355715625000003 0.578435578125 0.3669673296875 0.575575575 0.3793033546875 0.5837980843749999 0.389087096875 0.5927355921874999 0.39929622187499997 0.5884455890625 0.403975403125 0.5941655953125 0.4107814875 0.590233090625 0.41843832968749994 0.5941655953125 0.431625115625 0.5859430859375 0.43630429687500005 0.585585584375 0.43587891718750005 0.5916630921875 0.4431103796875 0.596310596875 0.45799868593750004 0.597025596875 0.4605509671875 0.59345059375 0.4643793890625 0.6020306015625 0.4937306203125 0.602745603125 0.495857521875 0.5980980984375 0.49926056250000006 0.6038181046875 0.5115965874999999 0.6070356078125 0.52648489375 0.6048906046875 0.529037175 0.597025596875 0.53584325625 0.5980980984375 0.5426493406249999 0.5991705984375 0.547753903125 0.5973830984374999 0.55328384375 0.6048906046875 0.5579630265625 0.60596310625 0.567321390625 0.5973830984374999 0.57072443125 0.6041756046875 0.5762543734375 0.6045331046875 0.582209696875 0.596668096875 0.58518735625 0.6002430999999999 0.6111355484375001 0.5866580859375 0.5656198703124999 0.5916630921875 0.5298879359375 0.590590590625 0.5035143640624999 0.590948090625 0.495432140625 0.590233090625
0 0.6119863078125001 0.5866580859375 0.58518735625 0.5998856 0.582209696875 0.596668096875 0.5766797546875 0.6041756046875 0.5702990515625 0.6041756046875 0.566896009375 0.5973830984374999 0.55838840625 0.60596310625 0.5520077031249999 0.6052481046875 0.547753903125 0.5977405984375 0.542223959375 0.5991705984375 0.5298879359375 0.597025596875 0.52648489375 0.6048906046875 0.5107458265625 0.6073931078125 0.49968594375000003 0.6041756046875 0.495857521875 0.5984555984375 0.494156 0.602745603125 0.46480476875 0.602745603125 0.4605509671875 0.5941655953125 0.45842406562500004 0.5959530953125001 0.442685 0.596668096875 0.43587891718750005 0.5916630921875 0.43502815625 0.5870155875 0.431625115625 0.5859430859375 0.41886370937499995 0.59380809375 0.4112068671875 0.590590590625 0.4035500234375 0.5941655953125 0.39929622187499997 0.5891605890625 0.3898326015625 0.592474534375 0.396743940625 0.5973830984374999 0.434177396875 0.6131131125 0.46182710781249997 0.6174031171875 0.494156 0.6206206203125 0.5022382234375 0.620978121875 0.529037175 0.61919061875 0.5549853640625 0.614543115625 0.5613660671875 0.6131131125 0.5720005718750001 0.6081081078125 0.5860381171875 0.6038181046875 0.6119863078125001 0.5866580859375
1 0.46033659687500006 0.5925925921874999 0.46078628281249995 0.599017384375 0.46573284687500005 0.6024187453125001 0.488666915625 0.60355253125 0.4949625421875 0.600151171875 0.4954122296875 0.5907029484375 0.4810222265625 0.5895691609375 0.46033659687500006 0.5873015875 0.46033659687500006 0.5925925921874999
1 0.5291388 0.604308390625 0.5295884890625 0.5914588046875 0.5102519203125 0.5910808765625 0.4954122296875 0.5895691609375 0.4963116046875 0.6005290999999999 0.5039562937500001 0.60468631875 0.515648171875 0.606198034375 0.5291388 0.604308390625
1 0.5286891125000001 0.5907029484375 0.5295884890625 0.5967498109375 0.5376828640625 0.600151171875 0.55072380625 0.5925925921874999 0.5286891125000001 0.5907029484375
1 0.5709597484375 0.5922146640625 0.55072380625 0.5925925921874999 0.5471263046875 0.5978835984375 0.55432130625 0.6050642484375001 0.5561200562499999 0.607331821875 0.5709597484375 0.5922146640625
1 0.5732081859375 0.5910808765625 0.566912559375 0.5978835984375 0.5723088109375001 0.604308390625 0.5880478765625 0.5907029484375 0.5732081859375 0.5910808765625
1 0.591195690625 0.588813303125 0.5831013140625 0.5986394546875 0.587598190625 0.6009070296875 0.60783413125 0.587679515625 0.591195690625 0.588813303125
1 0.4459465921875 0.5967498109375 0.4585378453125 0.5944822375000001 0.4585378453125 0.587679515625 0.43425471406250005 0.5850340140625 0.43695284062499995 0.5944822375000001 0.4459465921875 0.5967498109375
1 0.4203143984375 0.5922146640625 0.4329056515625 0.5846560843749999 0.4063740828125 0.5842781546875 0.414918146875 0.5922146640625 0.4203143984375 0.5922146640625
1 0.40367595625 0.5933484499999999 0.4081728328125 0.5933484499999999 0.41042127031250003 0.5899470906250001 0.40412564375000004 0.5835222984375 0.3951318921875 0.5823885109375 0.3982797046875 0.58919123125 0.40367595625 0.5933484499999999
1 0.3816412640625 0.585789871875 0.38748720312499996 0.591836734375 0.39648095625 0.5880574453125 0.391084703125 0.581254725 0.3816412640625 0.5782312921874999 0.3816412640625 0.585789871875
1 0.391084703125 0.5922146640625 0.39917908125 0.5978835984375 0.40232689375 0.5933484499999999 0.39603126718750004 0.588435375 0.391084703125 0.5922146640625
1 0.4050250203125 0.5993953140625 0.41536783593750004 0.603174603125 0.4180659609375 0.5941043078125 0.41222002187499995 0.5925925921874999 0.40412564375000004 0.5941043078125 0.4050250203125 0.5993953140625
1 0.437852215625 0.5993953140625 0.439201278125 0.594860165625 0.43425471406250005 0.5899470906250001 0.42885846406250006 0.587679515625 0.41761627343749996 0.594860165625 0.4185156484375 0.6065759640625 0.42840877656250004 0.6111111109375 0.437852215625 0.6126228265625 0.437852215625 0.5993953140625
1 0.4580881578125 0.59750566875 0.438751590625 0.5982615265625 0.44055034062500004 0.6137566140625 0.46123597031249997 0.6160241875 0.46033659687500006 0.604308390625 0.4580881578125 0.59750566875
1 0.46528315937500003 0.602796675 0.45988690937500004 0.5978835984375 0.4616856578125 0.61791383125 0.4787737890625 0.61904761875 0.47967316406249993 0.6039304609375 0.46528315937500003 0.602796675
1 0.49676129218750004 0.6024187453125001 0.4945128546875 0.60355253125 0.48192160156249997 0.60355253125 0.48192160156249997 0.620559334375 0.4999091046875 0.62018140625 0.50170785625 0.606198034375 0.49676129218750004 0.6024187453125001
1 0.50215754375 0.606198034375 0.50125816875 0.6209372640625 0.5295884890625 0.618669690625 0.5250916109375 0.6054421765625 0.50215754375 0.606198034375
1 0.5498244296875 0.6016628875000001 0.5471263046875 0.597127740625 0.5331859890625 0.599017384375 0.5259909875 0.6054421765625 0.5313872374999999 0.61904761875 0.55432130625 0.6148904015625 0.55342193125 0.6058201046875 0.5498244296875 0.6016628875000001
1 0.566912559375 0.5986394546875 0.55432130625 0.6065759640625 0.5561200562499999 0.6148904015625 0.5718591234375 0.6077097515625 0.5714094359375 0.6054421765625 0.566912559375 0.5986394546875
1 0.576356 0.60355253125 0.5723088109375001 0.6054421765625 0.5718591234375 0.6088435375000001 0.587148503125 0.6039304609375 0.5808528765625 0.59750566875 0.576356 0.60355253125