1 0.521331753125 0.5765839109375 0.520063603125 0.565730565625 0.5175273015624999 0.561999728125 0.485400825 0.561999728125 0.4837099578125 0.5806539140625 0.487937125 0.5843847515625 0.5141455671874999 0.584045584375 0.521331753125 0.5765839109375
1 0.47990550625 0.5623388953124999 0.4511607640625 0.561999728125 0.4507380484375 0.5698005687500001 0.4507380484375 0.5776014109375 0.4566560828125 0.5816714140625 0.47060573593750005 0.5820105828125001 0.4815963734375 0.5820105828125001 0.484132675 0.5789580796875 0.484132675 0.567087234375 0.47990550625 0.5623388953124999
1 0.54373574375 0.564713065625 0.5424675921875 0.560982228125 0.5264043546875 0.56132139375 0.5204863203125 0.5674264 0.520063603125 0.5776014109375 0.5352814078125 0.580314746875 0.5420448765625 0.5748880749999999 0.54373574375 0.564713065625
1 0.5669851671874999 0.5630172296875 0.5513446453124999 0.5623388953124999 0.5428903109375 0.5636955640625 0.5433130265624999 0.5701397375 0.55726268125 0.5792972453125 0.5636034328124999 0.5714964046875 0.5669851671874999 0.5630172296875
1 0.4287567734375 0.5738705734375 0.4410155609375 0.577940578125 0.4460881625 0.577940578125 0.45031532968750004 0.567087234375 0.44355186093750004 0.56132139375 0.4287567734375 0.56030389375 0.42706590625 0.5691222359375 0.4287567734375 0.5738705734375
1 0.4059300671875 0.565730565625 0.4084663671875 0.57251390625 0.4139616859375 0.5765839109375 0.42664318906250004 0.5701397375 0.4283340578125 0.56030389375 0.4059300671875 0.5606430609374999 0.4059300671875 0.565730565625
1 0.39620758125 0.56030389375 0.396630296875 0.5643738968750001 0.402125615625 0.5698005687500001 0.4071982171875 0.5674264 0.408889084375 0.565730565625 0.40762093281249995 0.561999728125 0.39620758125 0.56030389375
1 0.5750167875 0.5623388953124999 0.56825331875 0.5626780625000001 0.56402615 0.5721747390624999 0.5665624499999999 0.5745489078125 0.5716350515624999 0.5691222359375 0.5750167875 0.5623388953124999
1 0.39113497812500003 0.5650522312499999 0.38690781093750004 0.5606430609374999 0.38268064218750003 0.5684439015625 0.39113497812500003 0.5738705734375 0.39874387968749997 0.5677655671874999 0.39620758125 0.5650522312499999 0.39113497812500003 0.5650522312499999
1 0.4017028984375 0.5708180703125 0.39874387968749997 0.56878306875 0.39451671250000003 0.5714964046875 0.3957848625 0.5769230765625 0.4017028984375 0.5789580796875 0.4071982171875 0.5721747390624999 0.4050846328125 0.56878306875 0.4017028984375 0.5708180703125
1 0.42326145468750004 0.57251390625 0.41438440156249995 0.5762447421875 0.4084663671875 0.5721747390624999 0.40381648124999997 0.5765839109375 0.40466191562500003 0.580314746875 0.4190342875 0.5837064171875 0.4253750390625 0.5762447421875 0.42326145468750004 0.57251390625
1 0.435942959375 0.5782797453125 0.42791133906249995 0.572853071875 0.423684171875 0.586419753125 0.43298394218749997 0.58947225625 0.4431291453125 0.5776014109375 0.435942959375 0.5782797453125
1 0.4587696671875 0.582688915625 0.4511607640625 0.5776014109375 0.4490471796875 0.569461403125 0.4456654453125 0.5789580796875 0.453697065625 0.5935422609375001 0.45707879843750004 0.5901505890625 0.460460534375 0.5837064171875 0.4587696671875 0.582688915625
1 0.4837099578125 0.58099308125 0.4769464890625 0.5816714140625 0.4655331359375 0.5816714140625 0.4714511703125 0.594898928125 0.4794827890625 0.5955772625 0.4849781078125 0.588793921875 0.486668975 0.5830280828125 0.4837099578125 0.58099308125
1 0.4917415765625 0.59422059375 0.4976596125 0.5945597625000001 0.5052685140625 0.5850630859375 0.490050709375 0.5837064171875 0.4917415765625 0.59422059375
1 0.5141455671874999 0.584045584375 0.5086502484375 0.5843847515625 0.5133001328125 0.59422059375 0.520063603125 0.5932030921875 0.5259816374999999 0.5799755796875 0.5192181687499999 0.5786189125 0.5141455671874999 0.584045584375
1 0.5411994421874999 0.5752272421875 0.53401325625 0.580314746875 0.5310542390624999 0.58099308125 0.534858690625 0.588793921875 0.54373574375 0.58574141875 0.5462720437499999 0.5786189125 0.5441584609375 0.5711572375 0.5411994421874999 0.5752272421875
1 0.5466947609374999 0.5847239171874999 0.5492310609375 0.5843847515625 0.5589535484375 0.580314746875 0.5433130265624999 0.5704789031249999 0.547117478125 0.577940578125 0.5466947609374999 0.5847239171874999
1 0.5631807156249999 0.5721747390624999 0.5644488671875 0.5789580796875 0.572903203125 0.5738705734375 0.5703669015624999 0.571835571875 0.5665624499999999 0.574209740625 0.5631807156249999 0.5721747390624999
2 0.48962799375 0.561999728125 0.44651087812499995 0.5599647265625001 0.4050846328125 0.560982228125 0.3856396609375 0.556233890625 0.36999913906250004 0.558608059375 0.38859867812500004 0.5630172296875 0.39282584531250003 0.5650522312499999 0.396630296875 0.5643738968750001 0.40001203125 0.5681047343750001 0.40550735 0.5708180703125 0.40804365000000004 0.5711572375 0.4148071203125 0.5759055765625 0.41945700468749997 0.5748880749999999 0.42622047343749997 0.5701397375 0.432138509375 0.5769230765625 0.43974740937499995 0.577940578125 0.4473563125 0.5776014109375 0.45031532968750004 0.5704789031249999 0.4511607640625 0.5769230765625 0.4545424984375 0.5820105828125001 0.4621514015625 0.5823497484375 0.468492153125 0.582688915625 0.482019090625 0.5813322484375 0.484132675 0.5799755796875 0.4862462578125 0.5830280828125 0.49300972656250003 0.58336725 0.51118655 0.5843847515625 0.51795001875 0.5820105828125001 0.5204863203125 0.57726224375 0.526827071875 0.5799755796875 0.5357041234375 0.5789580796875 0.5420448765625 0.575566409375 0.5424675921875 0.5698005687500001 0.5589535484375 0.5792972453125 0.56402615 0.57251390625 0.5669851671874999 0.5735314078125 0.5724804859375 0.5677655671874999 0.5940390421874999 0.560982228125 0.5733259203125 0.5616605625 0.5344359734374999 0.56132139375 0.48962799375 0.561999728125
0 0.59530719375 0.5606430609374999 0.5720577703124999 0.5674264 0.566139734375 0.5735314078125 0.5636034328124999 0.57251390625 0.5589535484375 0.5796364140625 0.5433130265624999 0.5708180703125 0.5420448765625 0.5759055765625 0.536972275 0.5786189125 0.526827071875 0.580314746875 0.5204863203125 0.577940578125 0.51668186875 0.5830280828125 0.5107638328124999 0.5843847515625 0.4858235421875 0.58336725 0.4837099578125 0.5813322484375 0.46891486875000005 0.582688915625 0.453697065625 0.5820105828125001 0.45158348125 0.5789580796875 0.45031532968750004 0.5711572375 0.44651087812499995 0.577940578125 0.43171579062500004 0.5769230765625 0.42664318906250004 0.5711572375 0.4186115703125 0.5752272421875 0.41438440156249995 0.5759055765625 0.40762093281249995 0.5711572375 0.40550735 0.571835571875 0.39620758125 0.5650522312499999 0.3932485625 0.565730565625 0.3881759609375 0.5633563968749999 0.36915370468750003 0.5592863921875 0.3847942265625 0.569461403125 0.40804365000000004 0.5820105828125001 0.4283340578125 0.588793921875 0.44651087812499995 0.5935422609375001 0.4646877015625 0.5952380953125 0.4849781078125 0.5962555968750001 0.5192181687499999 0.5928639265625 0.5509219296875 0.58574141875 0.5716350515624999 0.5759055765625 0.59530719375 0.5606430609374999